"Date","Open","High","Low","Close","Volume","OpenInt"
12/11/1998,598.00,598.00,598.00,598.00,1,1
12/14/1998,592.00,593.00,592.00,593.00,2,3
12/15/1998,594.00,594.00,594.00,594.00,0,3
12/16/1998,594.00,594.00,594.00,594.00,1,4
12/17/1998,587.00,587.00,587.00,587.00,0,4
12/18/1998,583.50,583.50,583.00,583.00,4,8
12/21/1998,584.00,584.00,580.00,583.00,3,11
12/22/1998,581.00,581.00,581.00,581.00,0,11
12/23/1998,580.00,580.00,580.00,580.00,0,11
12/24/1998,583.00,583.00,583.00,583.00,0,11
12/28/1998,575.00,575.00,575.00,575.00,8,19
12/29/1998,574.50,574.50,574.50,574.50,1,20
12/30/1998,572.00,572.00,572.00,572.00,0,20
12/31/1998,566.50,567.50,566.50,567.00,0,20
01/04/1999,576.00,576.00,576.00,576.00,0,20
01/05/1999,578.00,579.00,578.00,578.00,2,22
01/06/1999,580.00,584.00,580.00,583.50,19,32
01/07/1999,581.00,581.00,581.00,581.00,3,33
01/08/1999,583.50,586.00,583.50,586.00,13,35
01/11/1999,580.00,580.00,580.00,580.00,2,32
01/12/1999,568.00,568.00,567.50,567.50,5,37
01/13/1999,563.50,563.50,560.00,560.50,10,47
01/14/1999,561.00,561.00,561.00,561.00,0,47
01/15/1999,560.00,561.50,560.00,560.00,3,48
01/19/1999,554.00,554.50,554.00,554.50,20,67
01/20/1999,556.00,558.50,556.00,558.00,4,52
01/21/1999,561.00,561.00,561.00,561.00,1,53
01/22/1999,561.00,561.00,558.00,558.50,7,54
01/25/1999,550.00,550.00,548.00,550.00,10,59
01/26/1999,550.00,551.50,547.00,547.00,20,74
01/27/1999,547.00,548.00,544.00,544.00,24,91
01/28/1999,543.00,543.50,542.00,542.00,10,87
01/29/1999,543.00,546.00,543.00,543.00,33,135
02/01/1999,543.00,543.00,541.00,542.50,7,135
02/02/1999,545.00,547.50,544.00,547.50,114,236
02/03/1999,550.00,553.00,543.50,543.50,9,242
02/04/1999,541.50,545.00,541.50,545.00,7,246
02/05/1999,549.50,549.50,549.50,549.50,0,245
02/08/1999,550.50,550.50,545.50,545.50,3,248
02/09/1999,541.00,542.00,539.50,539.50,9,251
02/10/1999,540.00,540.00,535.00,537.00,3,251
02/11/1999,538.50,540.50,535.00,535.00,19,258
02/12/1999,534.00,535.50,532.50,532.50,13,265
02/16/1999,531.50,531.50,530.00,530.00,12,264
02/17/1999,526.00,530.00,526.00,530.00,9,274
02/18/1999,530.00,530.00,527.00,527.50,130,205
02/19/1999,523.00,523.00,522.00,522.00,13,200
02/22/1999,515.50,516.00,509.00,515.25,82,216
02/23/1999,517.00,519.00,517.00,517.00,29,226
02/24/1999,507.50,507.50,503.00,503.50,66,264
02/25/1999,501.00,504.50,501.00,502.50,8,265
02/26/1999,502.00,503.50,501.00,502.00,48,298
03/01/1999,504.00,508.00,503.00,506.75,10,298
03/02/1999,507.00,513.50,506.50,513.50,65,304
03/03/1999,511.00,512.50,511.00,511.50,3,304
03/04/1999,511.00,515.50,511.00,511.00,16,313
03/05/1999,503.50,507.00,502.00,507.00,24,320
03/08/1999,511.50,514.50,510.50,514.00,5,315
03/09/1999,515.00,518.00,512.50,514.00,18,327
03/10/1999,509.50,516.00,509.50,516.00,9,326
03/11/1999,513.00,517.00,513.00,517.00,8,338
03/12/1999,512.00,512.00,511.00,512.00,24,340
03/15/1999,508.00,509.50,508.00,509.50,2,338
03/16/1999,511.00,519.00,510.00,519.00,2,340
03/17/1999,521.00,528.50,521.00,521.00,172,489
03/18/1999,521.00,524.50,520.00,523.50,12,471
03/19/1999,523.50,529.50,523.50,529.50,21,472
03/22/1999,530.00,539.50,530.00,539.50,14,480
03/23/1999,534.50,537.00,533.00,534.00,36,504
03/24/1999,537.75,540.00,527.00,528.00,34,534
03/25/1999,525.50,537.00,525.50,537.00,31,557
03/26/1999,536.00,541.00,535.00,537.00,25,578
03/29/1999,532.00,535.50,530.00,535.50,26,587
03/30/1999,537.00,541.00,536.00,541.00,20,605
03/31/1999,543.00,543.00,526.00,526.00,15,586
04/01/1999,526.00,527.50,520.00,526.00,28,582
04/05/1999,527.00,529.00,525.00,526.00,38,617
04/06/1999,521.00,522.50,521.00,522.00,6,617
04/07/1999,516.50,523.00,516.00,523.00,8,624
04/08/1999,520.00,523.50,520.00,521.50,10,626
04/09/1999,523.00,523.00,522.00,523.00,4,627
04/12/1999,524.25,526.00,521.50,523.00,164,784
04/13/1999,523.75,526.50,523.75,526.50,7,785
04/14/1999,530.00,536.50,530.00,532.25,25,809
04/15/1999,533.75,534.50,532.50,534.50,1,808
04/16/1999,533.50,534.00,530.00,531.50,22,809
04/19/1999,531.00,532.50,529.25,532.25,6,812
04/20/1999,536.00,539.50,536.00,539.50,59,829
04/21/1999,536.50,538.50,535.00,538.50,82,892
04/22/1999,540.00,540.50,526.00,527.50,27,917
04/23/1999,527.50,529.50,525.00,529.50,3,898
04/26/1999,522.50,524.00,522.50,524.00,27,885
04/27/1999,525.00,525.50,521.00,521.75,88,947
04/28/1999,520.00,522.50,518.00,522.50,56,1003
04/29/1999,522.50,522.50,517.50,519.00,4,1001
04/30/1999,519.00,520.00,516.00,520.00,5,1002
05/03/1999,518.00,520.50,518.00,520.50,4,1005
05/04/1999,521.50,522.50,519.00,520.75,160,969
05/05/1999,517.00,518.00,515.00,517.50,5,970
05/06/1999,515.00,515.50,515.00,515.25,3,973
05/07/1999,513.50,513.50,508.50,509.50,168,1078
05/10/1999,509.00,511.00,507.00,511.00,2,1076
05/11/1999,508.50,510.50,508.50,510.50,4,1079
05/12/1999,508.00,511.50,507.50,508.50,214,1183
05/13/1999,506.00,506.00,503.50,503.50,62,1191
05/14/1999,501.00,503.00,499.50,501.50,20,1195
05/17/1999,501.50,503.00,501.50,502.75,3,1198
05/18/1999,499.50,505.50,496.50,505.50,6,1203
05/19/1999,504.00,505.00,500.50,500.50,68,1223
05/20/1999,500.50,501.00,497.50,499.75,54,1265
05/21/1999,495.00,497.00,493.50,493.75,30,1289
05/24/1999,489.50,489.50,482.50,487.50,161,1293
05/25/1999,486.00,490.50,486.00,490.50,44,1293
05/26/1999,488.50,490.00,486.00,486.50,154,1144
05/27/1999,486.00,487.50,485.50,487.25,12,1152
05/28/1999,492.00,496.00,491.50,491.75,50,1171
06/01/1999,484.00,487.50,483.50,487.50,40,1179
06/02/1999,487.25,487.50,483.00,487.25,66,1174
06/03/1999,491.50,497.00,490.00,494.00,130,1140
06/04/1999,494.00,496.00,492.50,492.50,36,1139
06/07/1999,500.00,502.00,498.00,499.00,64,1149
06/08/1999,495.50,501.00,495.50,499.50,69,1095
06/09/1999,498.00,504.00,494.25,499.75,347,1343
06/10/1999,499.00,499.00,495.50,495.75,57,1345
06/11/1999,496.00,498.00,493.00,497.50,28,1347
06/14/1999,491.75,498.00,491.00,498.00,14,1349
06/15/1999,494.50,495.50,488.50,489.50,119,1354
06/16/1999,490.50,490.50,486.00,488.00,169,1233
06/17/1999,492.00,492.00,487.00,487.50,186,1249
06/18/1999,495.50,500.00,493.50,499.75,53,1246
06/21/1999,495.00,497.00,492.50,496.50,57,1266
06/22/1999,495.50,496.00,491.50,492.00,55,1300
06/23/1999,491.50,493.00,487.50,488.50,27,1313
06/24/1999,481.00,481.50,475.00,480.00,361,1550
06/25/1999,480.50,480.50,475.50,477.25,92,1568
06/28/1999,476.00,478.50,472.00,472.75,96,1572
06/29/1999,479.00,479.50,474.00,474.00,254,1640
06/30/1999,478.50,479.75,474.00,479.50,133,1662
07/01/1999,474.50,474.50,470.50,471.75,613,1895
07/02/1999,469.00,470.00,458.50,458.75,613,1895
07/06/1999,445.00,445.00,438.00,440.00,366,1962
07/07/1999,441.00,441.00,434.50,441.00,1069,2334
07/08/1999,440.50,441.00,434.00,434.00,488,2637
07/09/1999,431.00,432.00,423.50,428.50,1019,3115
07/12/1999,430.00,436.00,426.00,435.50,462,3217
07/13/1999,431.50,436.00,430.50,436.00,162,3233
07/14/1999,439.00,440.50,435.00,438.25,398,3230
07/15/1999,445.50,446.00,442.00,444.50,496,3256
07/16/1999,441.00,442.00,434.50,435.50,699,3387
07/19/1999,444.00,444.50,440.00,444.00,346,3947
07/20/1999,444.25,454.50,444.25,452.75,663,4924
07/21/1999,461.50,479.00,460.50,476.50,936,4517
07/22/1999,481.00,486.00,471.50,474.50,891,4568
07/23/1999,489.00,499.00,487.50,497.50,855,4718
07/26/1999,477.00,482.00,473.00,479.50,805,5020
07/27/1999,470.00,471.00,452.50,453.00,1154,4987
07/28/1999,457.00,459.50,445.50,445.75,952,5338
07/29/1999,444.00,455.00,444.00,451.50,343,5347
07/30/1999,452.50,455.00,451.00,451.50,147,5309
08/02/1999,477.00,481.50,474.00,481.50,441,5396
08/03/1999,495.00,506.00,491.00,496.00,2043,5733
08/04/1999,496.00,513.00,494.50,509.00,891,5668
08/05/1999,506.00,506.50,493.00,496.50,1674,6169
08/06/1999,491.00,504.00,488.00,499.00,879,6606
08/09/1999,495.50,504.00,492.00,504.00,334,6774
08/10/1999,509.50,516.00,508.00,508.50,363,6845
08/11/1999,503.00,507.00,500.00,501.25,1036,7003
08/12/1999,472.00,479.00,471.25,471.25,597,6940
08/13/1999,464.00,472.00,462.50,471.25,1566,7291
08/16/1999,476.00,482.00,475.00,481.00,212,7379
08/17/1999,495.50,504.00,490.50,490.50,741,7284
08/18/1999,486.00,493.00,485.00,487.50,595,7461
08/19/1999,494.50,499.00,491.00,494.75,896,7936
08/20/1999,496.00,498.50,489.75,490.25,198,7961
08/23/1999,479.00,488.75,476.00,487.50,557,8153
08/24/1999,489.00,489.75,483.00,485.25,865,8276
08/25/1999,486.00,493.50,483.50,493.25,635,8528
08/26/1999,491.00,491.50,484.50,484.75,285,8516
08/27/1999,485.50,491.00,485.00,488.75,1392,8356
08/30/1999,493.00,493.00,484.25,487.50,714,8614
08/31/1999,494.25,502.50,493.50,499.00,672,8780
09/01/1999,501.00,507.00,499.00,505.50,514,8791
09/02/1999,504.50,512.00,503.00,510.75,1291,9138
09/03/1999,514.50,516.00,511.50,512.75,883,9176
09/07/1999,527.00,536.50,527.00,536.00,1224,9011
09/08/1999,524.50,529.75,523.75,524.25,1801,8438
09/09/1999,525.50,530.00,522.50,524.00,1341,8678
09/10/1999,520.00,533.00,520.00,532.25,1002,9212
09/13/1999,532.00,533.00,525.00,526.25,833,9500
09/14/1999,524.00,524.00,518.00,518.50,2434,8732
09/15/1999,514.00,515.00,505.00,505.50,738,8931
09/16/1999,507.00,510.50,503.50,510.25,1179,9382
09/17/1999,511.50,512.00,504.00,505.25,1748,9336
09/20/1999,500.50,507.25,499.00,504.50,1094,9518
09/21/1999,506.00,508.00,501.00,502.50,1139,9955
09/22/1999,504.00,506.00,501.00,502.75,1175,10109
09/23/1999,503.50,503.50,495.50,496.25,1924,9875
09/24/1999,496.50,500.50,494.00,496.25,3405,10665
09/27/1999,498.00,502.50,497.25,502.25,1293,10786
09/28/1999,506.00,511.50,503.50,507.50,1362,10484
09/29/1999,508.00,511.50,506.50,508.75,996,10412
09/30/1999,508.50,513.50,506.50,507.50,2606,11196
10/01/1999,506.50,507.50,498.00,498.75,1347,11347
10/04/1999,496.00,502.00,495.00,500.50,1705,10691
10/05/1999,498.50,502.00,498.00,501.25,751,10946
10/06/1999,500.50,507.50,500.00,507.25,1479,11032
10/07/1999,505.50,509.25,505.00,507.50,2286,11628
10/08/1999,525.00,525.50,509.00,510.00,3050,12112
10/11/1999,508.00,513.50,508.00,511.75,1275,12328
10/12/1999,513.00,520.50,512.50,518.25,1334,12350
10/13/1999,519.00,525.00,516.75,517.75,1671,12781
10/14/1999,516.75,517.25,514.00,514.25,1704,13502
10/15/1999,513.00,515.00,509.00,509.50,2221,13763
10/18/1999,506.50,516.50,504.50,513.25,2872,14537
10/19/1999,512.00,515.50,512.00,513.25,2349,15346
10/20/1999,514.50,517.00,507.00,507.25,3292,15622
10/21/1999,503.50,503.50,496.00,500.00,4655,16148
10/22/1999,496.50,498.50,492.50,492.75,4557,16950
10/25/1999,492.50,499.00,491.50,498.50,4510,17985
10/26/1999,497.50,501.50,486.00,487.50,4784,19861
10/27/1999,487.50,493.50,484.50,490.25,6345,21456
10/28/1999,493.00,494.50,486.00,487.00,4813,23063
10/29/1999,488.50,492.50,484.50,490.75,4820,23582
11/01/1999,492.00,493.00,485.25,485.75,2419,23682
11/02/1999,489.00,491.00,487.25,490.00,6844,23565
11/03/1999,490.00,493.00,485.50,488.25,6545,22380
11/04/1999,489.00,493.00,488.50,492.25,5213,22719
11/05/1999,493.50,495.50,488.00,488.75,2611,22933
11/08/1999,491.00,493.25,488.75,489.25,1979,23720
11/09/1999,489.00,490.00,485.00,485.50,3078,24011
11/10/1999,480.50,482.00,472.50,473.00,8158,25792
11/11/1999,473.50,475.50,471.00,474.25,3491,26106
11/12/1999,473.50,474.00,469.50,470.25,3260,25919
11/15/1999,472.50,477.50,471.00,476.50,2030,26280
11/16/1999,476.50,481.00,476.00,478.00,4030,26513
11/17/1999,478.50,480.00,473.00,474.25,3068,27202
11/18/1999,473.50,476.50,466.00,466.50,5128,28707
11/19/1999,466.00,472.50,465.00,471.50,6273,29198
11/22/1999,474.00,476.00,472.50,474.25,3453,29241
11/23/1999,472.00,478.50,469.75,475.50,4652,29604
11/24/1999,476.00,477.25,470.75,471.75,4883,29398
11/26/1999,471.75,473.00,469.75,470.00,1502,29629
11/29/1999,472.50,482.00,472.00,475.00,5298,29493
11/30/1999,476.50,485.00,476.00,483.25,6311,30745
12/01/1999,483.00,487.00,482.00,483.25,5781,31163
12/02/1999,483.00,484.25,479.50,480.25,3955,31465
12/03/1999,477.50,482.25,475.50,479.75,4710,31963
12/06/1999,479.00,485.25,478.00,483.50,5144,32834
12/07/1999,483.50,489.00,482.25,487.25,5954,33837
12/08/1999,483.00,486.00,476.00,479.50,8713,34378
12/09/1999,480.00,480.00,466.50,466.75,11877,36783
12/10/1999,467.00,469.75,465.00,468.00,8770,38814
12/13/1999,456.00,459.00,453.25,457.50,14973,39267
12/14/1999,458.00,461.00,455.00,460.00,7687,40109
12/15/1999,460.50,461.50,455.50,459.00,8836,40320
12/16/1999,460.50,462.50,457.00,457.50,6772,41798
12/17/1999,456.50,459.00,455.50,458.50,7291,42469
12/20/1999,466.00,467.00,463.50,465.50,9701,44448
12/21/1999,465.50,466.75,462.50,464.75,10803,45584
12/22/1999,466.00,473.50,465.50,472.50,19229,47869
12/23/1999,472.00,475.75,472.00,474.25,10690,49171
12/27/1999,480.00,481.00,466.50,467.00,21582,52372
12/28/1999,467.00,468.50,465.00,466.75,21688,54819
12/29/1999,466.00,466.50,463.00,463.25,24196,57754
12/30/1999,465.50,471.00,465.00,469.75,24196,57754
01/03/2000,472.50,474.00,463.25,464.50,28726,61985
01/04/2000,465.50,474.00,465.50,471.50,31458,63581
01/05/2000,472.00,478.00,470.00,477.00,36679,65407
01/06/2000,476.00,480.50,474.00,475.50,37661,64751
01/07/2000,474.00,479.50,473.25,478.75,29583,66231
01/10/2000,472.50,476.50,472.00,473.50,33085,69253
01/11/2000,472.50,478.75,471.50,474.50,31489,70294
01/12/2000,486.00,487.00,479.00,480.25,47260,71006
01/13/2000,479.50,491.00,479.00,489.00,48759,71700
01/14/2000,488.00,498.00,487.50,496.25,50241,73544
01/18/2000,488.00,503.00,487.50,502.25,43256,72498
01/19/2000,499.50,504.00,497.75,501.00,35079,73864
01/20/2000,500.50,506.75,497.50,505.50,38300,74833
01/21/2000,505.00,507.50,501.00,505.25,32691,75780
01/24/2000,512.00,513.00,508.00,512.00,34879,76139
01/25/2000,511.50,517.50,510.50,517.00,27261,76272
01/26/2000,514.00,516.00,511.75,513.25,27215,76143
01/27/2000,509.50,528.00,508.00,527.00,56732,81561
01/28/2000,524.50,529.00,521.50,523.50,38135,80921
01/31/2000,514.00,515.00,505.00,508.00,38979,78749
02/01/2000,511.00,511.50,503.00,510.00,32129,76407
02/02/2000,508.00,513.00,505.50,507.50,23896,75771
02/03/2000,504.50,505.00,498.00,501.00,34115,75164
02/04/2000,496.00,506.00,495.00,505.50,34143,74427
02/07/2000,507.50,510.25,505.00,506.50,27968,71737
02/08/2000,501.00,504.75,499.00,500.25,27228,69938
02/09/2000,497.50,504.50,496.75,503.75,25957,68385
02/10/2000,506.00,514.00,502.50,513.00,35788,66432
02/11/2000,511.00,513.00,504.25,505.25,35340,63388
02/14/2000,506.50,510.25,504.50,505.00,22717,62407
02/15/2000,502.00,510.75,501.50,508.75,28646,62437
02/16/2000,510.50,512.50,503.25,507.50,29942,59133
02/17/2000,508.00,510.00,504.50,508.00,24879,57462
02/18/2000,508.00,516.00,507.75,514.50,32464,52094
02/22/2000,516.00,518.75,512.50,513.00,37541,44111
02/23/2000,510.00,511.00,499.50,499.75,30423,34874
02/24/2000,496.50,505.00,496.00,504.50,21061,30005
02/25/2000,504.50,505.00,492.00,497.00,22000,24222
02/28/2000,494.00,501.00,494.00,497.75,25851,15688
02/29/2000,495.00,502.00,494.50,501.25,16906,10914
03/01/2000,500.25,504.00,495.50,496.50,9227,7785
03/02/2000,495.00,502.50,492.50,501.50,7617,7025
03/03/2000,502.50,507.00,501.00,504.00,5281,5485
03/06/2000,503.00,509.00,501.50,508.25,4317,4982
03/07/2000,507.50,510.25,501.75,502.25,5896,3722
03/08/2000,502.00,508.75,501.50,505.50,4952,3041
03/09/2000,509.00,510.00,506.25,507.00,3167,2363
03/10/2000,510.00,510.50,498.75,500.00,1913,1592
03/13/2000,505.00,513.50,503.00,513.25,1362,788
03/14/2000,514.00,520.00,513.25,520.00,817,420
