590701,211,211,209.5,209.6,4459,31435
590702,209.7,210.5,209.2,210.5,4547,31898
590706,210.4,210.7,210,210.3,3794,31507
590707,210,211.3,210,211.1,2809,32159
590708,211,211.2,209.6,209.6,3514,32120
590709,209.5,210.4,209.4,210.3,3054,32319
590710,210.6,212.2,210.5,212,4219,32424
590713,215,216.4,215,216,8927,33633
590714,215.6,219.6,215.6,219.1,16817,32918
590715,219.2,221.3,218.2,219.5,18814,34206
590716,218.6,219.6,217.4,218.2,14750,35192
590717,218.2,219,217.4,218.7,11263,35614
590720,218,221.6,217.6,221.5,9190,36338
590721,222,223.4,221.6,222.3,11291,37080
590722,222.3,224.2,222.3,224.2,0,0
590723,221.7,221.7,219.4,219.4,12938,39141
590724,220,221.3,219.6,220.5,15354,39219
590727,219.7,221.4,219.2,219.3,8860,39310
590728,219.1,219.3,218.2,218.7,8584,39743
590729,219,220.3,218.5,220.3,8386,39764
590730,220.4,220.6,219,219.1,9006,40119
590731,219.5,220.4,219.4,220.2,7744,39981
590803,219.6,219.6,218,218.3,6504,40591
590804,218.3,218.7,217.5,218.3,8170,40994
590805,218,219.3,217.4,218.4,9515,41559
590806,218.4,218.4,217,217,8470,42629
590807,216.6,216.7,216,216.4,9168,42346
590810,216.4,218.2,216.4,218,7007,42271
590811,218,218.3,217.3,218.2,8274,42172
590812,215,215,213.5,213.7,9232,43783
590813,213.4,213.7,212.4,213.2,18141,43924
590814,213.6,214,213.3,213.4,10940,44252
590817,213.1,213.1,211.5,211.5,4943,43976
590818,211.6,212,211.1,211.4,8629,44311
590819,211.6,212.2,211.2,211.4,7837,43843
590820,211.4,212.2,211.3,211.5,5708,44062
590821,212,212.7,212,212.6,5048,44222
590824,213,213.4,212.2,212.3,4830,43798
590825,212.1,212.3,211.6,212.2,4468,44028
590826,212.4,213.1,212.4,212.6,4496,44410
590827,212.7,212.7,211.7,212,4237,43837
590828,211.4,211.4,210.4,210.4,4579,44353
590831,210.4,210.5,210.1,210.3,8358,44137
590901,210.3,211.1,210.3,210.7,5929,44462
590902,211.2,211.4,210.7,211.2,4795,44563
590903,211.2,211.4,210.2,211.2,5454,44353
590904,211.2,212,211.1,211.7,6236,45660
590908,211.4,211.5,210.7,211.1,3694,44689
590909,210.7,210.7,209.5,209.7,5092,44733
590910,209.6,211,209.6,210.6,7173,45463
590911,211.4,211.7,210.1,210.1,6200,45054
590914,209.6,209.6,208,208,0,0
590915,208.2,209.2,208.2,209.1,7010,43545
590916,209.3,209.5,209,209.2,7879,43306
590917,209.1,209.7,209.1,209.7,5487,43501
590918,209.5,209.6,208.4,208.5,5127,42515
590921,207.6,208.4,207.6,208,5198,41772
590922,208.4,209.5,208.2,209,10995,39894
590923,209.4,211,209.3,210.7,6329,39687
590924,211.2,211.2,209.6,209.7,11634,38656
590925,209.4,210,209,209.1,7901,39130
590928,210,211.5,210,211.2,7463,37154
590929,210.6,211.5,210.2,210.3,9941,37205
590930,210.4,213.5,210.4,213,7348,37693
591001,212.4,213.6,211.7,212.2,15091,36957
591002,212.4,213.7,212.1,213.4,10891,36300
591005,214.4,215.5,214.3,214.4,10202,35930
591006,214.6,215.6,214.6,215,13888,34726
591007,215,216.5,214.4,216.4,9770,34787
591008,217.4,217.6,216.2,217.2,10601,34010
591009,216.4,216.4,215.2,215.6,13150,33144
591012,215,216,214.2,215.7,8602,32376
591013,216.7,218.4,216.6,216.7,7265,33066
591014,216.2,216.2,214.4,214.5,15607,32640
591015,214.4,215.4,214,214.1,10188,32087
591016,213.6,213.7,212.4,212.4,8857,31699
591019,211.7,212.5,211.6,211.7,10431,30880
591020,212.2,213.5,212,212.7,11250,29584
591021,213.4,214.3,213.2,213.7,9195,28208
591022,213.5,213.7,212.6,212.7,7193,27578
591023,212.7,214.6,212.4,214,6159,27596
591026,215,217.3,215,216.5,6098,26864
591027,216.4,217.2,215.6,215.7,10520,25440
591028,215.2,215.7,215,215.4,6806,24884
591029,215.1,215.7,214.6,214.6,5288,23915
591030,215.6,217.2,215.6,216.7,5929,23559
591102,216.2,220.1,216.2,219.7,9061,22525
591103,219.7,221.2,219.1,221.1,10815,19997
591104,222.4,223.2,221.4,222,6799,19124
591105,222.4,224.6,222,222.3,7621,17368
591106,222.2,223.2,221.3,223,6711,15912
591109,223.2,224.4,222.4,223.3,3718,15507
591110,223,223.4,222.3,222.6,5396,14285
591111,221.4,223,220.5,220.6,2931,14024
591112,220.7,221.4,219.2,221.3,3203,13586
591113,222.2,222.4,221.1,221.3,3698,13249
591116,221.6,222.2,219.1,219.6,3504,12627
591117,219.6,220.6,218.4,220.6,4197,10523
591118,220.6,221.5,220.1,221.2,4854,8072
