590723,232,232,228.6,228.6,0,0
590724,228.6,230.1,228.6,229.3,786,522
590727,229.2,230.2,228,228.1,584,748
590728,227.6,227.6,226.7,227.2,1218,1502
590729,227.1,228.6,227.1,228.6,1114,2214
590730,228.4,229.2,228,228.1,668,2575
590731,228.4,229.2,228.3,228.6,90,2694
590803,228.1,228.1,226.3,227,1839,3453
590804,226.5,227.2,226.2,226.6,1171,3641
590805,226.4,227.4,226,226.7,569,3803
590806,226.6,226.6,225.6,225.6,472,3933
590807,225.6,225.6,224.6,224.7,776,4185
590810,225,226.7,225,226.5,812,4216
590811,226.7,227.2,226,226.7,923,4621
590812,223,223.6,222.4,222.5,1256,5207
590813,222.4,222.6,221,221.4,2032,5699
590814,221.6,222.4,221.6,222,1040,5868
590817,221.3,221.5,220.5,220.6,617,5909
590818,220.7,221,220.2,220.4,1060,5837
590819,221,221.2,220.2,220.3,645,5764
590820,220.5,221.2,220.4,220.7,727,5863
590821,221.2,221.6,221.1,221.2,226,5903
590824,222,222.2,220.6,220.6,894,6363
590825,220.6,221.1,220.4,221.1,590,6576
590826,221.2,221.6,221.2,221.4,359,6661
590827,221.6,221.7,220.6,220.6,535,6950
590828,220.4,220.4,218.7,219,333,7030
590831,219,219.2,218.5,219.2,834,7137
590901,219.4,219.7,218.7,219.2,830,7280
590902,219.5,220,219.2,219.4,451,7304
590903,219.4,219.6,218.5,219.6,1041,7854
590904,219.6,220.4,219.6,220.4,561,7959
590908,220.1,220.2,219.6,220,896,8478
590909,219.7,219.7,218.3,219,408,8598
590910,218.7,220.1,218.6,220.1,994,8676
590911,221.4,221.6,219.6,219.6,1431,9170
590914,219.1,219.1,218.2,218.5,1409,9380
590915,218.6,219.2,218.5,219.1,2748,10521
590916,219.2,219.6,219,219,963,10702
590917,219,219.2,218.5,219.1,890,10928
590918,219.2,219.2,218.2,218.3,1059,11171
590921,218.4,218.4,217.5,218,1874,12047
590922,218.2,219.4,218.2,219,2614,12682
590923,219.2,220.6,219.2,220.3,661,12868
590924,220.6,220.7,219.4,219.4,2950,14071
590925,220.4,220.4,219.1,219.1,2190,14734
590928,220,221.4,220,221.2,2937,15529
590929,220.6,221.2,220.1,220.3,2730,16541
590930,220.4,223.1,220.4,222.3,2256,17216
591001,222,223.4,221.2,222.1,5390,19391
591002,222.4,224,222.2,223.6,3419,20458
591005,224.6,225.7,224.4,224.5,2635,20889
591006,224.6,225.6,224.2,224.6,4646,21674
591007,224.6,226.2,224.4,226.2,3022,22169
591008,226.4,227.2,225.5,226.5,3620,22509
591009,226.2,226.2,225,225.2,4625,22747
591012,224.4,226.2,224,226.1,3341,23553
591013,227,228.6,226.6,227.2,3127,24287
591014,226.4,226.4,224.7,224.7,6576,25207
591015,224.3,225.5,224.1,224.2,5190,26888
591016,224,224.1,222.5,222.7,3868,27953
591019,222,223,222,222.2,4867,28996
591020,222.4,224.1,222.4,223.3,6430,30637
591021,224,225,224,224.4,4797,31877
591022,224.4,224.5,223.4,223.5,3980,32498
591023,223.6,225.3,223.2,225,4054,33569
591026,226,228,226,227.5,4230,34186
591027,227.4,227.6,226.3,226.5,7135,35143
591028,226.2,226.4,225.6,226.2,5451,36244
591029,226.2,226.6,225.5,225.5,4497,37246
591030,226,228,226,227,5093,38454
591102,227,230,226.7,229.7,6811,39830
591103,230.4,231.5,229.2,231.1,13046,42017
591104,232,233,230,230.4,11456,43430
591105,231.4,232.4,230.4,230.6,13659,44168
591106,230.4,232.2,229.6,231.7,8735,46049
591109,232.2,233.4,231.7,232.2,8405,48202
591110,232,232,231.2,231.4,10948,49413
591111,230,231.2,229.2,229.3,7065,50821
591112,229.2,229.7,227.5,229.5,9866,51795
591113,230.4,231,228.6,228.7,9881,53109
591116,229,229.4,227,227,7745,54999
591117,227.2,228.2,226.2,228.2,7812,55401
591118,228.3,228.5,227.4,228.2,8587,55603
591119,225.6,228.3,225.5,225.6,0,0
591120,225.5,226.1,224.6,225.1,10786,55717
591123,224.5,226.2,224.1,225.2,10193,56311
591124,225.6,226.6,225.3,225.6,7677,56985
591125,226.4,226.6,224.5,225.5,6668,57465
591127,225.2,225.3,224.2,225,9437,58623
591130,225,225.4,224.3,224.7,6704,59555
591201,224.4,225.7,224,225.7,6382,60298
591202,226.2,227.6,225.7,227.4,7461,60381
591203,227.6,228.1,226.4,226.6,10590,60513
591204,226.6,227.7,226.5,227.6,9341,61830
591207,227.4,227.7,226.6,226.7,5654,62495
591208,227,227.2,225.6,226.7,5625,63133
591209,227.4,228.1,226.6,226.7,7167,63908
591210,226.6,226.6,222.2,223,6886,64128
591211,222.2,222.5,220.7,220.7,17726,64586
591214,221.4,222.4,221.2,221.7,17012,64867
591215,222.6,222.7,221.5,222,8757,64970
591216,222,222.5,220,221.2,6014,64791
591217,217.2,218,212.2,214.4,9114,63477
591218,214,216.6,214,216.4,12550,63791
591221,216.2,216.4,214.2,215.2,16275,63682
591222,215,216.7,214.6,216.6,10258,63342
591223,217.2,218.2,216.6,218,9528,63087
591224,218.1,218.1,217,217.4,12584,63524
591228,217.4,217.6,216.5,217.3,3899,63060
591229,217.2,219.1,217.1,218.5,8297,62980
591230,218.7,219.1,217.4,217.4,11011,63793
591231,217,218.4,216.6,218.3,9209,63994
600104,218.3,219.2,218,218.1,7214,63456
600105,217.6,218.1,216.6,217.3,7450,62791
600106,216.7,221,216.7,219.7,8492,62233
600107,219.6,220.1,218.5,218.7,13974,62365
600108,219.2,221.2,219.1,220.6,10796,63000
600111,222,222.1,220.4,220.5,11480,62983
600112,220,220.6,219.5,220.5,11185,62501
600113,221,221.2,220,220.3,10029,62805
600114,220,220.2,218.2,218.5,9072,62904
600115,218.4,218.5,217.6,218.3,13228,62310
600118,218.4,219.1,218.2,218.6,7614,61523
600119,218.5,219,218,218.5,8731,61623
600120,218.6,218.7,217.3,217.7,8079,61128
600121,217.7,219.6,217.2,219.5,9923,61172
600122,219.4,220,218.7,219,10134,61313
600125,218.7,219.2,218.1,218.6,9817,61208
600126,219,220.5,218.4,220.3,6896,61639
600127,220,220.2,217.6,217.6,11714,62608
600128,217.2,217.4,216.6,217.3,14424,62508
600129,217.4,217.6,216.1,216.6,12674,62635
600201,216.5,216.5,215.3,215.7,12404,62899
600202,215.3,216.5,215.2,215.4,10260,62741
600203,215.6,216.1,215.1,215.1,8801,62181
600204,214.6,215,213.7,214.7,10503,62201
600205,215,215.4,214.6,215.2,14940,62057
600208,215,215.7,214.1,215.6,9578,61627
600209,215.3,216,215,215.6,10498,61424
600210,215.6,216.1,214.2,214.3,9401,61859
600211,214,215.3,213.3,214.7,9642,61910
600212,215.2,215.4,214.4,214.7,13528,61365
600215,214.5,214.6,213.6,214.2,7735,61471
600216,213.6,214,212.2,213.5,6374,61936
600217,213.6,214.2,213.1,214,14885,62204
600218,213.6,215,213.3,214.4,9792,61712
600219,214.6,214.7,214.1,214.5,9922,61360
600223,214.2,214.2,212.3,212.3,6836,61102
600224,212.3,212.6,211.5,212.2,11113,61936
600225,212,213.1,211.6,212.7,12358,61552
600226,212.5,212.6,212.1,212.4,9982,61566
600229,212.4,213.6,212,213.3,8078,61321
600301,213.3,214,213.2,213.6,13594,62426
600302,213.5,214,213.2,213.5,8022,63025
600303,213.2,214.6,212.6,214.5,7701,63397
600304,214.4,214.5,213.4,213.4,13076,64218
600307,213.2,214.2,213.1,214,9622,63910
600308,213.6,213.7,213,213.1,5930,64028
600309,212.7,214.2,212.3,214,6103,64193
600310,214,214.2,213.1,213.2,7959,63462
600311,213.4,214.4,213,214.1,7178,63252
600314,214.4,216.1,214.4,216,7686,63237
600315,216,216.3,215.1,216,14094,62395
600316,216.4,216.4,215.5,215.5,9953,62700
600317,215.3,215.3,214.2,214.3,6066,62519
600318,214.1,214.5,213.6,214.1,8840,62137
600321,212.4,215,212.4,214.6,9971,61353
600322,215.2,215.4,214.4,214.5,12053,61081
600323,214.4,214.7,213.3,214.6,9895,59957
600324,214.6,215.2,214.3,214.6,3914,59604
600325,214.5,215.2,214.2,215.2,3486,59477
600328,215.2,216.7,215.2,216.1,3795,59141
600329,216,216.5,216,216.3,11550,58186
600330,216.2,216.7,215.6,216,9127,57181
600331,216.1,217.4,216.1,216.7,6185,56579
600401,217.3,218.3,217.3,218.2,9203,55811
600404,218.2,219.2,217.2,217.2,8249,54502
600405,217,217.5,216.3,216.4,8960,53677
600406,216.3,216.4,215.1,215.6,7648,53061
600407,215.7,216.3,215.2,215.3,10663,51621
600408,215.4,215.7,214.7,215,7162,51057
600411,215.2,215.4,215,215.1,5484,50410
600412,214.6,215.3,214.2,214.3,2989,50010
600413,214.3,214.6,213.6,213.6,6575,49465
600414,214,214.2,213.4,213.4,4594,48661
600418,213.6,214,213.2,213.2,5132,47383
600419,213.1,213.3,212.5,213.2,4253,45987
600420,213.4,213.6,212.4,212.4,6243,44570
600421,211.6,212.6,211.6,212.5,7922,43339
600422,212.3,213,212.2,212.7,6366,42254
600425,212.4,212.4,211,211.1,4326,41486
600426,211.6,212.4,211.3,212,10710,37989
600427,212,212.7,211.6,212.6,8653,35546
600428,212.2,212.4,211.3,211.6,5912,33699
600429,211.5,212.7,211.3,212.6,6548,31685
600502,213,213.7,212.7,213.3,11191,27589
600503,213.1,214,212.7,213.6,5983,24186
600504,213.4,214.1,213,213.2,5626,22487
600505,213,214,212.6,213.7,5055,20564
600506,213.5,214.1,213.3,213.5,4949,18742
600509,213.5,213.7,212.2,212.3,2911,17885
600510,212.2,212.2,211,211.1,3656,16531
600511,210.7,211.6,210.5,211,5421,14450
600512,211,212.2,210.7,212.1,4859,13092
600513,212.1,212.4,211.6,212.3,4429,11185
600516,212.2,215.7,212.2,212.6,3117,10588
600517,213.6,215,213.5,214.2,6217,8845
600518,214.3,214.7,213.2,213.3,3254,7899
600519,213,214.6,212.4,213.4,3059,6572
