591119,217,217.2,213.6,213.6,0,0
591120,214.2,214.2,212.7,213,1204,684
591123,213,214,212.7,212.7,730,898
591124,213,214.1,212.7,212.7,510,1102
591125,213.6,213.6,212.6,213,288,1157
591127,212.6,213.2,212,212.6,649,1520
591130,213,213,212.4,212.5,621,1660
591201,213.3,214.7,213.3,214.7,561,2010
591202,215.1,215.6,214.6,215.6,682,2180
591203,215.5,215.6,214.4,214.5,918,2272
591204,215.1,215.4,214.3,215.4,701,2301
591207,215,215.7,214.7,215.4,464,2348
591208,215.5,215.5,214.4,215.2,558,2464
591209,215.5,215.6,214.4,215,280,2469
591210,214.6,214.7,213.4,213.6,939,2520
591211,213.5,214,212.3,212.4,1501,2868
591214,213,213.5,212,213,970,2896
591215,213.1,213.1,212.4,212.4,763,2904
591216,212.3,213,210.2,211.2,614,3060
591217,209.4,209.7,205,207.6,984,3106
591218,207,208.6,207,208.5,2818,3684
591221,208.2,208.2,206.3,207.6,1720,4199
591222,208.3,209.2,207,209.1,703,4382
591223,209.2,209.5,208.2,209.3,766,4679
591224,209.3,209.3,208.4,208.7,1415,4941
591228,208.5,209.4,208.1,209.3,512,5153
591229,209,210.6,209,210.4,1106,5375
591230,210.4,210.6,209.2,209.3,1771,6024
591231,209.1,211.4,209,211.2,1123,6327
600104,211.3,211.6,210.2,210.3,1759,6564
600105,210.3,210.6,209.7,210.6,1309,6764
600106,210.3,212.6,210.2,211.6,1352,7042
600107,211.6,212.1,211.1,211.4,1638,7099
600108,211.6,213.1,211.4,212.7,1702,6962
600111,213.4,213.4,212.2,212.3,1589,7100
600112,212,212.6,212,212.5,1233,7287
600113,212.4,213.1,212.2,212.4,1082,7408
600114,212.3,212.3,211,211.3,673,7500
600115,211,211.2,210.3,211.2,1275,7488
600118,211.1,211.1,210.4,210.5,1075,7719
600119,210.5,210.5,210.2,210.5,903,7623
600120,210.2,210.6,209.7,210.2,409,7615
600121,210,210.5,209.4,210.5,1112,7729
600122,211,211,210,210.1,1267,7962
600125,209.6,210.4,209.5,210.1,1521,8128
600126,210.4,211.1,210,210.4,680,8227
600127,209.4,210.2,209.4,209.5,745,8447
600128,209.5,209.5,209,209.3,1783,8586
600129,209.4,209.4,208.6,209.3,1642,8659
600201,209.2,209.4,208.5,209.2,819,8867
600202,209,210.2,209,209.1,900,9131
600203,209.2,210,209.1,209.3,671,9264
600204,209.1,209.7,209,209.6,475,9235
600205,210,210,209.4,209.6,1278,9082
600208,209.5,210.5,209.2,210.3,592,9116
600209,210.1,211,210.1,210.3,730,9128
600210,210.5,211,209.4,209.4,1026,9298
600211,209.3,210.1,209.2,210,552,9353
600212,210,210.4,209.6,210.4,537,9402
600215,210.1,210.3,209.6,210.2,519,9479
600216,209.7,210.2,208.5,210.1,498,9478
600217,210.2,210.3,208.7,208.7,1091,9530
600218,208.6,210.1,208.6,209.6,972,9642
600219,209.7,209.7,208.7,209.1,806,9784
600223,208.4,209,207.6,208.2,849,10044
600224,208,208.4,207.7,208.1,1783,10744
600225,208.1,208.5,207.7,208.2,980,10835
600226,208,208.5,207.7,208.4,875,10962
600229,208,209,208,209,520,10990
600301,208.7,209.6,208.6,209.6,750,10924
600302,209.5,210,209.5,210,397,10966
600303,209.6,210.6,209.3,210.4,328,11051
600304,210.3,210.7,209.5,209.5,1038,11162
600307,209.3,210.1,209.3,210,705,11285
600308,209.7,209.7,209.1,209.1,557,11207
600309,209.1,209.6,209,209.6,444,11301
600310,209.4,209.5,209.2,209.4,884,11281
600311,209.3,209.7,209.2,209.7,553,11323
600314,209.5,210.6,209.5,210.5,320,11327
600315,210.2,210.3,209.6,209.7,1015,11507
600316,210.1,210.1,209.3,209.4,1451,11436
600317,209.3,209.5,209,209.1,1148,11741
600318,209,209.1,208.2,208.6,1468,11706
600321,208.4,209.2,208.2,209.1,1918,11800
600322,209.2,209.3,208.5,208.6,1232,11734
600323,208.4,209,208.4,208.7,612,11750
600324,208.7,209.2,208.7,209.2,426,11730
600325,208.7,209.4,208.7,209.4,467,11747
600328,209.7,210.4,209.6,209.7,446,11684
600329,210,210.2,209.6,210.1,867,11697
600330,209.6,209.7,209.3,209.6,852,11614
600331,210,210.3,209.6,210.2,570,11709
600401,210.5,211,210.4,210.6,634,11800
600404,211.2,211.4,210.7,211,1063,11820
600405,210.5,211,210.5,210.5,1119,11844
600406,210.3,211.4,210.2,211.3,872,11822
600407,211.3,211.4,210.6,211,1452,11796
600408,211.1,211.3,210.7,210.7,641,11841
600411,211,211.2,210.7,211,665,11777
600412,210.2,211.2,210.2,211.1,382,11719
600413,211,211.4,211,211.2,867,11613
600414,210.5,211,210.4,210.6,1140,11567
600418,210.5,210.7,210.5,210.6,673,11500
600419,210.6,210.6,210,210.4,306,11533
600420,210.6,210.6,209.4,209.5,692,11882
600421,209.3,209.5,209.1,209.4,694,11674
600422,209.3,209.7,209.2,209.3,740,11794
600425,209.6,209.7,209.3,209.5,344,11736
600426,210.4,210.6,209.3,209.7,1217,11881
600427,209.7,210,209.5,209.7,1212,12032
600428,209.7,210.2,209.6,210.2,474,12043
600429,210.1,210.6,209.7,210.5,523,12098
600502,210.5,211.7,210.5,211.2,756,12280
600503,211,211.5,210.6,211.4,1348,12430
600504,211.4,211.4,211,211.1,1266,12425
600505,211.1,211.2,210.7,211,729,12601
600506,211.2,211.2,210.2,210.6,807,12548
600509,211.1,211.2,210.1,210.1,956,12841
600510,210.2,210.3,209.6,209.7,1013,13194
600511,209.6,210,209.4,209.4,1077,13331
600512,209.5,210.2,209.4,210.1,2698,13498
600513,210.3,210.3,209.5,209.7,1055,13559
600516,210.2,212.5,210.2,211.2,1214,13898
600517,211.2,212.1,211.2,211.6,2907,14126
600518,211.7,212.4,211.4,212,1468,14053
600519,211.7,212.3,211.4,211.7,1749,14116
600520,211.6,212.1,211.4,211.6,1954,14356
600523,211.4,211.4,210.5,211.2,1221,14344
600524,211.2,211.2,210.5,210.5,1124,14405
600525,210.5,211.4,210.4,211.2,1724,14526
600526,211.4,211.5,210.6,211,1270,14426
600527,211.1,211.6,210.7,211.4,775,14560
600531,211.6,211.6,211.1,211.6,777,14472
600601,211.5,212,211.2,211.5,1135,14274
600602,211.5,211.5,211,211,892,14029
600603,210.7,211.5,210.6,211.3,718,14100
600606,211.1,211.5,210.7,211,1126,14181
600607,211,211.1,210.1,210.1,609,14259
600608,209.6,210.4,209.5,210.4,2105,14238
600609,210.4,210.5,209.6,210.2,2506,14630
600610,210,210.5,209.5,209.6,959,14748
600613,209.2,209.6,208.6,208.7,1110,15008
600614,208.5,209.3,208.5,209.1,2074,14823
600615,209.2,210,208.7,209.6,2572,15171
600616,210.1,210.5,209.7,210.4,3487,15837
600617,210.4,210.6,210.1,210.2,1920,15958
600620,210.2,210.2,209.1,209.1,1226,15951
600621,209.2,209.5,208.7,209.2,1364,16099
600622,209.1,209.3,208.6,208.7,1987,16009
600623,209.4,210.2,209.3,209.4,2050,16453
600624,209.7,209.7,209.4,209.5,2796,16760
600627,209.3,210.4,209,210.4,1270,17088
600628,210,210.2,209.5,209.5,2612,17466
600629,209.6,210.1,209.2,209.6,3639,18368
600630,209.7,210.4,209.6,210,2940,18771
600701,210.6,212.6,210.6,212.6,4427,19993
600705,212.5,213.4,212.4,213.2,6871,20366
600706,212.4,213,211.6,211.7,4074,20284
600707,211.4,212.4,211.4,212.4,4503,21200
600708,212.4,212.4,211.3,211.6,3426,21992
600711,212.2,212.3,211.6,212,4073,22069
600712,212.4,213.7,212.3,213.5,3286,21827
600713,213.2,213.3,212.5,213,4807,21653
600714,212.5,213,212,212.1,4260,21545
600715,212.4,212.7,212.2,212.6,2272,21655
600718,212.4,213.3,212.3,212.7,2112,21709
600719,212.5,213.2,212,212.2,2834,21854
600720,212.2,213.3,211.6,213,3787,21951
600721,213,214.4,212.4,214.3,6665,23094
600722,214,215.4,213.4,215.1,5318,23214
600725,214,214.4,213.4,213.6,7479,22898
600726,215.2,215.6,214.2,215.2,4141,23161
600727,215,217.2,215,216.6,7695,23237
600728,217.2,217.5,216,216,7445,23077
600729,216,217.1,215.3,216.3,6028,23132
600801,216.2,219.1,216.2,219,5686,23620
600802,219.2,219.2,216.6,216.6,9615,22424
600803,216.2,217.5,215.6,216.1,6850,22868
600804,216.2,216.6,215.6,216.2,7326,22450
600805,216.6,218.4,216.6,217.6,5327,21710
600808,217,217.4,216.3,216.6,5978,21100
600809,217.4,218,216.6,217.3,4139,21266
600810,216.6,217.5,216.4,217.3,3862,20840
600811,218.2,219.4,217.3,217.5,3343,20608
600812,217.3,217.3,215.2,216.4,5819,19785
600815,215.2,216.1,214.6,214.7,5075,19267
600816,215.1,215.6,214.5,215.3,4303,18490
600817,215.4,215.7,215.2,215.6,3338,18238
600818,215.6,216.5,215.5,215.7,3873,17782
600819,215.6,217,215.4,216.7,3050,17085
600822,217,218,216.7,217.2,4401,16753
600823,216.7,217.2,216.4,216.7,4194,16583
600824,217,217.5,216.2,216.2,2736,16883
600825,216.5,217.2,215.7,217.2,2975,17291
600826,217.3,218.4,217.3,217.7,3136,17270
600829,217.6,218,216,216,5035,17437
600830,215.4,215.6,215.1,215.2,3207,16904
600831,215.2,215.6,214.4,215,4925,15682
600901,214.4,215.2,214.3,214.7,3499,15494
600902,214.4,214.7,213.3,214.2,1605,15236
600906,214.7,216.4,214.7,215.7,3115,14457
600907,216.2,216.6,215.5,215.6,2985,13675
600908,216.2,216.5,216,216.4,2728,12754
600909,216.3,217.3,216.2,217.2,2235,11580
600912,215.2,215.5,214.1,214.4,1766,10990
600913,214.5,215.5,214.3,215,1679,10402
600914,214.7,214.7,213.5,213.7,940,10287
600915,213.5,214.3,213.3,213.4,2484,9522
600916,213.4,214,212,212.3,2482,8326
600919,212,212,211.2,211.4,4025,6763
600920,211.3,212.4,211.3,212.3,3046,6141
600921,212.4,213,211.6,212.6,2613,4867
