600121,207.4,207.4,206.1,207.4,0,0
600122,207.4,207.4,206.5,206.5,701,360
600125,206.6,207.4,206.4,207.3,555,663
600126,207.5,208.2,207.1,207.6,461,837
600127,207.1,207.3,206.7,206.7,515,1093
600128,206.7,207,206.4,206.7,782,1553
600129,206.7,207.4,206.5,207.3,1102,2041
600201,207.2,207.5,206.4,207.2,611,2246
600202,207.2,208.4,207.2,207.3,987,2659
600203,207.3,208.1,207.3,207.4,1624,3389
600204,207.5,208,207.4,207.6,430,3495
600205,208,208.2,207.5,207.7,952,3799
600208,207.5,208.5,207.4,208.4,722,3999
600209,208.5,209.1,208.3,208.4,579,4186
600210,208.5,208.7,207.5,207.5,722,4377
600211,207.4,208.4,207.3,208.1,397,4421
600212,208.3,208.7,208.1,208.5,457,4545
600215,208.5,208.5,208,208.2,639,4670
600216,208.1,208.4,206.7,208.2,436,4665
600217,208.4,208.4,207,207.2,662,4732
600218,207.2,208.3,207,207.5,599,4898
600219,208,208,207,207,678,4985
600223,206.6,207.3,206.2,206.6,467,5112
600224,206.5,207.2,206.5,207,2067,5696
600225,207,207.3,206.6,206.6,960,5818
600226,206.6,207.2,206.5,207,675,6022
600229,206.5,207.4,206.4,207.3,504,6141
600301,207.4,208.1,207.3,208.1,1207,6348
600302,208,208.4,208,208.2,578,6367
600303,208,209.1,207.5,208.6,366,6340
600304,208.5,209.2,208.3,208.3,969,6408
600307,208.2,208.6,208.2,208.4,1548,6793
600308,208.2,208.2,207.6,208,114,6807
600309,207.7,208.4,207.7,208.2,437,6840
600310,208.3,208.3,208,208,360,6779
600311,208.2,208.4,208.1,208.3,313,6777
600314,208.4,209.2,208.2,209.2,153,6843
600315,209,209,208.2,208.5,1508,7578
600316,208.4,208.4,208,208,1029,7959
600317,208,208.2,207.6,207.7,632,8305
600318,207.6,208.1,207.2,207.2,818,8504
600321,207,208.1,206.7,208,1588,9373
600322,208,208.1,207.4,207.4,1090,9592
600323,207.3,207.7,207.3,207.6,578,9637
600324,207.7,208.1,207.5,207.7,588,9962
600325,207.7,208.1,207.5,208.1,444,9824
600328,208,208.6,208,208.2,280,9806
600329,208.2,208.5,208.1,208.3,1681,9798
600330,208.3,208.4,208,208.1,881,9657
600331,208.6,209.1,208.2,208.6,471,9824
600401,208.7,209.4,208.7,209.2,848,9651
600404,209.6,209.6,209.1,209.2,929,9549
600405,209,209.4,209,209,732,9793
600406,208.7,209.7,208.7,209.7,707,9818
600407,209.5,209.7,209.4,209.5,1727,10335
600408,209.6,209.6,209.2,209.3,707,10431
600411,209.3,209.5,209.2,209.3,531,10651
600412,208.7,209.6,208.5,209.2,471,10733
600413,209.3,210,209.2,209.3,954,10893
600414,209.1,209.4,209,209.1,1341,10996
600418,209,209.3,209,209.1,1013,11408
600419,209.2,209.2,208.6,209.1,319,11131
600420,209.2,209.3,208.2,208.2,569,11267
600421,208,208.3,208,208.3,1162,11494
600422,208.1,208.6,208.1,208.4,1012,11837
600425,208.4,208.5,208.3,208.5,564,12075
600426,208.6,209.2,207.6,208.4,1664,12132
600427,208.3,208.5,208.2,208.4,2214,12604
600428,208.6,208.7,208.2,208.5,460,12710
600429,208.5,209.3,208.3,208.7,969,12948
600502,209.3,210.2,209.3,209.6,698,13094
600503,209.4,210,209.1,209.7,1528,13308
600504,209.5,210,209.4,209.4,777,13416
600505,209.4,209.6,209.2,209.2,581,13561
600506,209.3,209.5,209,209.2,1178,13649
600509,209.3,209.6,208.6,208.6,678,13830
600510,208.7,209.1,208.5,208.6,1142,13902
600511,208.5,209,208.5,208.6,1913,13798
600512,208.6,209.2,208.4,209.2,2240,14058
600513,209.1,209.1,208.6,209,1386,14136
600516,209,211.6,209,210.2,821,14401
600517,210.4,211,210.2,210.6,3861,15116
600518,211.2,211.5,210.5,211,2580,15617
600519,210.6,211.3,210.4,210.7,2486,15966
600520,210.4,210.7,210.1,210.4,2059,15809
600523,210.2,210.2,209.4,210.1,2230,16601
600524,209.7,210,209.4,209.5,1854,17059
600525,209.5,210.1,209.2,209.7,1612,17397
600526,210,210,209.2,209.4,2408,17545
600527,209.5,210.1,209.3,209.6,962,17371
600531,210,210.1,209.3,210,2355,17499
600601,209.7,210.1,209.4,209.6,1316,17758
600602,209.6,209.6,209.2,209.3,1297,18058
600603,209.1,209.6,209.1,209.5,943,18108
600606,209.4,209.7,209.2,209.4,1065,18288
600607,209.4,209.5,208.6,208.7,1767,18559
600608,208.4,209.2,208.3,209,2668,18618
600609,209,209.2,208.4,208.6,3038,18686
600610,208.5,209.1,208.2,208.3,1495,18765
600613,208.2,208.3,207.3,207.4,1954,18882
600614,207.4,208,207.4,207.6,2309,19244
600615,207.6,208.4,207.4,208.3,3396,20029
600616,208.5,209.4,208.5,209.3,3443,20449
600617,209.2,209.3,208.7,209,2666,20437
600620,208.6,208.6,207.6,207.7,2108,20657
600621,207.6,208.3,207.5,208,2124,21177
600622,207.6,208,207.2,207.2,3334,21747
600623,207.5,208.3,207.5,208,3936,22611
600624,208,208.1,207.5,207.6,2854,22940
600627,207.6,208.6,207.3,208.5,1536,23085
600628,208.2,208.7,207.7,208.3,2423,23052
600629,208.4,208.6,208.1,208.4,2859,23722
600630,208.4,209,208.4,208.6,2151,24268
600701,209.3,211.3,209.3,211.1,2836,24369
600705,211.1,212.1,210.7,211.7,8392,25917
600706,211.4,211.5,210.4,210.6,7012,27242
600707,210.5,211.1,210.1,211.1,6130,27884
600708,210.6,211.1,210,211.1,4615,28786
600711,210.3,210.7,210.1,210.4,3894,29338
600712,211,212,210.6,211.6,5414,29937
600713,211.6,211.6,210.6,211.2,7299,30340
600714,210.7,211.2,210.4,210.5,4873,30904
600715,210.7,211.2,210.5,211.1,4277,31501
600718,210.6,211.4,210.6,211.1,2973,31584
600719,211,211.2,210.5,210.6,2956,31717
600720,210.5,211.3,210.4,211.3,3713,32261
600721,211.2,213.4,211.1,213.2,5520,32790
600722,213,215,212.6,215,9656,33915
600725,214.3,214.3,213.2,213.4,13994,34796
600726,214,214.6,213.6,214.2,6364,35078
600727,214.4,216.2,214.3,215.7,9872,34611
600728,216,216.3,215,215.1,11043,34823
600729,215,216.1,214.6,215.6,8352,35316
600801,215.5,219.2,215.5,219.1,10356,36424
600802,218.6,218.6,216.6,217.1,18574,36177
600803,216.6,217.5,216.3,216.5,14471,36276
600804,216.6,217.4,216.4,217.3,13826,37304
600805,217.4,218.7,217.4,218.2,10142,37155
600808,218,218,216.7,217.1,12176,36202
600809,217.6,218.5,217.3,218.3,8193,35975
600810,217.5,218.2,217.2,218,9822,36903
600811,218.6,220,218,218.1,8478,37527
600812,217.6,217.6,215.7,216.2,16824,39529
600815,216.1,216.5,215.2,215.3,14988,40546
600816,215.2,216.2,215,215.6,7609,41346
600817,216,216.3,215.4,216.3,7232,41553
600818,216.3,217,216.1,216.3,7333,41542
600819,216.2,217,216,216.5,8304,41543
600822,216.7,217.1,216.1,216.2,7520,41320
600823,216,216.5,215.6,215.7,9731,41068
600824,215.7,216.3,215.3,215.3,7878,41319
600825,215.5,216.1,214.4,216.1,6265,41898
600826,216.2,217.1,216,216.5,10808,42519
600829,216.5,216.7,215.6,215.6,9307,42886
600830,215.5,216,215,215.1,6027,42549
600831,215.4,215.5,214.7,214.7,6236,42814
600901,214.6,215.4,214.4,215,5667,43272
600902,215,215.3,213.6,215.1,6087,43523
600906,215.6,217.4,215.6,216.5,11449,43252
600907,217.2,217.5,216.5,216.6,14137,43755
600908,216.6,217.2,216.5,217,10542,43923
600909,217,218,216.5,217.6,8639,43053
600912,215.4,216.1,214.7,215.2,11412,42821
600913,215.4,216.1,215,215.6,13433,44685
600914,215.4,215.5,214.2,214.3,8915,45285
600915,214.3,215.2,214.3,214.6,12807,45211
600916,215,215.1,214.1,214.4,7192,45460
600919,214,214.2,213.5,214,9925,45493
600920,214,214.5,213.6,214.3,10312,44333
600921,214.5,215.4,214.5,215.3,6862,44619
600922,215.1,215.1,214.5,214.6,10441,44653
600923,214.5,214.6,213.7,214.1,3989,44696
600926,213.6,213.6,212.5,213,8192,44485
600927,213,213.5,212.7,213,9541,44145
600928,213,213.6,212.7,213.4,6036,43747
600929,213.7,213.7,212.5,212.6,8026,43755
600930,212.5,212.5,212,212.1,8715,43929
601003,212,213.3,211.7,212.7,8759,43316
601004,213,213.7,212.7,213.7,11856,43968
601005,214,215,213.6,213.6,9006,43720
601006,213.4,214,213.2,213.3,15123,43304
601007,213.2,213.2,212.4,212.6,6200,43646
601010,212.7,214.7,212.7,213.7,8806,43564
601011,213.6,214.5,213.4,214.1,12870,43140
601012,213.6,214.5,213.6,214,9778,41415
601013,213.7,214.1,213.4,213.5,10033,40843
601014,213.2,213.7,213,213.7,4661,40473
601017,214,214.7,214,214.1,8129,39932
601018,214.2,214.3,213.6,214.1,8692,38932
601019,214,215.5,214,215.4,6255,37957
601020,215.5,216.6,215.4,215.7,10765,36507
601021,215.6,217.2,215.4,216.5,14753,33680
601024,216.5,218,216.5,216.6,12106,30979
601025,217,217.2,216.2,216.2,10867,29418
601026,216,217,215.7,217,7681,27512
601027,216.5,216.6,216,216.2,7734,25868
601028,215.6,216.3,215.5,216.2,6076,24748
601031,216.3,217.4,216.3,217.4,10205,22135
601101,216.6,218.2,216.6,217.1,14182,17128
601102,217,218.2,217,218.1,14169,12153
601103,218.4,219,217.7,218.4,7577,10117
601104,218.2,218.5,217.3,217.4,5756,9178
601107,218,218,217.1,217.2,4659,8201
601109,219,219,215.7,216,3465,7598
601110,216,216.4,215,215.2,3329,7266
601111,217,217.2,216,216.2,4032,6824
601114,215.6,216,213.5,213.5,2251,5256
601115,213.4,214.3,213,213.1,2389,4358
601116,213.3,214,212.4,214,1666,4126
601117,212.2,212.2,210,211.4,2050,2918
601118,211.5,212.7,210.4,211.7,2055,1906
