600323,211,211.3,210.6,211.3,0,0
600324,211.4,211.6,211.2,211.2,428,393
600325,211.5,211.6,211.3,211.6,78,441
600328,212,212.3,211.7,212,57,464
600329,212,212.2,211.6,212.2,100,528
600330,212.2,212.2,211.6,211.7,32,554
600331,212.2,212.5,212,212.3,113,622
600401,212.7,213,212.5,213,215,697
600404,213.4,213.4,213,213,217,828
600405,212.7,213.2,212.6,212.6,51,867
600406,212.4,213.5,212.4,213.5,240,1075
600407,213.3,213.3,213,213.1,449,1239
600408,213.2,213.3,213,213,247,1291
600411,213.1,213.2,213,213,113,1232
600412,212.5,213.3,212.4,212.7,61,1223
600413,213.3,213.5,212.6,212.6,85,1253
600414,212.7,213.1,212.5,212.5,125,1280
600418,212.6,213,212.6,212.6,245,1356
600419,212.4,213,212.4,212.6,19,1372
600420,213,213,211.7,211.7,191,1429
600421,211.5,212,211.5,212,150,1474
600422,211.6,212.2,211.6,212.2,402,1475
600425,212.2,212.3,212,212.2,95,1505
600426,212.6,212.6,211.4,212.2,245,1696
600427,212.2,212.4,211.7,212.4,193,1750
600428,212.2,212.5,212,212.4,101,1790
600429,212.5,213,212.4,212.7,135,1754
600502,213.4,214,213.2,213.3,99,1809
600503,213.1,213.6,213,213.4,251,1789
600504,213.4,213.6,213.2,213.2,85,1842
600505,213.2,213.4,213,213,51,1868
600506,213,213.1,212.6,213,196,1933
600509,212.7,212.7,212.2,212.4,62,1972
600510,212.2,212.6,212,212,91,1968
600511,212.2,212.5,212.2,212.4,199,2094
600512,212.5,213,212.2,213,55,2124
600513,212.6,212.6,212.4,212.6,91,2119
600516,213.4,215.2,213.4,214,70,2115
600517,214.2,214.6,214,214.4,940,1992
600518,214.5,215.2,214.3,214.6,479,2080
600519,214.4,215.1,214.2,214.5,499,2438
600520,214.3,214.4,213.6,214,224,2533
600523,213.6,213.6,213.1,213.6,840,2901
600524,213.5,213.6,213.2,213.2,993,3437
600525,213.1,213.6,213,213.5,377,3634
600526,213.5,213.5,213,213.2,543,3911
600527,213.1,213.6,213.1,213.6,251,3942
600531,213.6,213.6,213.2,213.6,214,4006
600601,213.5,213.6,213.2,213.4,144,4046
600602,213.3,213.4,213.1,213.3,530,3974
600603,213.1,213.4,212.7,213.4,241,3974
600606,213.1,213.4,213.1,213.2,510,4035
600607,213.2,213.3,212.4,212.4,132,4125
600608,212.2,212.6,212,212.5,580,4266
600609,212.3,212.6,212.1,212.4,498,4299
600610,212.3,212.3,211.7,211.7,320,4381
600613,212,212,211.1,211.1,553,4434
600614,211.1,211.5,211.1,211.3,970,4762
600615,211.5,212.1,211.2,212.1,538,4921
600616,212.5,213.2,212.2,213.1,528,5016
600617,213.1,213.1,212.5,212.7,1132,4976
600620,212.4,212.4,211.5,211.5,616,5076
600621,211.6,212.1,211.4,211.6,348,5080
600622,211.4,211.6,211.2,211.2,872,5116
600623,211.5,212.2,211.5,211.6,620,5093
600624,212,212,211.4,211.4,953,5069
600627,211.2,212.4,211.1,212.3,734,5462
600628,211.7,212.3,211.6,212.1,577,5841
600629,211.7,212.4,211.7,212.2,1230,6348
600630,212.3,212.5,212.2,212.3,420,6447
600701,213,215,213,215,544,6593
600705,215,216,214.7,215.6,3148,8012
600706,215.4,215.4,214.4,214.5,1483,8241
600707,214.5,215,214.1,215,1888,8753
600708,214.7,215,213.7,214.2,1202,8998
600711,214.2,214.6,214.1,214.3,1174,9089
600712,214.5,215.6,214.5,215.6,499,9020
600713,215.4,215.4,214.6,215.2,1685,9546
600714,215,215.1,214.4,214.4,1566,10045
600715,214.6,215.2,214.5,215.1,906,10261
600718,215,215.6,214.6,215,483,10446
600719,215,215.3,214.5,214.6,742,10597
600720,214.5,215.3,214.5,215.3,654,10713
600721,215.3,217.4,215.2,217.2,1310,11089
600722,217.1,219.2,216.7,219,2844,11914
600725,218.2,218.3,217.3,217.4,4712,12365
600726,218.1,218.7,217.7,218.2,2143,12730
600727,218.3,220.3,218.3,220,1881,12607
600728,220.3,220.5,219.2,219.3,2785,12958
600729,219.2,220.3,218.7,219.7,2928,13276
600801,220,223.6,220,223.4,2274,13759
600802,223.2,223.2,221,221.2,6906,14178
600803,220.6,222,220.5,221,5066,14869
600804,220.5,221.6,220.5,221.4,3680,15191
600805,222,223.1,221.7,222.5,2540,15411
600808,222.2,222.2,221.1,221.3,4560,15968
600809,222,223,221.5,222.6,2945,16078
600810,221.4,222.4,221.4,222.4,3454,16508
600811,223,224,222,222,2495,16534
600812,221.6,221.7,220,220.1,6075,17579
600815,220,220.7,219.3,219.4,4308,18142
600816,219.4,220.2,219.2,219.7,2629,18449
600817,220,220.3,219.4,220.2,1813,18509
600818,220.4,221.1,220.2,220.3,1497,18436
600819,220.1,221.1,220,220.6,2825,18898
600822,221.2,221.3,220.1,220.2,2685,18916
600823,219.7,220.5,219.6,220,2577,19433
600824,219.7,220.4,219.3,219.5,2907,19851
600825,219.2,220.2,218.5,220.2,2151,19882
600826,220.2,221.2,220.2,220.6,3261,20088
600829,220.7,221,219.6,219.6,2897,20541
600830,219.6,220,219.1,219.3,2321,20752
600831,219.4,219.6,219,219,2090,20886
600901,218.7,219.5,218.5,219.2,1502,21039
600902,218.7,219.5,218.2,219.2,2005,21327
600906,219.7,221.5,219.7,221,4015,21537
600907,221.3,221.7,220.6,220.6,3777,21957
600908,220.7,221.2,220.7,221.1,3595,22666
600909,221.1,222.2,220.7,222,2452,23217
600912,220.2,220.2,219,219.3,5282,24083
600913,219.4,220.2,219.2,220,6018,24606
600914,219.7,219.7,218.4,218.6,3275,24994
600915,218.7,219.3,218.3,219.1,6006,26000
600916,219.3,219.3,218.3,218.4,2632,26147
600919,218.6,218.6,217.7,218,3733,26219
600920,218,218.6,218,218.4,3751,26550
600921,219.1,219.5,218.7,219.4,3538,27448
600922,219.2,219.2,218.7,218.7,3968,27663
600923,219,219,218,218.3,1213,27723
600926,217.7,217.7,216.6,217,2523,28068
600927,217.1,217.5,217,217,4027,28023
600928,217.2,217.7,217,217.5,2866,27982
600929,217.7,218,216.6,216.7,4266,27528
600930,216.3,216.6,216.1,216.3,4095,27442
601003,216.2,217.5,216.1,217,5626,28785
601004,217.1,218,217,217.7,5437,29853
601005,218.3,219,217.6,217.6,4288,30963
601006,217.6,218,217.4,217.4,7912,31787
601007,217.4,217.4,216.5,216.7,3069,32629
601010,217.2,219,217.2,217.7,5713,34004
601011,218,218.5,217.6,218.5,5969,34844
601012,218,219,218,218.2,3589,35406
601013,218.1,218.3,217.7,217.7,5050,36724
601014,218,218.4,217.4,218.3,2969,37726
601017,218.5,219.3,218.5,218.7,4960,39701
601018,218.6,218.7,218.4,218.6,6903,40723
601019,218.5,220.3,218.4,220.2,2917,41892
601020,220.1,221.6,220.1,220.6,6982,43106
601021,220.4,222,220.2,221.3,8790,42599
601024,222,222.7,221.5,221.5,6059,42827
601025,221.7,222.2,221,221.1,7356,42964
601026,221.1,222,220.6,221.6,6461,43922
601027,221.4,221.6,221,221.1,4767,44249
601028,220.6,221.3,220.4,221.2,5011,44991
601031,221.4,222.4,221.4,222.4,7670,46317
601101,222.1,223.3,222.1,222.3,8762,48227
601102,222.2,223.4,222.2,223.4,13127,48411
601103,224,224,222.7,223.4,6800,49148
601104,223.2,223.4,222.1,222.2,7757,49088
601107,222.5,222.5,221.4,221.6,7603,49406
601109,223.3,223.3,219.6,220.2,10856,49257
601110,220,220.6,219.1,219.2,11502,48597
601111,221,221.3,219.7,220.1,8815,47811
601114,219.4,219.4,217.2,217.3,6312,47680
601115,217,218,216.4,216.5,11080,48416
601116,217.2,217.4,216.4,216.4,8207,48861
601117,215.1,215.4,213.4,215,8808,49364
601118,215.4,216.3,214.1,215.6,17142,48283
601121,215.4,216.6,215.2,215.5,9383,48243
601122,215.4,216.6,215.3,215.7,6213,47431
601123,215.4,216.3,215.1,216.1,4833,47581
601125,216.3,217,216.2,216.2,3554,47261
601128,216.4,216.5,216.1,216.4,4114,47083
601129,216.4,216.5,215.2,215.2,3285,46695
601130,214.7,215.4,214,215.4,3805,46285
601201,215.5,216.1,215,215.1,5810,45958
601202,214.7,216.2,214.6,215.2,3845,42656
601205,215.6,216.6,215.2,216.5,5020,45474
601206,216.6,217.4,216.2,216.3,6296,44787
601207,216.7,218,216.6,218,6473,44274
601208,217.6,218.2,217.3,217.4,6154,43270
601209,217.5,218.1,217.3,218,4441,43233
601212,218.5,219.3,218.5,219.2,4892,42202
601213,219.4,219.4,218.2,218.3,5859,41142
601214,217.6,218.7,217.4,218.5,5189,40259
601215,218.6,218.6,217.6,218.3,3891,39459
601216,218.6,219,218.2,218.3,3509,38722
601219,219.4,220.5,219.4,220.2,3888,38034
601220,220.2,221.3,220.1,221.3,7735,36519
601221,221.4,223.2,221.4,223.2,4457,35554
601222,223.2,223.6,222.5,223.5,8031,33665
601223,223.3,226.2,223.3,225.7,7878,30834
601227,226,226.4,224.1,224.1,8643,29400
601228,224.1,226.2,224,226.1,6020,28156
601229,226.4,231.2,226.4,230.1,5174,27066
601230,230,232,229.2,230.1,15670,24557
610103,231.6,236,231.6,235.4,12054,22187
610104,234.6,235.3,232.2,234,11022,16190
610105,233.2,234.4,231.4,234.2,5939,14007
610106,235.2,243,235.2,239.4,6277,12982
610109,241.2,243.4,236.6,240,6980,10084
610110,240,243,238.6,241,4753,8493
610111,241.6,242.1,238.6,239.2,2400,7841
610112,238.6,240.4,237.7,239.6,2017,7101
610113,240.2,241.2,239.4,241,3620,6581
610116,243,248.6,243,248.4,3301,5716
610117,249.2,251,246.2,250.7,2472,4605
610118,249,249.4,243.4,244.2,2576,3948
610119,242,244,239.4,243,2297,2877
610120,243,243.2,240.6,241.4,2351,2459
