601121,218,218,216.1,216.4,0,0
601122,216.1,217.4,216.1,216.4,2472,1370
601123,216.1,217.1,215.4,217,267,1402
601125,217.3,217.3,216.3,216.3,584,1724
601128,217,217,216.3,216.4,540,1845
601129,216.4,216.4,215.4,215.4,393,2123
601130,215.3,215.3,213.6,215.1,761,2433
601201,215.2,215.2,214.3,214.4,1458,3096
601202,214.3,215.4,214.1,214.7,469,3262
601205,215.1,216.3,215.1,216.2,559,3643
601206,216.4,216.6,215.7,216.2,606,3948
601207,216.3,217.5,216.3,217.4,444,3947
601208,217,217.3,216.3,216.4,1279,4167
601209,216.6,217,216.1,216.4,1359,4860
601212,217,217.5,216.6,217.1,1280,5375
601213,217.2,217.2,216.3,216.3,1392,5807
601214,216.3,216.5,215.6,216.5,806,6065
601215,216.4,216.5,216.2,216.5,941,6233
601216,217,218.6,217,218.3,418,6104
601219,219,219.4,218.6,219.4,1749,6552
601220,219.4,221.1,219.4,220.7,1305,6531
601221,221.4,222,221,221.7,997,6854
601222,221.7,221.7,220.3,220.7,1857,7505
601223,220.5,220.7,219.6,220.6,2375,8222
601227,220.6,220.7,219.2,219.2,4017,8910
601228,219.3,220,218.6,219.2,2834,8820
601229,219.6,220.6,219.3,220.4,2023,8968
601230,221.2,221.4,219.6,220,3976,9237
610103,221,223.4,220,223.4,3154,10049
610104,223.2,224.4,222,223.2,4104,11111
610105,222.6,224.7,222.2,224.2,3453,10841
610106,224.6,230.4,224.6,228.4,3450,11340
610109,229.6,231.6,227,227.4,5456,12498
610110,228,228.2,226,226.6,6971,13934
610111,228,228.4,226.4,227.2,3271,14375
610112,226.6,227.6,226.4,227.2,3106,15412
610113,227.6,230,227.4,229.6,2610,15301
610116,231,234.6,231,233.6,3675,15832
610117,234,235.2,232,235,5814,15940
610118,234.2,234.4,231.6,232.4,4216,15881
610119,231.4,232.6,230,232,4146,15569
610120,232.2,232.4,230.2,230.4,3927,15245
610123,231.4,232.4,230.4,231.2,2489,14831
610124,233,236.6,232.2,236,2278,15078
610125,236.2,236.2,233.2,233.4,6321,15261
610126,234.6,236.2,234,235.6,5516,14820
610127,237.4,239.2,237,237.4,3879,14939
610130,238.4,241,238.4,240.6,3861,14686
610131,238.2,238.2,234.2,237,4343,15269
610201,236.6,239.6,235.2,239.2,3139,15498
610202,239.6,240.6,238.4,239.4,3804,16122
610203,241,242.2,240.4,241.2,3579,16365
610206,243.2,244.4,241.2,242,2394,16686
610207,241,241.2,239.6,240.2,2307,16715
610208,240,243.2,239.4,242.4,2016,17225
610209,243,244,242,242.2,2628,17201
610210,243.2,245,242.2,244.4,2691,17431
610213,244.2,248.6,243.4,246.6,1713,17577
610214,248.4,249,246.6,247.4,3097,17490
610215,248,250,247,249.5,2788,17793
610216,251,252,248,249.6,2167,17727
610217,248.6,249,247,247.2,4400,18977
610220,246.6,246.6,244.6,245.2,3158,19877
610221,245,248.4,244.6,248.2,2620,19965
610223,250.4,257.2,249.2,257.2,3450,20260
610224,255.4,262.2,254.4,259.4,7906,20956
610227,261.4,268.2,261,267.4,9615,21347
610228,267.2,277.2,266,277,9511,21152
610301,270,272,266.4,266.4,9308,21760
610302,257.4,262,256.4,256.4,10685,22742
610303,261,263,256.4,262.4,8145,22503
610306,263,269,263,264.6,8225,22694
610307,264,266,257.4,258,6515,23891
610308,259,259,254.2,256,6719,23199
610309,254,256.4,249,250,7366,23242
610310,252,255,249,253.4,6257,23297
610313,253,255,250.2,251.2,9721,22197
610314,251.2,261,251.2,260,6222,22105
610315,257.4,258.6,252.4,253.4,6449,21867
610316,255.4,256,251.4,253.2,5536,22189
610317,255,256,252.2,253,5102,22404
610320,253.2,253.4,247,248.2,4678,23216
610321,249,250,247.4,249.6,6271,24135
610322,251.4,254.4,251.4,253.2,3164,23894
610323,256.4,257,253.4,254.6,4219,24002
610324,256,256.2,253.4,254,8072,24743
610327,253,254.6,252,254,3188,24839
610328,255.4,256.2,254.2,255,3443,24802
610329,254.2,256,249.4,252.2,2973,24940
610330,252,253.4,252,253.4,5290,24699
610403,254.2,255.4,254,255,4158,24489
610404,255.2,257.6,255.2,256.2,2939,24243
610405,257.4,258,255.6,256.7,3451,25141
610406,258.4,261.4,258,260.4,3205,24702
610407,261.4,262.4,258.6,260.2,6780,25339
610410,262.2,264.2,260.2,262.6,6603,24745
610411,268,271.4,266.4,270.2,7401,24271
610412,269,270.2,261.4,261.6,13810,23615
610413,262.4,265,262.4,264.6,8775,24411
610414,265,266.4,263.2,263.4,4752,24793
610417,264.4,264.4,256,258,5024,24704
610418,260,264,257.4,263.6,14074,24162
610419,262,266.6,261.6,265.2,9791,23101
610420,264.4,266.2,263,263.6,7232,23527
610421,264.4,265.2,263.4,264.6,4954,23837
610424,266,268.6,265.4,268.4,2432,23863
610425,276,278.2,274,278.2,4777,22684
610426,275,275,268.4,268.6,14271,25760
610427,268.4,271,267.2,267.6,8689,25285
610428,267,270.4,267,270,5477,25563
610501,269.6,273.4,268.6,269.2,4307,26632
610502,268,271.4,268,271,5869,27474
610503,272,273.2,268.6,269.6,4256,27706
610504,269,269.2,260,264.6,5099,27451
610505,265.4,267.4,263.4,266,16884,27381
610508,267,267.4,264.4,265,6476,26946
610509,264.6,266.4,264,264.2,4676,26274
610510,266,266.2,264.2,265.6,5891,25861
610511,266.4,267,264.2,264.2,5462,26599
610512,265.4,266,264,265.6,4670,26275
610515,266,266.6,264.6,265.6,3349,26207
610516,265.2,265.2,262,262.2,1954,26264
610517,261.4,263.6,261,263.6,5287,26341
610518,264,265.4,263.4,265.2,3494,26141
610519,264.6,267.2,263.1,264,2892,26022
610522,263.2,263.4,257,257.4,7657,26720
610523,257.4,261.4,257,259.4,9123,26941
610524,260.2,261.2,259.2,260.6,7173,26341
610525,261.2,261.4,259.2,259.2,3348,26557
610526,260,260,258,258.6,3654,26667
610529,258.6,260.2,258.6,260,7576,26011
610531,260.4,261.2,258.4,260.4,2371,25882
610601,260.2,261.2,259.6,259.6,5699,26240
610602,259.6,260.4,259,260.4,3528,26279
610605,260,262.6,259.4,262,2659,26072
610606,261,263,260.2,260.2,3739,26591
610607,260,260.6,259.2,260.4,4257,26652
610608,260.2,260.4,258.4,258.6,5210,25490
610609,258,259.6,258,258.2,4927,25841
610612,257.4,258,251,252.2,5164,25788
610613,252.2,255.2,251.6,251.6,10517,25254
610614,253.4,255,252.6,253.6,9095,25946
610615,254,254.2,251.4,251.6,3720,26215
610616,251,252.2,250.2,252,5120,25892
610619,251.4,253.4,250.4,252.2,5855,25460
610620,251.2,253,251,252.4,3038,25743
610621,253,253.4,251.4,252.2,2182,25850
610622,252.6,254.6,252,254.2,2094,25827
610623,254.6,255.4,253.6,255,2925,25669
610626,254.4,254.6,252,252,2566,26122
610627,251.6,253,251,252.4,3368,26280
610628,253,254.2,252.6,254,4930,26314
610629,254.5,257.4,253.4,257.2,2787,26634
610630,257.6,262.6,256.4,258,5632,27270
610703,259.2,262.4,258.4,261.2,10592,28102
610705,258,262,258,258.4,7219,28723
610706,258.2,259.4,257.6,258.6,7097,29065
610707,259,260,257.4,257.4,3839,29320
610710,256.4,256.6,254.6,255.4,4605,28705
610711,255.4,256.6,254.6,256,7153,28142
610712,255.2,255.4,253.2,253.6,5448,28085
610713,253.2,254,251,251.6,4678,28338
610714,251.2,251.6,250,250.6,5748,28310
610717,250.2,250.6,249.2,250,5469,29101
610718,250,253,250,251.4,5268,29282
610719,252,253.2,251.4,252.4,5543,30178
610720,253,253.2,251,252,6620,31009
610721,252,252.4,250.4,251.4,6834,32183
610724,251.2,253.4,250.2,253.4,4857,33064
610725,257,260.2,257,259.2,5584,33916
610726,259,260,257.4,258,18234,34904
610727,258,258,255.6,256.4,10407,36177
610728,256,257.4,255.6,256.3,7992,36946
610731,256,256.2,254.2,254.2,5453,37390
610801,254,254,251.4,251.5,7179,38744
610802,251.2,254,250.6,253.5,9249,39189
610803,253.6,254,250.1,251.3,7739,40170
610804,251.2,252.6,250,251.2,9306,40418
610807,251.2,252.2,250.2,250.5,8466,40778
610808,250.2,250.2,247.4,247.7,4674,40841
610809,247.4,248.3,245.3,246.2,13804,39270
610810,246,248.3,245.5,246.4,16966,37661
610811,244.4,245.5,244,245.4,11720,37563
610814,246.4,247.2,245.4,247,9628,36156
610815,247,248.6,246,246.1,6405,36000
610816,246,246.4,245.2,245.7,9469,36237
610817,246.2,246.7,245.5,246.4,7093,36132
610818,246.4,248,246,247.4,5152,36169
610821,247.4,248.6,247.1,247.3,5356,35859
610822,248.2,251.2,248,251.1,9747,35875
610823,252,253.4,251.4,253,15439,34227
610824,253.2,253.2,251.4,251.6,20085,33498
610825,251,252.6,250.5,250.6,9444,34427
610828,250,250.4,247.2,248.1,9158,35651
610829,248.2,248.6,247.2,247.6,15789,34640
610830,247.6,248,246.2,247.2,10870,34073
610831,247.1,249.1,246.4,246.6,10454,33028
610901,246.6,247.5,245.5,245.6,12229,32889
610905,245,245.4,241.1,242.7,9419,32320
610906,242.4,244.4,242.4,243,15477,30476
610907,243.2,243.4,240.6,241.4,8499,29761
610908,241.2,243.2,241.2,242.3,8936,28276
610911,243.2,244.1,242.4,243,6800,27874
610912,243,245.2,243,245.2,7700,28028
610913,245.6,247.2,245.3,245.4,8840,27166
610914,245,245,241.2,241.6,10584,26565
610915,241,242.1,240.2,241.7,13047,25010
610918,240.7,241,239.3,240,10359,23788
610919,240,241.3,239.4,240.1,13361,20130
610920,239.6,241.2,236,239,16265,16036
