601212,214.1,214.2,213.4,214.1,0,0
601213,214.1,214.1,213.4,213.6,386,301
601214,213.6,213.6,213.2,213.2,372,538
601215,213.1,213.1,213.1,213.1,445,873
601216,213.4,215.3,213.4,215,426,1109
601219,217,217,215.4,216.2,409,1358
601220,216.3,217.5,216.3,217.4,605,1751
601221,218,218.6,217.6,218.4,409,1957
601222,218.5,218.5,217.1,217.5,831,2273
601223,217,217.3,216,217,1391,3055
601227,217.1,217.1,215.4,215.5,1638,3768
601228,215.4,216.2,215.1,215.6,2270,4824
601229,216,216.2,215.2,215.3,1448,5269
601230,216,216.2,215.2,215.4,2633,6430
610103,216.4,218.4,215.6,218.4,1572,7088
610104,218.2,219.4,216.4,218.4,1662,7648
610105,217.6,220,217.3,219.3,2183,7971
610106,219.6,222.6,219.4,221.2,2106,8830
610109,222,222.6,219,219.2,4466,10297
610110,219.4,220,218,218.2,4493,10536
610111,219,220,218.2,219.2,2806,11532
610112,219.2,219.7,218.2,219.2,1740,11877
610113,219.4,222.2,219.4,222,1349,12127
610116,223.4,226,223.2,225,3445,12810
610117,224.4,225.2,223,225,3130,12950
610118,225.4,225.4,223,224,2682,13402
610119,223.2,224,222,223.6,3257,14068
610120,224,224,222,222.4,2034,14293
610123,223,224,222.4,223.2,1587,14600
610124,224.2,227.4,223.4,226.4,1297,14885
610125,226.2,226.2,223.4,223.4,4047,15236
610126,224.4,226,224,226,3093,15809
610127,227,228.4,226.4,227,3363,16037
610130,228.4,231.4,228.4,231.2,4984,16028
610131,230,230,224.6,227.6,2850,16286
610201,227.4,229.6,226.2,229.6,3481,17053
610202,229.6,230.4,228.6,230,2542,16932
610203,230.6,232.4,230.4,231.2,3857,17805
610206,232.4,234.4,232.2,232.2,2382,17950
610207,231.2,231.4,230,231.2,2370,18075
610208,230.6,234.2,230.6,232.4,2073,18112
610209,233.6,234.5,232.6,232.6,2475,17970
610210,233.6,236.2,233.2,235.6,2313,18063
610213,235.6,240.6,235,238,3052,19052
610214,239.6,240.6,238.6,239.2,4611,19861
610215,240,242,239,241.6,4475,21238
610216,243,244,240,242.2,3366,21025
610217,241.4,241.4,239.2,239.4,4751,22517
610220,238.2,239.2,237.4,238.6,4530,22994
610221,238.6,242.2,238.4,241.6,2911,22714
610223,243.4,247,242,246.6,3165,22751
610224,245.6,247.6,244.2,245.6,6150,23553
610227,246.4,249.2,246.2,247.2,7370,23285
610228,247.2,249.7,246.2,247.4,6859,23144
610301,240,245.4,237.3,237.3,5594,22950
610302,236.4,240,231.4,235.4,9704,24681
610303,239,242,236.4,239.4,11222,22363
610306,239.6,244.2,239.6,242.2,8481,24960
610307,241,242.2,239.4,239.4,6239,25552
610308,240.2,241,238.4,238.7,4016,25959
610309,238.6,240,237.2,237.4,3703,25296
610310,238,240.6,237.4,240.2,4445,26433
610313,240.4,241,238,239.4,3850,26029
610314,239,242.2,238.6,242.2,4113,26005
610315,241.4,241.6,238,238.4,4145,25951
610316,240,241,239,239.6,3062,25713
610317,240.4,241.6,239,239,2933,26112
610320,239.2,239.6,236,237.4,2590,26590
610321,237.6,239,237,238.2,3498,26800
610322,239.4,240.6,239.4,240.6,1903,26713
610323,241,241.4,239,239.2,3089,26694
610324,240.1,241.6,239.6,241.6,5683,27533
610327,240,241.4,239.4,241.2,4737,28997
610328,241.6,242,240.4,240.6,2924,29354
610329,240.4,241,237.6,240,1564,29383
610330,240.4,241.2,239.6,241,4847,30077
610403,241.6,242,240.4,241.6,2368,30183
610404,241.4,243,241.4,242.4,2168,30603
610405,243,243.3,242.4,243.2,2491,31127
610406,244,244.4,242.1,243,3128,31097
610407,243.4,244,242,242.4,4969,32248
610410,243.2,244.4,242.4,243.4,4853,32616
610411,245,249.4,244.6,248,5396,33592
610412,248.4,249.2,245.4,245.4,10534,35045
610413,245.6,247.4,245.6,246.6,7410,34955
610414,247.2,248,246.2,246.4,3865,36002
610417,246.2,247.4,243.2,246,3650,36808
610418,245.6,249.6,245.4,249.6,7536,35277
610419,249,253.2,248.4,252.4,8294,33935
610420,252.2,252.4,250,251.2,7573,33388
610421,251.4,252.4,250.6,252.2,5855,33288
610424,252,256,252,256,2401,33454
610425,260,263.4,259,262,5103,32875
610426,260,260,254.4,255,15270,34668
610427,254,257.4,253.4,255.2,7089,33614
610428,254.6,257.6,254.4,257.2,6544,33276
610501,257.6,260.4,256.6,257.4,3441,33116
610502,256,259,256,258.6,5916,33650
610503,259.4,260,257,258.6,3044,33355
610504,258,259.2,252,256.2,4696,33904
610505,256.6,257.4,255.4,256.4,13946,32425
610508,257,258.2,255.2,256,4305,32319
610509,255.2,256.4,255,255,4181,32794
610510,256.2,256.2,254,255.2,3292,32994
610511,255.4,255.6,254.4,254.6,3159,33033
610512,255.4,255.6,254.5,255.4,4217,33334
610515,255.6,256,254.6,255.2,2293,33275
610516,254.6,255,252.6,253.4,2570,32567
610517,252,254,251.6,253.4,3496,32810
610518,254,254.4,253,254.2,3424,32819
610519,254.4,255.2,253,253.4,1649,32729
610522,252.6,253.4,249.4,249.4,3988,33077
610523,249,251.6,249,250.4,5994,33909
610524,250.2,251.2,249.6,250.4,4759,34008
610525,251,251.4,250.2,250.4,2985,34248
610526,251,251,249.1,249.6,1998,34214
610529,249.4,250.4,249.2,250.3,3775,34393
610531,250.2,251,249,250.6,995,34488
610601,250.4,250.6,249.4,250,2651,34556
610602,249.2,249.6,249,249.4,2174,34738
610605,249.4,250.4,249,250.2,1908,34915
610606,249.4,250.6,249.4,249.6,2541,35463
610607,249.6,250.4,249,250.4,2785,36249
610608,250,250.4,249.4,250.2,3754,36187
610609,250.2,250.4,249.6,250.2,3564,35458
610612,250,250,244.2,245.4,3225,34997
610613,245.4,247.2,245.2,246,7796,35469
610614,245.6,247.6,245.4,247,5377,36191
610615,247,247.2,245,245.4,3558,36654
610616,245,245.4,243.6,245.4,4830,37333
610619,245.2,245.6,244.2,245.6,6198,38436
610620,244.6,245.6,244.4,245.1,3101,38293
610621,245.4,245.6,244.1,245,3115,38286
610622,245.2,248.2,245,247.4,1790,38669
610623,248,248.4,247.2,248.2,5096,40283
610626,247.4,247.6,246,246,3303,40515
610627,245.6,246.4,244.6,246.4,3059,40636
610628,246.6,248,245.6,247.6,6190,40559
610629,248,250.6,247.2,250,3560,40957
610630,250.2,252.2,249.2,249.6,6666,41780
610703,249.4,253.4,249.4,253.2,7018,41932
610705,252,253.6,250.4,251.2,5116,42051
610706,251.6,252.4,251,252,5628,42471
610707,252.2,253.2,251,251.2,4161,42681
610710,251,251,249.6,250.4,3876,42818
610711,250.2,251,249.6,250.4,8014,43827
610712,249.4,249.4,247.6,248.2,4325,43867
610713,248,248,245.4,246,5428,43798
610714,245.6,246.2,245.2,246.2,5662,42820
610717,246.2,246.6,245.6,246.5,4589,43141
610718,246.6,248.4,246.4,248,4494,43140
610719,248.2,248.4,247.6,248.2,4668,43067
610720,248.4,248.4,246.2,247.4,2780,42971
610721,247.4,247.4,246,247,5499,42198
610724,246.4,247.4,245.6,247.2,4121,42709
610725,248.4,251.4,248.4,250.4,5531,43755
610726,250.2,250.4,248.4,249.2,12371,44264
610727,248.6,248.6,247.4,248.2,8889,44017
610728,248,249,247.4,248,6108,45302
610731,247.6,248.2,246.2,246.4,5496,45336
610801,246.2,246.3,244.6,244.6,6338,45999
610802,244.6,246.6,244.2,246.4,7906,46961
610803,246.4,246.4,244.2,244.7,5851,47277
610804,245.2,246.2,244.3,245.2,7371,47867
610807,246,246.3,245,245.3,9226,48132
610808,245.2,245.4,244.3,244.5,4138,48504
610809,245,245.1,243.4,243.7,6454,48701
610810,243.6,244.6,243.3,243.5,11186,47778
610811,241.4,242.4,241.4,242.3,7789,46470
610814,242.2,243.5,242.2,243.5,7930,45660
610815,243.4,244.5,242.3,242.4,6331,45891
610816,242.4,243.1,242.2,243,7971,46000
610817,243,243.7,242.6,243.6,4812,45874
610818,243.4,244.6,243.1,244,3856,45919
610821,243.6,244.6,242.3,242.6,5192,46169
610822,243,243.3,242.6,243.1,6495,45989
610823,243.1,244.2,243.1,244,6630,46429
610824,244.2,244.4,243.5,244,8107,47237
610825,243.6,244.5,243.6,244.2,5179,48028
610828,243.6,243.6,242.2,242.6,6244,47697
610829,242.6,242.6,241.7,242.2,9734,47812
610830,242,242.1,241.3,242,6276,47681
610831,242,242.7,241.5,241.6,6487,47806
610901,241.4,242.1,241.1,241.2,6604,47984
610905,241.3,241.3,238.5,239.4,5064,47803
610906,239.4,240.1,239.2,239.4,12427,46620
610907,239.4,239.7,238.5,239,6678,45656
610908,239.2,240,238.6,239.2,6582,45606
610911,239.6,239.6,238.5,238.6,6773,44793
610912,238,239.4,238,239.3,5801,44765
610913,240,240.6,239.4,239.4,7870,45022
610914,239.4,239.4,238.2,238.5,7185,44649
610915,238.1,238.5,237.7,238.4,7461,44874
610918,238,238,237.1,237.2,7702,45446
610919,237.2,238,237,237,8629,44958
610920,237,237.4,236.7,237,10136,43583
610921,237.2,237.7,237.2,237.6,10328,41818
610922,237.7,239.4,237.7,239,6499,41293
610925,239.7,240.6,239.1,239.4,11576,40734
610926,239.2,239.2,237.4,237.4,9321,40584
610927,237.6,238.7,237.6,238.1,6501,40120
610928,238,238,237,237,6223,40554
610929,237,237.2,236.3,236.3,5650,40444
611002,236.3,237.4,236.3,236.5,9175,39824
611003,236.5,238.6,236.5,238.5,4878,39534
611004,238.6,239,237.6,237.7,7696,38901
611005,237.4,237.5,236.4,236.4,9224,38996
611006,236.1,236.1,235.1,235.7,7480,39811
611009,235.6,237,235.6,236.5,12798,38748
611010,236.7,238.6,236.7,238.4,9579,37850
611011,239.2,239.7,237.7,239.5,11325,37063
611012,239.4,241,239.2,240,13068,37743
611013,240.1,241.1,239.7,240.7,12764,36974
611016,240.6,241.2,239.7,240,9129,36605
611017,239.7,240.2,239.4,239.6,10768,35538
611018,239.4,242,239.2,241.4,10778,36089
611019,242,243.2,241.7,242.3,11995,36468
611020,242.6,243,242.1,242.4,12961,35939
611023,242.6,244.1,242,243.5,8878,35723
611024,244,244,242.4,242.7,11174,35358
611025,242.6,243.3,242,242.4,12025,33157
611026,242.3,242.3,241.3,241.5,9608,33058
611027,241.4,242.2,241,241.7,6677,32101
611030,241.6,241.6,240.4,240.6,7897,30850
611031,240.6,241.2,240.5,240.6,10905,27726
611101,240.4,240.7,240,240.4,7307,25377
611102,240.6,241.3,240,240.2,5860,21618
611103,240,241.1,240,240.5,6483,19915
611106,240.4,240.6,240,240.4,4242,19346
611107,240.5,242.4,240.1,242.2,4625,17609
611108,243,243.5,242.7,243.4,5992,16155
611109,244,244.2,242.6,242.6,5002,14665
611110,242.7,242.7,242.2,242.5,6090,12466
611113,242.4,243,242,243,4853,11416
611114,242.4,243.3,242,242.2,4015,10071
611115,242.2,243.1,241.3,242.5,4204,8927
611116,242.7,243,242,242.3,3886,8127
611117,242.4,242.4,241.7,242.2,3799,6977
611120,242,242.2,239.2,239.4,3595,6156
