610802,257.2,259,257.2,259,0,0
610803,258,258,257,257.4,109,43
610804,256.6,258.2,256.6,258.2,115,123
610807,258.4,259.2,258.2,258.3,554,550
610808,258,258.2,257.4,257.7,61,540
610809,257.6,257.6,257,257.2,511,949
610810,257,257.7,256.6,257,45,967
610811,255.4,255.6,255.2,255.5,572,1404
610814,255.1,256.3,255.1,256.2,409,1546
610815,256,257.2,255.4,255.4,197,1643
610816,255.4,256.1,255.4,255.6,265,1670
610817,255.6,256.4,255.5,256.2,326,1879
610818,256.1,256.1,255.7,256.1,132,1845
610821,255.6,256,255.2,255.6,181,1840
610822,255.2,255.4,255.1,255.2,40,1840
610823,255.2,256.1,255.2,255.7,178,1893
610824,255.4,256,255.4,255.6,1410,2948
610825,256,256.2,256,256.2,37,2950
610828,255.6,255.6,254.6,255.3,93,2951
610829,255.1,255.3,254.7,254.7,366,3096
610830,255,255.1,254,255,146,3192
610831,255,256.3,254.6,254.6,65,3202
610901,254.6,255.4,254.2,254.3,1955,4222
610905,254.3,254.4,252.1,252.6,164,4250
610906,252.3,253.1,252.3,252.6,1277,5010
610907,253,253,251.7,252.3,411,5094
610908,252.3,253.3,252.2,252.7,173,5188
610911,253.1,253.1,252.5,252.5,1761,6285
610912,252.4,253.4,252.4,253.4,895,5840
610913,254.4,254.4,253.4,253.4,845,6275
610914,253.3,253.3,251.7,252.2,1954,6568
610915,251.5,252,251.5,251.7,721,6770
610918,250.2,250.7,250,250.1,736,7105
610919,250.2,250.6,250.2,250.3,274,7188
610920,250.4,251.1,250.4,251,412,7375
610921,251.3,251.5,251,251.4,913,7865
610922,251.7,253,251.3,252.6,720,8369
610925,254.2,254.2,252.6,253,908,8881
610926,252.6,252.6,251,251,607,9116
610927,251.3,252.4,251.3,251.4,538,9201
610928,251.5,251.5,251,251,402,9290
610929,251.3,251.4,250.6,250.6,147,9310
611002,251.4,251.5,251,251,601,9451
611003,251.2,253.2,251.2,253.2,343,9552
611004,253.6,253.6,252.2,252.2,1841,10688
611005,252,252,250.6,250.6,662,11055
611006,250.4,250.4,249.5,250.2,400,11050
611009,250.4,251.6,250.4,251.6,1351,11659
611010,251.6,253.4,251.6,253.3,3221,12089
611011,253.5,254.3,252.5,254.2,3121,13229
611012,254.2,255.2,253.7,254.2,1880,13904
611013,254.3,255.3,254.1,255.2,1506,14211
611016,255,255.6,254.3,254.4,1026,14475
611017,254.3,254.4,253.4,253.6,1493,14889
611018,253.6,254.6,253,254.2,2735,15689
611019,254.6,255.1,254.2,254.5,2496,16404
611020,254.6,254.6,253.5,254,2220,16246
611023,254,255.2,253.7,253.7,1574,16783
611024,254.4,254.4,253.1,253.5,3318,17793
611025,253.4,253.7,252.7,253.4,2316,18102
611026,253.2,253.3,252.4,252.5,1840,18857
611030,253.2,253.3,252.3,252.3,1035,18757
611031,252.5,252.5,251.6,251.6,1727,18788
611101,251.5,251.6,251.1,251.3,853,18698
611102,251.4,251.6,250.2,250.2,1409,18951
611103,250.2,250.7,250.1,250.4,1478,19367
611106,250.6,250.6,250.2,250.2,1234,19386
611107,250.2,251.5,250.2,251.4,623,19396
611108,252.2,252.6,252.2,252.6,1738,19554
611109,253,253.2,252.3,252.3,1270,19527
611110,252.3,252.6,252.1,252.5,2195,19720
611113,252.4,252.5,252.1,252.5,1014,19810
611114,252.2,252.4,249.3,250.4,698,19857
611115,249.4,250.4,248.7,249,2701,20094
611116,248.4,249.6,248.3,249.6,2920,20467
611117,249.4,249.4,248.5,248.7,4713,20611
611120,248.2,248.6,247.6,248.3,1901,21262
611121,248.3,249.2,248.3,249.2,3031,21910
611122,249.2,249.6,247.4,248,1684,22214
611124,247.6,248.5,247.6,248.1,2894,22716
611127,247.6,248,247.2,247.3,3473,22651
611128,247.1,247.4,246.4,246.5,2260,22671
611129,246.1,247,246.1,246.7,3764,23294
611130,247,247.5,246.7,247.4,2911,22981
611201,247.5,248.6,247.5,248,2126,23148
611204,248,248.2,247.1,247.4,1779,23199
611205,247.3,248.1,247.2,247.7,1356,23288
611206,247.6,248.3,247.6,248.1,2560,23567
611207,248.1,249,247.7,249,1972,23703
611208,249,249.3,246.7,247.3,3429,24434
611211,247.4,248.3,247.4,247.5,7443,24969
611212,247.4,247.7,247.4,247.4,1647,24786
611213,247.4,248.2,247.3,248,1221,25129
611214,248.1,248.2,247.5,247.5,1572,25110
611215,247.5,248.2,247.3,248,932,25013
611218,247.7,248.1,247.4,247.5,2830,25953
611219,247.3,247.7,247.3,247.3,2247,26721
611220,247.5,247.5,247.3,247.4,830,26639
611221,247.5,248,247.4,248,1364,26490
611222,248,248.6,248,248.4,1310,26644
611226,249,249.3,248.4,248.6,2867,26724
611227,248.6,248.7,247.4,247.5,2525,27206
611228,247.7,248.1,247.4,247.6,2675,27165
611229,247.7,248.2,247.6,248,3636,26634
620102,248.1,249.2,248.1,249.1,4131,27332
620103,249.1,249.4,249,249.4,2744,26849
620104,249.4,250,249.1,249.2,4052,27568
620105,249.1,249.6,249,249.6,4018,28204
620108,250,250.3,249.6,249.7,2731,28394
620109,249.7,250,249.4,249.4,2278,28867
620110,248.4,249.3,248,248.4,1934,29261
620111,248.4,248.7,248.2,248.2,5212,29127
620112,248.3,249.2,248.2,248.6,4312,29814
620115,249.2,249.5,248.4,248.4,4195,29960
620116,248.6,249.1,248.4,248.4,1588,30058
620117,248.4,248.7,248.3,248.6,2370,30440
620118,248.4,248.6,248,248.2,2666,31116
620119,248,248.6,248,248.2,4250,30986
620122,248,248.1,247.3,247.7,2933,31276
620123,247.6,248,247.5,247.7,2572,31087
620124,248,248.1,247.4,247.5,2099,31004
620125,247.4,248,247.3,247.7,1975,30885
620126,248,248,247.5,247.7,1968,30881
620129,247.7,248.2,247.5,248.2,1199,31018
620130,248.1,248.2,247.7,248.2,1761,30979
620131,248,248.6,247.2,248.4,1431,30981
620201,248.4,248.7,248.3,248.6,4837,31039
620202,248.6,249,248.2,249,2291,31060
620205,248.7,249.1,248.5,249,1763,31260
620206,249,249.1,248.6,248.6,1605,31244
620207,248.6,248.6,248.3,248.3,1118,31062
620208,248,248.4,248,248.3,976,31272
620209,248.3,248.4,248,248.1,1501,31157
620212,248,248.2,247.6,248.1,2676,31123
620213,248,248.7,247.6,248.5,1207,31180
620214,248.4,248.5,248.3,248.4,3252,31292
620215,248.4,248.4,247.4,247.4,849,31416
620216,247.4,247.4,246,246.1,2397,31542
620219,245.7,246,244.7,245.3,5209,30757
620220,245.3,246.4,245,246.3,4344,30088
620221,246.4,246.4,245.6,246,4433,29480
620223,245.7,246,245.3,246,2768,29719
620226,246,247.6,245.7,247.5,1953,29936
620227,247,247.1,246.4,247.1,3282,30414
620228,247,247.4,246.5,246.7,2669,31058
620301,246.4,247.5,246.3,247.3,3465,30383
620302,247.6,248.3,247.5,248.3,3312,31006
620305,248.4,248.6,248.3,248.5,3287,31489
620306,248.6,248.7,248.1,248.1,1588,31499
620307,248.2,248.6,248,248.5,2569,31543
620308,248.6,249,248.3,248.4,2818,32056
620309,248.3,248.5,248.1,248.3,3601,32631
620312,248.3,248.4,247.6,247.6,1434,32742
620313,247.6,248.1,247.4,247.6,1753,33133
620314,248,248.2,247.6,248.2,3202,33852
620315,248.3,249,248.3,249,2529,34370
620316,249.1,249.4,249,249,3045,33952
620319,248.7,249,248.2,248.3,3430,34258
620320,248.2,248.6,247.6,248.5,2475,34698
620321,248.5,249.1,248.4,248.7,2291,34830
620322,248.7,249,248.6,249,1870,34807
620323,249.1,249.6,249.1,249.5,2384,34886
620326,249.6,249.6,249.1,249.2,2920,35282
620327,249.2,249.2,248.4,249,2273,35916
620328,248.7,249,248.4,248.6,2691,36332
620329,248.6,248.6,248.3,248.4,2615,36616
620330,248.4,248.5,248.1,248.3,3059,36991
620402,248.2,248.6,248.2,248.5,2797,37300
620403,248.4,248.7,248.3,248.6,3346,37359
620404,249,250,248.6,249.7,3892,37929
620405,250.2,251.3,250.2,251,4976,38977
620406,250.7,250.7,250.2,250.4,9367,38685
620409,250.2,250.7,249.4,249.4,3314,39530
620410,249.4,250,249.3,250,4836,39335
620411,250,250,249.4,249.4,3187,40163
620412,249.6,250.2,249.4,250.1,3500,41256
620413,250.1,251,250.1,250.4,2849,41267
620416,250.3,250.4,248.7,249.4,4599,40887
620417,249.3,249.7,249.1,249.1,4869,40908
620418,249.2,249.4,248.7,249.3,3003,41447
620419,249.2,250,249.2,249.6,3715,41790
620423,249.4,249.6,249.1,249.5,3369,41565
620424,249.5,249.6,248.6,249.2,2259,41927
620425,249,249.3,248.1,248.2,4208,42658
620426,248.1,248.1,247,247.6,3554,42504
620427,247.7,248.4,247.5,248.3,7569,42622
620430,247.7,248.3,247.3,247.7,5672,43067
620501,247.5,249,247.3,248.5,5613,43742
620502,248.5,249,248.4,248.7,6482,44977
620503,248.6,249.2,248.1,248.5,4295,45853
620504,248.5,248.7,248.3,248.3,6678,46397
620507,248.2,248.4,247.6,247.7,3030,47181
620508,247.7,248.5,247.5,248.5,4915,48271
620509,249,249,248.4,248.4,3479,49276
620510,248.5,248.5,248.1,248.2,4537,50418
620511,248.3,248.3,247.5,247.5,4799,51259
620514,247.5,247.6,247,247.6,4353,51981
620515,247.5,248.2,247.5,248.2,7696,53040
620516,248.1,248.7,248.1,248.4,5186,54026
620517,248.3,248.6,248.2,248.4,5910,54561
620518,248.4,248.5,248.2,248.4,3968,55227
620521,248.3,248.5,247.7,248,4880,55673
620522,248.4,248.6,247,247,6463,57005
620523,246.6,247,246.2,246.3,6776,56800
620524,246.2,247.2,246.2,246.6,10023,56978
620525,247.2,248.2,247.1,248.2,6267,57345
620528,248.4,249.4,248.2,248.3,6128,57111
620529,248,248.2,246.7,248.1,14619,54515
620531,248.4,248.6,247,247.4,9065,53171
620601,247.4,247.6,246.6,247.3,6878,52492
620604,247.6,248,247.3,247.7,4205,52259
620605,247.6,248,247.3,247.5,2908,52190
620606,247.4,247.4,246.4,246.4,3850,50646
620607,246.3,246.3,245.5,245.5,4802,49238
620608,246,246,245,245.1,7744,47762
620611,245,245.2,244.2,245.1,6261,46936
620612,245.3,247.1,245.2,247.1,6748,46430
620613,247.2,249.4,247.1,248.7,6840,45910
620614,248.6,250.1,248.6,249.2,17507,42158
620615,249.2,249.7,247.6,248,14508,37833
620618,248.3,250,248.3,249.7,5904,36586
620619,249.7,250.3,249.2,249.7,7170,35205
620620,250,250.2,249.5,250.2,6382,33584
620621,250.3,250.5,249.3,249.6,5000,32756
620622,249.4,249.4,248.4,248.7,5750,31565
620625,248.6,249.3,248.1,249.2,5119,30856
620626,249.4,250.3,249.4,250.1,3411,30630
620627,249.6,250,248.6,248.7,3742,29687
620628,248.6,249.4,248.3,249.1,2893,29362
620629,248.7,249.7,248.2,248.7,3406,28655
620702,248.4,248.6,247.7,248.5,4755,27192
620703,248.7,249.5,248.7,249.4,4281,25792
620705,249.2,249.7,249,249.6,2655,25459
620706,249.4,250.4,249.4,250.2,2894,24675
620709,250.4,251,250.4,250.6,4596,23580
620710,250.6,250.6,249.5,249.7,3725,21955
620711,249.6,251.5,249.5,251.4,3683,21104
620712,251.4,252.2,251.3,252.2,4522,19507
620713,252.2,252.7,250.5,251.2,4819,17017
620716,251.4,252.6,251.2,252,4213,15061
620717,252.6,254.2,252.6,254,2391,14415
620718,254.6,255,253,253.5,5539,11211
620719,253.7,253.7,252.1,252.6,6255,8759
620720,252.6,257,251.4,257,2608,6789
