610901,255,255.2,255,255.1,0,0
610905,254,254,253,253.4,10,10
610906,253.4,253.4,253.4,253.4,465,240
610907,253,253,253,253,5,245
610908,253.6,253.6,253.6,253.6,0,245
610911,253.2,253.2,253.2,253.2,0,245
610912,254.2,254.2,254.2,254.2,0,245
610913,254.4,254.4,254.4,254.4,0,245
610914,253.2,253.2,253,253,0,245
610915,252.3,252.4,252.3,252.4,40,285
610918,251.4,251.4,250.7,251,20,305
610919,251.3,251.4,251.3,251.3,55,310
610920,251.4,252,251.4,252,30,315
610921,252.2,252.2,252,252,20,345
610922,252.3,253.4,252.3,253.4,50,390
610925,253.7,254,253.5,253.6,25,400
610926,252.6,252.6,251.7,251.7,54,443
610927,252,253.1,252,252.5,29,461
610928,251.6,251.6,251.6,251.6,17,476
610929,252,252.1,251.7,251.7,10,476
611002,252,252,252,252,50,476
611003,253,254,253,254,0,476
611004,254.3,254.3,253.4,253.4,20,496
611005,252.4,252.4,252,252,166,606
611006,251.6,251.6,251,251.1,20,626
611009,252,253,251.7,253,126,726
611010,253,254.2,253,254.2,10,726
611011,253.6,255.3,253.4,255.2,256,736
611012,255,256.3,255,255.4,72,762
611013,255.5,256,255,256,36,773
611016,255.2,255.2,255.2,255.2,67,795
611017,254.4,254.4,254.4,254.4,0,795
611018,255.2,255.2,255.2,255.2,0,795
611019,255.2,255.2,254.6,255,0,795
611020,253.2,254.6,253.2,254.2,136,790
611023,254.6,255.3,254.5,254.6,75,820
611024,253.4,253.4,253.4,253.4,145,800
611025,253.2,253.7,253.2,253.6,0,800
611026,253.3,253.4,252,253,245,870
611027,252.6,254.2,252.6,254.2,90,920
611030,253.4,253.4,253.4,253.4,215,1080
611031,252.4,252.4,252.4,252.4,0,1080
611101,252,252.1,251.6,252,0,1080
611102,251.3,251.3,251.2,251.2,35,1090
611103,251,251.1,251,251.1,10,1100
611106,251.2,251.2,250.4,250.4,61,1159
611107,250.7,252,250.7,251.7,50,1174
611108,252.2,253,252.2,253,220,1154
611109,253.2,253.2,252,252,95,1159
611110,252.4,253,252.4,253,71,1220
611113,252.2,252.6,252,252.6,160,1310
611114,252.2,252.3,249,250.2,45,1335
611115,249.4,250.1,248.2,248.2,234,1355
611116,248.1,248.5,247.3,248.5,513,1675
611117,248.5,248.6,248.1,248.4,277,1816
611120,248.4,248.4,247.2,247.6,180,1931
611121,248,248.5,248,248.5,322,2163
611122,248.7,249,246.6,246.6,1180,2788
611124,247,247.6,246.6,247,650,3138
611127,247,247,246.1,246.6,704,3326
611128,246.1,246.3,245.4,245.4,522,3608
611129,245.5,246.2,245.5,246.2,450,3828
611130,245.7,246.5,245.7,246.5,534,3981
611201,246.7,247.7,246.6,246.7,705,4236
611204,247.1,247.2,246.2,246.7,400,4461
611205,246.6,247.2,246.5,247.2,80,4481
611206,247.4,247.6,247.3,247.6,852,4951
611207,247.3,248.4,247.2,248.4,397,5103
611208,248.5,248.5,246.3,246.6,215,5043
611211,247,247.6,246.7,247,282,5090
611212,247,247.2,246.5,246.7,521,5171
611213,246.7,247.2,246.7,247.2,555,5411
611214,247,247.2,246.4,246.6,685,5676
611215,246.1,246.2,245.6,246,433,5877
611218,246,246.1,245.6,246,1245,5744
611219,246,246.1,245.4,245.6,140,5699
611220,245.6,245.6,245.4,245.6,90,5714
611221,245.5,246.4,245.5,246.4,1000,5499
611222,246.6,247,246.4,247,670,5409
611226,247.2,247.2,246.5,247,430,5459
611227,246.6,246.7,246.1,246.2,295,5520
611228,246.1,246.6,246.1,246.6,309,5558
611229,247,247.4,247,247.2,855,5513
620102,247,247.7,246.6,247.7,1060,6293
620103,247.7,248,247.3,247.6,545,6438
620104,247.6,248.4,247.5,247.7,460,6539
620105,247.6,248.2,247.6,248.2,605,6519
620108,248.2,248.6,248.1,248.3,205,6579
620109,248.2,248.4,248.1,248.2,651,6685
620110,248.2,248.2,246.4,246.4,646,6965
620111,246.5,247,246.4,246.4,715,7235
620112,246.6,247.5,246.6,247.4,395,7190
620115,247.5,247.5,247.2,247.4,1235,7205
620116,247.2,247.6,247.2,247.4,710,7310
620117,247.2,248.2,247.2,248.2,685,7190
620118,247.5,248,247.4,247.4,344,7355
620119,247.4,248,247.1,247.7,461,7531
620122,247.4,247.6,246.7,247.4,220,7568
620123,247.2,247.5,247.1,247.4,747,7444
620124,247.4,247.5,247.2,247.2,155,7464
620125,247.2,247.6,247.1,247.6,90,7479
620126,247.6,247.6,247.4,247.6,421,7539
620129,247.4,247.7,247.3,247.7,430,7694
620130,247.6,247.6,247.6,247.6,210,7699
620131,247.4,248.3,247,248.2,67,7706
620201,248.3,248.4,248,248.4,525,7710
620202,248.3,248.4,248.1,248.2,323,7652
620205,248.3,249,248.2,248.7,111,7607
620206,248.7,248.7,248.5,248.6,507,7577
620207,248.4,248.4,248.3,248.4,209,7643
620208,248.2,248.4,248,248.4,32,7644
620209,248.1,248.3,247.6,247.7,263,7650
620212,247.5,248.1,247.5,248,321,7720
620213,247.7,248.4,247.3,248.4,375,7715
620214,248.3,248.3,247.6,248.1,896,8016
620215,248,248,247,247.2,1130,8516
620216,247,247.1,246,246.1,936,8627
620219,246,246,244.7,245.6,1318,8871
620220,245.1,246.4,245.1,246.3,857,8783
620221,246.4,246.4,245.7,245.7,615,8864
620223,246,246,245.3,246,570,8874
620226,246.1,247.6,246,247.6,273,8944
620227,247,247.2,246.4,247.2,612,8954
620228,246.6,247.2,246.4,246.4,519,9147
620301,247,247.4,246.4,247.3,625,9272
620302,248,248.2,247.4,248.2,550,9158
620305,247.7,248.1,247.7,248,391,9270
620306,248.1,248.2,247.3,247.4,287,9277
620307,247.5,248.1,247.3,247.7,633,8921
620308,248,248,247.6,248,772,8785
620309,247.6,248,247.6,247.7,867,9167
620312,247.7,248,247.2,247.2,75,9092
620313,247.2,247.4,247,247,287,9222
620314,247.3,247.4,247.3,247.3,452,9298
620315,247.4,248.3,247.4,248.1,120,9283
620316,248.3,248.4,248.2,248.2,825,9433
620319,248.2,248.2,247.5,247.5,275,9513
620320,247.6,248.1,247.4,248,252,9602
620321,248.1,248.6,248,248.2,351,9737
620322,248.1,248.3,248,248.3,485,9690
620323,248.4,249.1,248.4,249,387,9815
620326,249.2,249.2,248.5,248.6,994,10358
620327,248.4,248.4,247.7,248.3,538,10335
620328,248.1,248.4,247.7,248.3,551,10490
620329,248.4,248.4,248,248.2,736,10480
620330,248,248.3,248,248.2,362,10420
620402,248.4,248.5,248.2,248.2,455,10276
620403,248.2,248.2,247.7,248.2,735,10345
620404,248.6,249.2,248.4,249.2,1037,10805
620405,249.2,250.2,249.2,250,359,10939
620406,250,250,249.5,249.5,1244,11046
620409,249.6,250,248.7,248.7,200,11024
620410,248.4,249.2,248.4,249.1,408,11208
620411,248.7,248.7,248.4,248.4,435,11200
620412,248.4,249,248.2,248.7,907,11005
620413,249,249.1,248.5,248.6,1215,11003
620416,248.6,248.6,247.5,248,1590,10735
620417,248.2,248.2,247,247.1,476,10900
620418,247.1,247.4,247,247.4,652,10765
620419,247.3,248,247.3,248,868,11075
620423,248,248,247.4,248,346,11056
620424,247.6,247.6,247.1,247.3,420,10951
620425,247.3,247.4,246.3,246.6,388,10998
620426,246.2,246.4,245.7,246.2,577,11277
620427,246.2,246.6,246.2,246.6,1677,10607
620430,246.3,246.4,245.7,246,566,10598
620501,245.7,246.4,245.4,246.2,620,10553
620502,246.3,246.4,246.2,246.4,508,10487
620503,246.2,246.6,246.1,246.3,352,10518
620504,246.2,246.3,246.1,246.1,1342,10352
620507,245.6,245.7,245.4,245.4,546,10572
620508,245.4,246,245.3,246,803,10584
620509,246,246.3,245.6,246,780,10554
620510,245.6,245.6,245.2,245.4,398,10551
620511,245.4,245.4,245,245,513,10335
620514,245.1,245.2,244.5,245.2,879,10327
620515,245.2,245.4,245.2,245.4,1148,10732
620516,245.5,246.3,245.5,245.6,585,10792
620517,246.1,246.3,245.6,245.6,850,11017
620518,245.6,246,245.5,245.6,1303,11429
620521,245.7,246.1,245.4,245.4,780,11490
620522,245.7,246.1,244.4,244.4,362,11388
620523,244.3,244.5,244,244.1,983,11474
620524,244.1,244.6,244.1,244.4,1299,11322
620525,244.6,245.6,244.6,245.6,485,11362
620528,246,246.3,245.3,245.4,570,11448
620529,245.4,245.4,244.1,245,1562,11526
620531,245.2,245.6,243.7,244.2,2291,11267
620601,244.3,244.4,243.5,244.1,2145,11367
620604,244.1,244.6,244,244.6,1004,11650
620605,244.5,244.5,244.1,244.3,665,11874
620606,244.2,244.2,243.2,243.2,1419,12260
620607,242.6,242.7,242.2,242.4,1082,12573
620608,242.6,242.7,241.7,241.7,2755,12473
620611,241.7,242,240.7,241.7,1550,12317
620612,242.3,243.2,241.7,243.1,1848,12850
620613,243.4,244.7,243.2,244.1,1278,13241
620614,244.4,245.1,244.1,244.4,3792,13418
620615,244.3,245.2,243.6,244,4091,13266
620618,244.1,245.7,244.1,245.6,1865,13628
620619,245.7,246.4,245.4,245.7,2180,13117
620620,245.7,246.2,245.5,246,2005,13566
620621,246.2,246.6,246,246.5,1230,13881
620622,246.4,246.4,245.1,245.1,2325,13876
620625,245.2,245.4,244.6,245.4,2237,14229
620626,245.4,246.2,245.4,246.1,1626,14776
620627,246.1,246.1,245,245,1704,14950
620628,245,246,244.7,245.6,1824,14996
620629,245.7,246.4,245.1,245.3,1406,15259
620702,245,245.2,244.1,244.5,2117,15797
620703,245.1,245.1,244.3,244.5,1447,16017
620705,244.4,245,244.4,244.7,2364,16351
620706,245,246,244.5,246,1617,16418
620709,246,246.4,245.6,246,2187,16894
620710,246,246,244.6,244.7,2761,16944
620711,245,246.7,245,246.4,3256,17464
620712,246.7,247.6,246.5,247.4,4242,18044
620713,247.5,248.4,247,247.1,4021,17755
620716,247.2,248.2,246.7,247.4,7001,16779
620717,247.6,248.4,247.6,248.4,4206,17866
620718,248.4,248.4,246.2,246.5,3953,18451
620719,246.4,247,245.6,246.2,6505,19664
620720,245.6,246.4,245,245.4,4934,21371
620723,246,246.2,244.6,245,7947,22706
620724,245.2,245.4,244.4,245,6262,23573
620725,246,248.4,246,248.3,5449,24096
620726,248.4,248.6,247.4,247.5,12798,24159
620727,247.3,248.1,247.2,247.6,7599,23530
620730,247.7,248.2,247.2,247.5,3140,23641
620731,247.6,248.4,247.2,247.6,3376,23322
620801,248,248.2,247.1,247.3,5515,22930
620802,247.1,247.2,244.4,244.4,4116,23135
620803,244,244,241.5,242,10834,22945
620806,242,242,238.6,239.2,14274,22265
620807,239,241.4,238.4,239.7,11984,20163
620808,240,242.6,239.6,242,10902,19082
620809,242.2,243.4,239.3,240.2,7021,18415
620810,240.4,243.4,240.2,243,9827,18835
620813,244,246.5,244,246.4,9058,19845
620814,247,247.6,244.4,247.6,9599,19479
620815,248.2,248.4,246.4,246.4,10875,19113
620816,247.2,247.6,246,247.3,9748,17694
620817,247.4,250.3,247.2,250,5555,17749
620820,250.4,250.6,248.6,249.6,10838,15156
620821,249,250,247.4,249.6,7200,13758
620822,249.6,256.4,249.6,253.4,9443,11942
