611201,233.4,235.2,233.4,233.6,0,0
611204,233.6,233.7,233.2,233.7,1145,890
611205,234,235.6,234,235.2,600,1260
611206,235.5,235.5,235.3,235.4,600,1760
611207,235.5,236.1,235.4,236.1,380,1870
611208,236.3,236.3,234,234.6,441,1871
611211,235.5,235.5,235.1,235.2,335,2061
611212,235.3,235.7,235.3,235.6,130,2181
611213,236,236.1,235.6,236,285,2361
611214,236,236.1,235.6,235.7,192,2501
611215,235,235.3,235,235.2,200,2626
611218,235.2,235.4,235.2,235.3,834,3049
611219,235.3,235.3,235.3,235.3,215,3184
611220,235.5,236,235.5,236,35,3209
611221,236.4,237.6,236.4,237.6,290,3329
611222,238,238,237.2,237.2,185,3428
611226,237.2,237.2,236.6,236.7,817,3711
611227,236.7,237,235.5,235.6,333,3742
611228,235.7,236.1,235.5,235.7,392,3914
611229,235.6,236.2,235.6,236.2,330,4014
620102,236.3,237,236.3,236.7,236,4039
620103,237,237.1,236.6,237.1,252,4075
620104,237.2,237.7,237.2,237.4,548,4069
620105,237.1,237.7,237,237.6,536,4140
620108,238.1,239.6,238.1,239,405,4285
620109,239,240,239,239.7,1259,4644
620110,238,238.7,238,238.2,1289,5190
620111,238.3,239.3,238.3,239,1590,5808
620112,239.1,240,239.1,239.6,1475,6248
620115,239.7,240.4,239.6,240.4,1108,6670
620116,240.3,240.4,239.4,240,950,7080
620117,239.6,240.1,239.6,240,561,7301
620118,239.7,239.7,239.3,239.6,478,7403
620119,239.4,240,239,239.2,711,7547
620122,239,239.6,238.6,239.5,1197,7729
620123,239.4,239.7,239.4,239.4,720,7863
620124,239.6,239.7,239.4,239.6,1074,8360
620125,239.7,240,239.6,240,755,8695
620126,240,240.1,239.7,240.1,458,8898
620129,239.7,240.2,239.6,240,311,8999
620130,240.1,240.4,240.1,240.4,779,9120
620131,240.2,241,239.6,240.6,683,9532
620201,240.7,241,240.5,240.6,854,9574
620202,240.6,240.6,240.2,240.5,431,9540
620205,240.4,240.4,240.1,240.3,480,9470
620206,240.3,240.5,240.3,240.4,586,9576
620207,240.6,240.6,240.3,240.5,530,9641
620208,240.6,240.6,240.4,240.5,441,9711
620209,240.4,240.4,239.5,239.6,455,9821
620212,239.6,239.7,239.4,239.6,950,10291
620213,239.4,239.5,237.7,239.4,334,10280
620214,239.4,239.4,239,239.4,2350,10682
620215,239.3,239.5,238.7,239,427,10744
620216,238.7,239,238.2,238.3,266,10765
620219,238,238.2,237,237.4,2236,11168
620220,237.5,238.4,237.3,238.2,1399,11323
620221,238.2,238.5,238,238.2,1130,11445
620223,238,238.2,237.6,238.2,192,11393
620226,238.2,239.2,238.1,239.1,395,11268
620227,238.4,238.7,238.4,238.6,552,11237
620228,238.3,239.2,238.3,238.5,199,11243
620301,238.6,239.6,238.6,239.3,543,11387
620302,239.2,240,239.1,240,871,11636
620305,239.7,240,239.5,240,927,11876
620306,240,240,239.3,239.3,421,12012
620307,239.2,239.4,239.2,239.3,331,12057
620308,239.4,239.5,239.2,239.3,1041,12007
620309,239.2,239.4,239.2,239.3,287,12077
620312,239.2,239.5,238.4,238.4,53,12103
620313,238.4,238.6,238.2,238.3,586,12240
620314,238.6,238.6,238.4,238.6,303,12295
620315,238.7,239.3,238.7,239.3,343,12338
620316,239.3,239.6,239.2,239.4,1156,12328
620319,239.4,239.4,238.4,238.4,595,12421
620320,238.4,239.3,238.4,239.2,1530,12778
620321,239.2,239.5,239.2,239.2,284,12873
620322,239.3,240,239.3,240,141,12927
620323,240,240.1,239.7,240,1108,13540
620326,240,240.1,239.2,239.4,741,13855
620327,239,239.2,238.7,239.2,894,14009
620328,239,239.2,238.6,239.2,848,14366
620329,239,239.1,238.6,239,940,14731
620330,238.6,239.2,238.6,239.1,459,15055
620402,239.2,240.1,239.2,240,892,15435
620403,239.6,239.7,239.2,239.5,1461,16209
620404,239.7,240.2,239.6,240.2,1380,16710
620405,240.3,240.7,240.1,240.7,1076,17346
620406,240.6,241,240.5,241,2156,18185
620409,241,241.1,240.5,240.6,1022,18552
620410,240,241,239.7,241,1154,18940
620411,241,241,240.3,240.3,1213,19239
620412,240.2,241.2,240.1,241,720,19394
620413,241,241.1,240.2,240.5,1733,20088
620416,240.3,240.3,239.4,240,1977,20610
620417,240,240.3,239.3,239.3,1330,20803
620418,239.3,239.6,239.2,239.5,980,20722
620419,239.3,240,239.3,239.6,1033,20905
620423,239.5,239.5,239.2,239.4,1050,21365
620424,239.2,239.3,238.3,238.5,660,21530
620425,238.5,238.6,238,238.2,2330,21058
620426,238,238.6,237.7,238.4,1956,21528
620427,238.5,239,238.5,239,1362,21587
620430,238.3,238.7,238.2,238.3,653,21955
620501,238.3,239,238.2,238.7,745,22337
620502,238.7,239,238.5,238.6,1067,22343
620503,238.6,239.1,238.4,238.6,619,22489
620504,238.4,238.7,238.4,238.5,1031,22459
620507,238.1,238.2,237.7,238.2,552,22828
620508,238.1,238.5,238,238.5,2794,23344
620509,238.5,238.7,238.5,238.5,1508,23852
620510,238.5,238.5,238.2,238.2,900,24290
620511,237.7,238.3,237.7,237.7,927,24571
620514,238.2,238.4,237.5,238,1070,24900
620515,237.7,238.4,237.7,238.2,1790,25395
620516,238.3,238.7,238.3,238.4,1096,25409
620517,238.3,238.7,238.3,238.4,1464,25393
620518,238.6,238.6,238.2,238.4,1307,25775
620521,238.3,238.4,237.7,237.7,1507,26014
620522,238.1,238.4,236.7,236.7,1859,26532
620523,236.6,236.6,236.2,236.5,2069,26684
620524,236.6,237.1,236.4,236.6,2038,26575
620525,237,237.5,236.6,237.4,1933,26604
620528,238,238.2,236.2,236.2,1784,26810
620529,236,236.2,235,236,4431,26752
620531,236.3,236.4,235.4,235.7,4319,25792
620601,236,236.4,235.5,236.3,3178,25763
620604,236.2,236.3,236,236.2,1382,25395
620605,236.2,236.2,235.6,235.7,1238,25555
620606,235.6,235.6,235.3,235.4,2621,25370
620607,235.2,235.3,235,235.3,2777,26134
620608,235.5,236,235.2,235.2,3398,25944
620611,235.1,235.2,234.5,235.1,1217,26000
620612,234.7,235.4,234.6,235.1,2270,26129
620613,235.3,235.5,234.7,235,1357,25946
620614,235,235,233.6,234.2,5029,25460
620615,234.3,234.7,234.1,234.2,7435,23849
620618,234.4,234.6,234.2,234.5,2444,23911
620619,234.7,235.3,234.7,235.1,2597,23598
620620,235,235.3,234.4,234.5,3120,23584
620621,234.6,235,234.5,234.6,2635,23126
620622,234.4,234.4,233.6,234,2875,23406
620625,233.2,233.6,233.1,233.6,2590,23812
620626,233.5,234,233.4,234,1583,23581
620627,233.6,234.1,233.3,233.3,1725,23946
620628,233.3,235.4,233.2,235.2,2000,24572
620629,235,236.3,234.6,235.1,3177,24646
620702,234.7,235,234.2,234.4,4122,25138
620703,234.2,234.4,233.3,233.5,2660,25203
620705,233.3,233.7,233.2,233.4,3600,26451
620706,233.3,233.6,232.7,233.6,2697,27203
620709,233.5,233.5,232.7,233.1,2968,27989
620710,233,233.2,232.3,232.4,2781,28503
620711,232.4,233.3,232.3,232.5,3605,29435
620712,232.7,233.3,232.4,233.2,3184,29543
620713,233.3,234,233.2,233.7,2467,29596
620716,233.4,233.6,233,233.1,3762,30536
620717,233.2,233.2,232.6,233,2978,30964
620718,233.2,233.2,232.5,232.6,2663,31388
620719,232.6,233.1,232.5,232.6,3389,32795
620720,232.6,232.7,232.4,232.5,2817,33601
620723,232.4,232.4,231.3,231.3,2309,33303
620724,231.3,231.4,230.5,231.1,5590,34022
620725,231.5,232.1,231.4,231.4,3904,34756
620726,231.7,232,231.1,231.1,3489,35068
620727,231.1,231.2,230.6,231.1,3444,35720
620730,231.1,231.4,231,231.1,3331,35847
620731,231.2,231.5,231.2,231.3,2552,35439
620801,231.3,231.3,231,231.3,3161,36552
620802,231.2,231.7,231.1,231.3,2695,36671
620803,231.2,231.7,230.5,230.5,2553,37247
620806,230.3,230.4,229.2,229.3,2949,37061
620807,229.3,229.7,229.2,229.4,6583,37643
620808,229.5,229.6,229.2,229.5,4056,38048
620809,229.4,230.2,229.4,229.6,3032,38363
620810,229.6,230.3,229.6,230.3,4532,38967
620813,230.6,231.4,230.6,231.4,2463,39204
620814,231.5,231.6,230.4,231.2,3671,39175
620815,231.2,231.2,230.4,230.4,4281,39138
620816,230.6,231.4,230.3,231.3,3496,39531
620817,231.1,232.7,231.1,232.7,4491,39451
620820,233,233.2,232.4,232.4,5340,40271
620821,232.3,232.6,232,232.5,5883,40886
620822,232.5,233.2,232.3,232.6,5137,41163
620823,232.6,236.2,232.5,236,5552,40861
620824,235.6,235.6,234.2,235,13598,41206
620827,234.4,234.4,233,233.3,13324,42536
620828,233.2,233.4,232.1,232.1,7359,42913
620829,232.3,233.4,232.3,233.3,9535,43391
620830,233.7,234.1,233,233.7,5384,43914
620831,233.6,234.4,233.3,234.1,5569,43871
620904,234,235.2,233.7,235.1,5378,44380
620905,234.6,234.7,233.2,234.2,8979,44484
620906,234.4,234.7,233.7,234,7386,45144
620907,234,235.4,233.6,235.4,7419,46569
620910,235,236.4,234.6,236.1,9146,47674
620911,235.7,236.4,235.4,236.2,10196,49293
620912,239,240.4,238.4,239.3,11172,50362
620913,239,239,237.6,238.4,25530,51888
620914,238,238.7,237.6,238.2,17350,53411
620917,237.7,237.7,236,236.1,12412,53195
620918,235.7,236.2,235.2,235.5,14286,52201
620919,236.2,236.7,235.3,235.4,13223,52233
620920,235.6,237.6,235.6,237.3,15082,52351
620921,237.5,238.2,236.6,236.7,14668,51446
620924,236.6,239,236.6,238.7,14390,51314
620925,239,239.3,236.6,236.6,13181,50918
620926,236.4,238.1,236.4,236.7,16521,48933
620927,236.6,237.6,236.3,237.2,10762,47686
620928,237.2,237.6,236.4,237,7475,47495
621001,237.2,238.6,237.2,238.5,9189,46862
621002,238.7,239.6,238.6,239.4,8943,46654
621003,239.5,239.5,238.3,239.2,10896,46522
621004,239.7,240,239,239.6,8653,46986
621005,239.4,240.2,239,240,8548,47182
621008,240.2,242.4,239.4,242.2,10502,46943
621009,242.1,242.1,240.7,241.4,15748,45233
621010,241.1,241.6,240.5,241.1,10335,45091
621011,239.2,239.2,236.6,237.1,11803,44946
621012,236.6,237.4,236.5,236.6,23908,42219
621015,236.6,238,236.6,237.6,13001,41425
621016,238,238.6,237.7,238.1,12106,40987
621017,238.4,238.6,238,238.6,10282,40495
621018,238.4,239,238.2,238.3,8606,40202
621019,238.2,238.2,237.3,237.5,16472,38317
621022,238,243,238,239.4,11991,38080
621023,242.4,249.4,242.2,246.6,22970,33400
621024,248,250,245.2,246.6,24242,30524
621025,243,243.3,241.6,242.1,21938,27923
621026,242.4,245.3,242.4,243.6,11620,28422
621029,241.4,241.4,239,239.1,14201,27311
621030,239.4,240.5,239.4,240,11855,26408
621031,240.6,242,240.6,241.7,9825,25928
621101,242.6,243.4,242,242.1,9398,24276
621102,241.6,244,241.2,242.4,8717,22216
621105,242,242.1,240.7,241.3,9088,21807
621107,241.2,241.6,240.1,240.3,4186,21089
621108,240.4,240.4,239.6,240.1,6434,19385
621109,240.1,240.2,239.5,239.6,5088,18659
621112,241.4,242.1,240.6,241.6,4927,17730
621113,242,243.2,242,243.1,6056,15611
621114,243.4,244,242.7,243.1,5121,13852
621115,243.4,244.2,243,243.7,4911,12591
621116,244.2,245.7,244.2,245.5,5686,10769
621119,246,248,245.7,246.3,6158,7762
621120,246,246.2,244.4,244.6,8659,5729
