621003,237,237,235.6,235.6,0,0
621004,235.4,235.6,235.1,235.6,10,0
621005,235.6,236,235.6,236,87,67
621008,236.6,236.6,236.6,236.6,43,105
621009,235.6,235.6,234.4,234.4,38,137
621010,235,236,235,235.6,157,220
621011,234.4,235,233.6,234.2,61,249
621012,234.2,234.3,234,234.2,195,349
621015,234,235.2,234,235,45,370
621016,235,235,234.4,234.6,95,415
621017,235,235,234.2,234.4,130,435
621018,233.4,234.1,233.4,233.4,107,492
621019,233.4,233.4,232.6,232.6,35,512
621022,233.4,237,233.4,234.4,86,492
621023,237.4,241,237,238,503,699
621024,240,240,237,237,740,758
621025,236,236,235,235.2,424,858
621026,236.4,238,235.6,236.6,76,870
621029,234.4,235,233.4,233.4,120,908
621030,234.4,235,234.2,234.3,105,928
621031,235.4,236,235.2,236,95,942
621101,237,237,234.6,234.6,95,974
621102,234.4,235.5,233.6,235,42,1000
621105,234,234.4,234,234.1,187,1081
621107,233.6,233.7,233.1,233.6,10,1091
621108,233.6,234,233.5,233.6,128,1109
621109,234.4,234.4,233.6,233.6,280,1129
621112,235,235.2,234,234.4,70,1159
621113,234.6,235.6,234.6,235.4,441,1375
621114,236,237,235.4,235.4,450,1805
621115,235.1,236.7,235.1,236.5,408,2011
621116,237.4,237.6,236.6,237,112,2057
621119,238,238.4,237,237.2,490,2205
621120,237,238,237,237,493,2220
621121,236.6,237.7,236.4,237.5,373,2392
621123,238.2,238.4,237.7,238.3,471,2481
621126,238.4,238.7,238,238.1,186,2542
621127,238.2,238.4,237.6,238,224,2573
621128,238.3,238.3,237.2,237.7,178,2671
621129,237.6,238.2,237.6,238.2,297,2693
621130,238.2,238.3,238.1,238.2,334,2813
621203,238.2,238.3,238.1,238.2,251,2854
621204,238.4,238.4,237.2,237.2,141,2905
621205,237.2,237.5,236.6,237.2,497,3100
621206,237.1,237.6,237,237.3,331,3028
621207,237.4,237.7,237.4,237.6,215,3083
621210,238.3,238.3,237.6,237.6,610,3148
621211,238.4,239,238.2,238.5,187,3275
621212,238.6,240.5,238.3,239.4,1107,3650
621213,240.4,241.5,240.2,241.3,1198,3976
621214,241.2,242.6,241,242.2,1406,4445
621217,242.2,242.5,241,241,1473,4528
621218,240.7,241.7,240.6,241.6,693,4756
621219,241,241.6,240.6,241.4,322,4765
621220,241.2,241.6,240.6,241,880,4834
621221,241.3,241.6,241.2,241.2,467,4870
621226,240.7,241.3,240.4,240.6,386,4907
621227,241,242.2,241,242.2,369,5066
621228,242.2,242.5,242.2,242.3,450,5021
621231,242.4,243.2,242.4,242.4,512,5179
630102,242.4,243.2,242.3,243,227,5215
630103,243,243,242.3,242.4,397,5272
630104,242.4,243,242.2,242.6,400,5376
630107,242.6,242.7,242.2,242.3,356,5402
630108,242.2,242.6,242.2,242.4,600,5587
630109,242.1,243.5,242,243.1,225,5607
630110,243.6,244,243.3,243.4,448,5460
630111,243.6,245.2,243.4,244.5,215,5513
630114,244.7,246.6,244.5,245,1204,5841
630115,245.6,246.2,244.6,246.1,1722,5968
630116,246,247.4,245.6,247.4,1033,6284
630117,247.2,249.1,247,248.5,1770,6255
630118,248.4,249.4,247.2,249.2,1649,6582
630121,249.4,250.4,248.2,250,916,6779
630122,249.6,250.2,247.6,247.6,1085,6692
630123,248.3,250,247.7,250,1470,6928
630124,250.4,251.6,250.2,250.4,1579,7190
630125,251,255.2,250,251,1430,7533
630128,253,257,252.6,256.4,4011,8009
630129,256.2,258.6,254.6,254.6,3999,8137
630130,254.2,256,252,253.2,2161,7701
630131,252.4,254.6,252.2,252.4,2160,7604
630201,251.6,253.4,250.6,251,1147,7724
630204,250.4,253.6,250.4,253.6,1944,7561
630205,253.4,255.4,253.4,254.2,1285,7655
630206,254.4,255.4,251.6,252.2,767,7693
630207,252.4,253.2,251,251,1178,8054
630208,251.4,253.4,250,252.2,1458,8346
630211,252.2,252.6,251.2,252.5,2643,8334
630212,252.4,253.4,251.4,251.4,1081,8415
630213,251.4,252.4,251.4,251.6,1535,8259
630214,252.4,253,252.4,252.6,421,8289
630215,253,253.2,252,252,256,8080
630218,252.6,252.6,251.6,251.6,662,8153
630219,251.5,252,250.6,251,483,8346
630220,250.4,252.4,249.4,252.4,1026,7982
630221,252.6,253.6,252.4,253,1983,7880
630225,253.2,254.6,253,254.4,928,7693
630226,254.2,254.4,253.4,253.7,887,7575
630227,253.7,254.4,253.7,254.2,756,7450
630228,254.4,255.2,254.1,254.7,601,7408
630301,254.6,255.1,254.6,254.6,933,7402
630304,254.4,254.6,253.6,253.6,190,7342
630305,254.4,254.6,253.6,254.2,431,7433
630306,253.6,253.7,253.2,253.2,429,7398
630307,253.2,253.6,252.7,253.6,589,7471
630308,253.4,254,253.3,253.4,402,7452
630311,253.2,254.4,252.5,254.2,208,7346
630312,254.4,254.4,253.4,254.2,655,7504
630313,253.6,253.6,252.7,253.4,1026,7569
630314,253,253.1,252.4,252.7,659,7353
630315,252.7,252.7,250.4,251.4,803,7279
630318,246,247.4,243,246,1364,7172
630319,246.2,246.4,244.6,245,2580,7343
630320,244.4,245.4,244.2,244.4,1812,7682
630321,245.6,246.2,245.5,246,1520,7880
630322,246.1,247.6,246.1,247.5,658,7950
630325,247.6,248.1,246.6,246.6,1260,7861
630326,246.6,246.6,245.3,245.5,455,7932
630327,245.4,246.7,245.4,246.6,1081,7713
630328,246.7,248.4,246.4,248.4,512,7743
630329,250,250,247.1,247.6,1020,8077
630401,246.6,247.4,246.3,247.4,1848,8017
630402,246.7,247.2,245.6,245.6,343,7978
630403,246,247.4,246,246.7,307,7925
630404,246.5,247,245.6,246,846,7849
630405,246,246.5,245.6,246.4,533,7939
630408,245.6,246.6,245.6,246.6,443,8012
630409,246.5,247.2,246.4,247.2,300,8122
630410,247.4,247.6,246.7,247,318,8215
630411,246.4,247.4,246.3,247.2,652,8380
630415,247.2,247.6,247,247.2,242,8389
630416,247.1,247.4,246.4,247.4,909,8118
630417,247.2,247.2,246.5,247,524,7976
630418,247,247.6,247,247.6,378,7987
630419,247.6,247.6,247.2,247.4,840,8076
630422,247,247.2,246.5,247.2,313,8039
630423,247.4,248.5,247.2,248.5,474,8162
630424,248.5,249.4,248.4,248.6,799,8266
630425,251.2,252.5,250.2,252.3,1013,8193
630426,252.4,253.5,251.2,252,1758,7933
630429,251.2,251.6,250.3,251.2,1879,8001
630430,251.4,251.4,250,250.2,1331,8398
630501,249.7,251.4,249.6,251.3,1027,8445
630502,251.5,251.7,250.4,250.4,593,8634
630503,251,251.4,250.6,251.2,624,8670
630506,251.4,252.2,251.4,252,790,8787
630507,251.6,253.6,251.4,253.6,566,8792
630508,254.2,254.5,253.5,253.6,987,8903
630509,253.4,257,253.4,256.2,1403,9233
630510,256.6,257.5,256,256.7,1689,9151
630513,256.5,257,255.3,256.1,1898,9343
630514,256.3,256.4,254.6,254.6,1493,9547
630515,254.3,254.3,253.4,253.6,1358,9314
630516,253.2,253.4,252.2,252.2,995,9423
630517,251.4,251.5,250.4,251.2,892,9422
630520,250.6,252,250.5,251.3,1421,9336
630521,250.5,251.7,250.4,251.7,623,9357
630522,250.2,253.7,250,253.7,830,9262
630523,254.2,255.5,253.2,253.6,1436,9139
630524,253.6,254.4,253.4,254,2156,9136
630527,253.2,253.2,251.5,251.7,956,9238
630528,251.2,253,250.7,252.7,1364,9325
630529,252.5,252.5,251.6,251.7,1261,9686
630531,252,253.1,251.6,253,714,9626
630603,255.2,255.6,254.5,255.2,726,9807
630604,254.4,254.6,250.4,253.7,1983,9658
630605,253.7,254.1,252.6,253.2,1031,9675
630606,253.4,254.6,253.4,254.5,851,9724
630607,255,255.3,254.4,254.6,731,9595
630610,255,256,254.4,255.2,718,9655
630611,255.6,256,254.6,256,1486,9829
630612,256,259.6,256,259.5,1012,9941
630613,260,261.2,258.6,259.2,2966,10000
630614,259,262.2,258.2,262.2,3050,10057
630617,261.6,262.2,260,260.6,2555,10088
630618,261,261.2,257.7,258.3,3345,10238
630619,257.6,258.6,257.1,258,2065,10338
630620,258.4,259.7,258,259,1895,10396
630621,258.2,258.2,256,256.4,2037,10724
630624,257,259.4,257,259.4,2664,10753
630625,259.2,260.6,258.1,258.1,1450,11043
630626,258.6,260.4,258.4,260.4,3041,11105
630627,261,263.2,261,262.6,1885,11046
630628,263.4,264.2,261.5,263.7,4731,11498
630701,267,274,267,274,2957,11935
630702,279,280,264,271,7211,13066
630703,272,273.6,267,270.6,7919,13298
630705,270,273.2,268.2,271.4,4979,13243
630708,267.2,267.6,264,264.6,3253,13116
630709,265.6,267.6,265.2,266.2,4148,12825
630710,266.2,267.2,265,265.7,1862,12897
630711,267.4,267.6,265.3,265.3,2656,13344
630712,265.2,266,261.4,263.4,1710,13121
630715,258.4,259.4,256,256.2,3932,13576
630716,257.2,258.4,256.4,257.2,4407,13456
630717,257.2,257.2,254.4,255.7,1885,13034
630718,256.6,258.6,256.4,258.4,3372,13219
630719,258.1,258.1,256.2,257.6,2172,13267
630722,256.6,256.6,255.3,255.6,1548,13007
630723,256.2,259,256.2,259,1442,13299
630724,259.4,261.6,259.2,260.2,2020,13118
630725,266,269,263.4,264.2,3669,13458
630726,264,264.2,261,261.2,4944,13230
630729,261,263,259.4,262.6,4072,13302
630730,263,263,260.2,261,2833,13819
630731,260.2,260.2,258.5,258.5,3081,13809
630801,258.2,259.4,257.6,258.4,5001,15015
630802,257,262,257,261,4551,15224
630805,261.4,263.4,261.4,263.2,5578,15366
630806,263.4,263.4,258.6,259,3701,15699
630807,258.6,259.4,258,259,6816,16956
630808,259.2,260.1,258.4,258.5,2971,16667
630809,258.2,258.2,256.3,256.7,2607,16595
630812,254,254.5,253,253.4,4560,16869
630813,253.2,255,253.2,254.4,6048,17398
630814,255.2,256,253.6,253.6,3091,16764
630815,253.2,255,253.2,254.6,3340,17096
630816,255,255.3,253.4,254.1,3388,16845
630819,254,254.3,253.1,254.1,2425,16631
630820,254.3,255.2,254,254.6,2338,16808
630821,255.3,256,254,254.2,2543,16925
630822,254,256.2,254,256.2,4288,17154
630823,255.7,259.2,255.1,258,3850,16864
630826,258.4,259.1,258.1,258.2,6739,16763
630827,258.4,260,257.4,259.6,4797,16924
630828,259.7,261.4,259.4,259.5,6503,16103
630829,258.7,259,257,257.2,5865,16007
630830,256.6,257.7,256.4,257.2,3573,15480
630903,257.4,259,257.1,258,2592,15044
630904,258.3,258.3,256.6,256.7,2925,15887
630905,256.5,256.6,255.2,255.3,2207,16022
630906,255.4,256.2,255,255.7,3143,15512
630909,255.6,255.6,254,254,2981,15591
630910,253.7,256,253.6,255.5,3256,14968
630911,257.1,259,256.3,258.7,2911,14172
630912,259,260.4,257.6,260.1,4271,12723
630913,257.4,258.6,257.2,258.1,4035,12174
630916,257.6,261.6,257.6,260.4,4349,10589
630917,260.4,269.4,259.3,265,3832,9435
630918,265,268.4,264.5,265.4,6440,6697
630919,264.6,268.4,264,266,4827,4785
