630201,252.6,253,250.2,250.2,0,0
630204,252,253.2,252,253,142,107
630205,252.4,253.4,252.4,253,115,192
630206,253.2,254,251.4,251.4,823,884
630207,252,252.6,251.1,251.1,415,1184
630208,251.4,253,251,252,225,1354
630211,252.2,252.5,251.4,252.5,437,1451
630212,252,252.6,251.6,251.6,115,1521
630213,252,252.4,251.6,252,40,1521
630214,252.3,252.6,252.2,252.4,60,1556
630215,252.6,252.6,251.4,251.4,20,1556
630218,252,252,251.5,251.5,212,1631
630219,251.2,251.7,251,251.2,15,1646
630220,251.2,253,250,252.6,55,1661
630221,252.6,253,252.6,252.7,680,2057
630225,253,254.4,253,254.4,163,2142
630226,254.2,254.2,253.5,253.6,1204,3227
630227,253.6,254.2,253.5,253.7,1230,4249
630228,254.3,254.6,254,254.4,804,4588
630301,254.5,254.6,254.4,254.4,406,4699
630304,254.3,254.3,253.3,253.3,57,4759
630305,254.1,254.2,253.5,254.2,186,4818
630306,253.7,253.7,253.2,253.4,245,4963
630307,253.2,254,253.2,254,455,5263
630308,253.7,254.2,253.6,253.6,440,5438
630311,253.4,254.7,253.4,254.7,370,5468
630312,254.6,255.4,254.2,255,803,5819
630313,254.4,254.5,253.6,253.6,1032,6461
630314,254.1,254.1,253.6,253.6,374,6705
630315,253.4,253.4,251.6,252.2,336,6830
630318,246,247.6,246,246.6,602,6971
630319,246.6,247.1,245.6,245.6,2373,6904
630320,245.2,246.6,245.2,246,641,7038
630321,247.2,247.7,247.2,247.5,1217,7700
630322,247.6,249.3,247.6,249.1,670,7900
630325,249.3,249.5,248.4,248.6,1039,7980
630326,248.1,248.2,247.3,247.3,522,8034
630327,247.2,248.5,247.2,248.4,637,8396
630328,248.2,250.2,248.2,250.2,623,8424
630329,250.6,251,248.7,249.2,1197,9056
630401,248.7,249.2,248.1,249.1,1211,9393
630402,248.5,248.6,247.6,248,754,9626
630403,247.6,249.1,247.6,248.2,1041,9820
630404,248.2,248.4,247.2,247.3,1084,10111
630405,247.3,248,247.1,247.7,1550,10711
630408,247.5,248,247,247.7,1186,10847
630409,247.5,248.3,247.5,248.3,1383,10742
630410,248.3,249,248.1,248.2,1520,11252
630411,248,248.6,248,248.4,714,11340
630415,248.6,249,248.3,248.6,525,11600
630416,248.6,248.6,248,248.4,941,12146
630417,248.1,248.3,247.7,248.1,470,12462
630418,248.4,249.1,248.4,249.1,333,12691
630419,249,249.1,248.6,248.6,962,13042
630422,248.4,248.7,248.3,248.5,756,13658
630423,249,250.4,248.6,250.4,1071,13859
630424,250.6,251.1,250.2,250.2,1324,14515
630425,252,253.4,251.6,253.1,1217,14892
630426,253.5,254.4,251.6,252.4,2503,15913
630429,252,252.4,251.5,252.2,3187,17235
630430,251.5,251.7,251.2,251.6,1713,17247
630501,251.2,253.1,251.2,252.7,1616,17539
630502,252.7,253.1,252.1,252.2,1707,18214
630503,252.2,253,252.2,252.6,789,18341
630506,253.2,253.5,252.7,253.4,975,18584
630507,253,255,252.6,255,1202,19000
630508,255.1,255.7,254.6,254.6,2505,19405
630509,254.7,258,254.5,257.4,2196,19940
630510,257,258.3,256.4,257.5,3139,21257
630513,257.2,258,256.1,257,3254,22392
630514,257.2,257.2,255.7,255.7,2654,22279
630515,255.6,255.6,254.7,255,1593,22286
630516,254.3,254.6,253.6,253.7,2828,22875
630517,253.2,253.3,252.1,253,2138,23357
630520,252.6,253.4,252.5,253,1843,23554
630521,252.3,253.3,252,253.1,894,23960
630522,252.2,255.3,252.2,255.2,1106,23806
630523,255.6,257.1,254.6,255.6,2042,24337
630524,255.5,256.4,255.3,255.4,3309,24838
630527,254.6,254.7,253.4,253.4,1230,25166
630528,253.1,254.6,252.6,254.5,1672,25127
630529,254.5,254.5,253.5,253.6,1769,25727
630531,253.5,255,253.5,255,1571,26214
630603,255.6,257.2,255.6,256.4,1159,26367
630604,256.1,256.4,254.7,255.2,3901,27398
630605,255.5,255.7,254.4,254.4,2023,28216
630606,255.2,256.2,255.2,256.2,2193,28828
630607,257,257.1,256,256.3,2213,28988
630610,256.4,257.6,256.2,257.2,2494,29716
630611,257.4,258.2,256.5,258.1,6271,32151
630612,258.6,261.7,258.6,261.5,4731,32679
630613,262,263.4,261.1,261.3,10555,35942
630614,261,264.4,260.4,264.2,9086,37775
630617,264,264.6,261.6,262.4,11598,40129
630618,263.2,263.4,259.2,260,8850,41317
630619,259.6,261,259,260.1,8244,41822
630620,260.4,262.1,260.3,260.6,6208,41790
630621,260,260,258.2,258.4,7659,42013
630624,259,261.7,259,261.2,8340,42236
630625,263,263.4,260.2,260.2,7490,43618
630626,261.6,263.2,260.7,263,10336,43351
630627,264,266.4,264,265.6,7069,44329
630628,266,267.2,264.4,266.4,11778,45050
630701,271,276.6,270.4,276.6,11314,47908
630702,280,283.6,272.4,274,18337,47464
630703,276,278,270.2,274,20548,47646
630705,273,276.6,271.1,276.4,11431,47577
630708,272.4,272.4,267.2,267.6,8691,48306
630709,269,271.2,268.4,269.3,11299,48631
630710,269.2,270.4,268,269.2,7153,48386
630711,271,272,268.4,268.6,6368,48644
630712,268.6,269.6,265,266.6,6496,49003
630715,262,262.4,259,259.2,11896,48294
630716,260.6,261.6,259.4,260.2,15224,48042
630717,259.6,259.6,257.4,258.4,8019,48094
630718,259,261.5,259,261.5,9443,48233
630719,260.4,260.7,258.6,260.2,6994,48453
630722,259.4,259.4,257.5,258,7881,48226
630723,257.6,261.3,257.6,261.3,9354,47675
630724,261.6,264.2,261.6,262.5,8070,47699
630725,266.6,267.6,265.2,265.6,13031,49588
630726,266,266,262.5,263,12751,51457
630729,262.4,265.2,261.7,265,8480,50813
630730,265,265.1,262.1,262.3,7473,49890
630731,262,262,260.1,260.2,7834,51179
630801,260.4,261.3,259.2,260.2,7705,50527
630802,260,263,259.3,262.5,7957,50265
630805,262.4,264.6,262.4,264.5,8004,50124
630806,265,265,261,261.6,7936,50795
630807,261,261.7,260.2,261,13220,51870
630808,260.6,262,260.4,260.6,7975,51158
630809,260.2,260.2,258.5,259.2,5266,51477
630812,255,256.6,255,255.3,9133,51650
630813,255.6,256.6,255.4,256.2,10184,51615
630814,256.2,257.5,255.2,255.3,6141,50804
630815,255,257,254.6,256.7,9457,52038
630816,256.6,257.4,255.7,256,8125,51425
630819,256,256.7,255.4,256.3,5324,52118
630820,256.4,257.3,256,257.1,3364,51836
630821,257.4,258.2,256,256,5322,51127
630822,256,257.1,256,256.6,4344,51913
630823,256.2,259.3,256,257.4,3928,52049
630826,258,259.1,257.6,258.6,7773,51636
630827,259,262,258.3,261.6,6258,51561
630828,261.6,262.2,259.4,259.5,9734,51556
630829,259.4,259.4,258.2,258.3,9504,52228
630830,258,259,257.3,258.5,6161,53141
630903,258.3,259.6,258.3,259.2,6603,52662
630904,259.2,259.2,257.6,257.6,3792,52650
630905,257.6,257.6,256.4,256.5,6487,52960
630906,256.2,257.3,256.2,257.3,7963,52589
630909,257,257,256,256.1,4449,52568
630910,255.7,258.7,255.7,258.2,3151,52634
630911,259.6,261.6,259.1,261.6,6188,53455
630912,261.6,263,260.2,262.4,12114,53139
630913,261.4,261.6,260.2,261.4,10592,53702
630916,261.4,265.4,261.1,264.1,7437,53122
630917,264.4,274,263.1,269,12723,53666
630918,270,272.4,267.2,268.2,15973,53327
630919,267.2,270.4,266.2,267.5,17765,53671
630920,268,274,268,272.6,10056,54648
630923,274,278.4,271.6,275.4,17807,54165
630924,277,278.4,273.3,277.4,22410,52377
630925,279,284,279,281.6,17296,52933
630926,282,283,275.2,275.4,23126,54007
630927,272,272,265.6,269.4,19684,54626
630930,270.2,279,270.2,279,18398,56074
631001,282,286,276.6,280,20171,56200
631002,274,280.6,274,277,27071,58212
631003,275.2,279.6,275.2,279.4,16644,58980
631004,282,285,280.4,283.6,11456,60331
631007,285.4,290.6,284.7,290,18985,60352
631008,295,295,286.6,287.4,20332,61563
631009,287.4,291.6,286.4,291.2,29787,62426
631010,292,293.4,289.2,291.6,16324,64612
631011,287,287,281.3,281.3,16296,65107
631014,279.4,279.4,274,274,16115,65514
631015,274.4,283,274.4,281.6,18185,65455
631016,281.4,282,277,278,17071,64448
631017,276.4,276.4,271.6,274.2,14229,65049
631018,275,276.6,272.6,274.4,19214,64992
631021,275,276.6,273,273.4,12648,65493
631022,275,276.4,274,274.4,10245,65473
631023,275.2,276.4,274.2,274.2,8846,65956
631024,275,275.6,274,275.2,10087,65476
631025,275,285,274.4,285,6056,65555
631028,283.4,288.4,281.4,284,16277,64709
631029,285,287,282.4,283,21182,66799
631030,283.2,286.4,281.6,286,14145,65360
631031,286.6,290.6,286.4,288,17350,67673
631101,289,294,288.2,290.4,23862,67846
631104,291.4,291.4,287.4,287.6,15351,65940
631105,287.4,288,284.2,287.2,11522,66126
631106,288.2,290.4,285.6,288.4,10680,66405
631107,287.4,292.4,287.4,290.4,10784,66141
631108,293,295,292,292.4,14415,66031
631111,294.4,294.4,290.2,290.4,13944,65600
631112,290,290.5,288.2,288.4,10150,65440
631113,291.7,291.7,289,291.2,12187,66212
631114,290.4,291.2,285.2,286,11449,65578
631115,285,285,279,282.6,11455,66101
631118,281,281,274,274.1,22673,65704
631119,274.2,274.5,268.4,270,29341,66901
631120,266.4,275.4,265.4,274.4,26613,66968
631121,273.4,273.4,268,271,20710,67077
631122,270.2,272,266,266.4,17034,65652
631126,268,271.6,268,270.6,18385,65746
631127,272,273.2,270,270,9214,65306
631129,270.2,271.2,268.6,271,8787,64106
631202,271.4,272.4,270.2,270.2,4809,63619
631203,269,270.2,266.6,267,5587,62834
631204,266.2,268.4,263.2,268.2,9481,62985
631205,268.6,268.6,264.6,265.4,14509,59764
631206,265.1,271,264.2,271,9167,60217
631209,271.4,271.4,268.4,269.2,11016,58770
631210,270.6,270.6,269,270.6,7685,58289
631211,272,275,271.4,274.6,4947,58540
631212,275,276.6,273.2,273.4,8730,56397
631213,273.4,274.2,271.4,273.2,7482,55149
631216,272.6,273.4,271.1,271.1,8213,55126
631217,270,272.3,270,272.3,6229,54869
631218,272.6,275,272.4,273.4,3621,54486
631219,283.3,283.3,283.3,283.3,6056,53323
631220,288.3,290,283.6,284.4,3220,53743
631223,283.6,284.6,283,283.4,15953,49610
631224,282.6,283.6,281.6,283,5002,48497
631226,282.5,284.2,282.4,284,3375,48012
631227,285,286.1,284.4,284.5,3362,46683
631230,283.6,284.2,280.3,281.4,8139,42285
631231,281.4,281.6,279.7,281.2,12046,40610
640102,281,281,277.4,277.6,10978,38625
640103,278,279.4,277,277.6,21102,23786
640106,279,281,279,281,9577,19927
640107,280,280.2,276.6,276.6,7130,18165
640108,276.6,278,275.7,275.7,6551,15698
640109,275.4,278.4,275,278.2,5178,13624
640110,278.2,278.2,275.4,275.5,7699,11426
640113,274.4,276.1,273.4,275.4,3762,9130
640114,276.4,276.4,274.4,274.6,3499,8173
640115,274.6,276.4,274,276.2,2731,7820
640116,276.6,277.3,275.5,275.6,2932,7451
640117,275.4,277.1,275.4,276.5,1818,6583
640120,277,277,274.4,275.2,3051,6240
640121,275.4,275.4,270.2,270.4,3237,4654
640122,270.4,272.2,269.5,270.2,4432,3005
