630402,250,251.2,250,250.2,0,0
630403,250.1,251.2,250.1,251,417,402
630404,251.2,251.2,250.2,250.2,156,498
630405,250.2,250.6,250.2,250.5,856,1158
630408,250,251,250,251,1011,2169
630409,251,251.3,251,251.3,173,2196
630410,251.5,252,251.1,251.2,1150,3280
630411,251.1,251.6,251,251.4,232,3378
630415,251.6,252,251.3,251.6,250,3527
630416,251.5,251.5,251.2,251.4,266,3723
630417,251.2,251.3,250.7,251.1,523,4015
630418,251.7,252.1,251.5,252.1,90,4065
630419,252.1,252.1,251.5,251.6,610,4505
630422,251.6,251.6,251.2,251.4,677,5161
630423,252,253.2,251.6,253.2,471,5257
630424,253.4,254,253.2,253.2,781,5866
630425,256,256.3,254.6,256,1145,6381
630426,256.4,257.2,254.3,255.4,1553,7074
630429,255.1,255.3,254.4,255.1,1458,7936
630430,254.6,254.7,254.1,254.5,437,7989
630501,254.5,255.6,254.4,255.4,1346,8544
630502,255.6,256,254.6,254.6,1270,9299
630503,255.1,255.5,255,255.5,554,9427
630506,256.2,256.4,255.7,256.3,616,9504
630507,255.5,257.7,255.5,257.6,698,9797
630508,258,258.6,257.4,257.4,1299,10294
630509,257.5,260.6,257.4,260.3,1149,10433
630510,259.7,261.4,259.5,260.4,2240,11548
630513,260,260.7,259.1,259.7,1769,12169
630514,260.2,260.2,258.6,258.6,1893,13020
630515,258.5,258.5,257.6,257.6,1007,13319
630516,257.2,257.5,256.4,256.4,1535,13216
630517,256.1,256.1,255,255.6,817,13216
630520,255.5,256.2,255.4,255.6,872,13110
630521,255.2,256,255,256,475,13195
630522,254,258.1,254,258.1,469,13498
630523,258.2,259.6,257.3,258,1633,13999
630524,258,259,258,258.2,1450,14024
630527,257.4,257.4,256,256,906,14410
630528,255.5,257.3,255.4,257.2,1106,14694
630529,257,257.1,256,256,925,14957
630531,256.1,257.5,256,257.5,584,15126
630603,259,260,258.7,259.2,580,15138
630604,259,259.2,257.5,257.6,1837,15817
630605,258,258.2,257.3,257.6,1694,16445
630606,258,259.1,258,259.1,1480,17220
630607,259,259.4,258.6,259.3,1047,17346
630610,259.6,260.5,259.1,260.1,1755,17656
630611,260.4,261,259.5,260.7,3387,19169
630612,261.4,264.6,261.4,264.4,1558,19825
630613,264.6,266.4,264.1,264.5,5383,21281
630614,263.6,267.6,263.4,267.5,5523,22898
630617,266.6,267.4,265.2,265.6,4851,24393
630618,266,266,262.2,263.1,3696,25465
630619,262.6,263.5,261.7,263,3595,26042
630620,263,265,263,264,3000,26560
630621,263,263,261.2,261.4,3792,26980
630624,262,264.5,262,264.4,2851,27483
630625,265.4,266.2,263.4,263.4,2996,28131
630626,264.2,266,263.4,265.7,4073,28735
630627,267,269.4,267,268.6,2352,29440
630628,268.2,269.6,267.3,269,6588,30635
630701,274,279.1,274,279.1,4363,31465
630702,289,289,273.4,273.4,8392,33586
630703,277,280,272.4,276.4,10941,35625
630705,275,279.6,274,278.4,6334,36739
630708,275,275,270,270.4,4745,37503
630709,271.2,273.6,271.2,271.6,7384,38362
630710,272.2,273,270.6,271.6,2992,38363
630711,274,274.4,271,271.2,2460,38558
630712,271,272.2,268,269.4,3015,39351
630715,262,265,261.4,262,4263,39211
630716,262.6,264.2,262,262.5,7201,39826
630717,262,262,259.6,260.6,5083,39294
630718,261.2,264,261.2,263.7,5631,39482
630719,263.4,263.4,261,262.4,2952,39737
630722,261,261.6,260.1,260.6,2723,39679
630723,260.2,263.7,260.2,263.6,2997,39449
630724,264.2,266.4,264.2,265.1,3762,40416
630725,270,270.2,267.6,268.2,5727,41414
630726,269,269,265.2,265.5,7372,42501
630729,265.2,267.6,264.2,267.4,6532,43200
630730,268,268,264.7,265,4513,43263
630731,264,264.4,263,263,4156,44134
630801,262.6,263.7,262,263,3950,44148
630802,262.2,265.6,262,265,3672,43769
630805,265.4,267.3,265.3,267.1,5482,43860
630806,267.4,267.5,263.4,264.2,4032,44703
630807,263.2,264.3,262.6,263.4,7253,44865
630808,263.2,264.5,263,263.2,4255,44936
630809,262.4,262.6,261.2,261.6,2773,45268
630812,258.2,259.2,257.5,257.5,5089,45998
630813,258.2,259.1,257.6,258.6,6667,46119
630814,259,260.1,258,258.1,5254,46274
630815,257.6,259.7,257.5,259.7,4998,46777
630816,260.2,260.2,258.6,258.6,3089,46852
630819,258.6,259.6,258.4,259.3,1943,47055
630820,259.4,260.2,258.7,259.7,2792,47953
630821,260.2,261.1,259,259,3813,48094
630822,259,260.1,259,259.5,2909,48690
630823,259.4,262,258.7,260.1,2870,48656
630826,260.2,262.1,260.2,261.7,5336,48659
630827,262.2,265,261.5,264.6,4558,49293
630828,264.7,265.3,262.6,262.7,6555,49457
630829,262.4,262.4,261.4,261.5,6489,50241
630830,260.4,262.2,260.4,261.7,3385,50761
630903,261.5,262.6,261.4,262.2,3368,51096
630904,262.6,262.6,261,261.1,2917,51190
630905,260.5,260.5,259.5,259.7,3538,51604
630906,259.2,260.4,259.2,260.3,4097,51866
630909,260.2,260.2,259.2,259.3,2526,52435
630910,259.3,262,259.3,261.5,3006,52652
630911,264,264.7,262.4,264.5,4111,52821
630912,264.6,266.3,263.4,266,9152,53930
630913,264.2,264.7,263.6,264.6,9208,55010
630916,264.6,269.2,264.3,267.3,6282,55452
630917,267.5,277,266.2,273.2,8132,56220
630918,274,276.2,270.2,271,13177,56488
630919,270,273.2,269.4,271,14142,57092
630920,271,277,271,277,10681,58345
630923,281,283,276,278.6,12944,58502
630924,280,282,277,280.6,15389,58642
630925,283.4,287.4,283.2,284.2,14842,60096
630926,286,286,278,278.2,19284,60151
630927,275,275,272,273.4,22224,62822
630930,275.4,282.6,275.4,281.4,17798,63244
631001,283,289,280.4,281,14846,63223
631002,279.2,284,278.6,282.4,20155,61757
631003,281,283.4,280,283,10844,62781
631004,287,288.4,284.2,287.4,10693,64089
631007,289.2,294.2,288.4,293.4,14849,65465
631008,296,298,290,291.2,19384,66209
631009,292,294.6,290,293.6,27706,69030
631010,294,295.4,292.2,293.6,13444,70356
631011,289,289,283.1,283.1,11433,71171
631014,280,282.1,276.4,277,18928,73773
631015,279,285.6,279,285,20232,73803
631016,285,285.4,280,280.4,14990,73187
631017,277.6,278.6,274.2,277,11989,74657
631018,277.6,279.6,275.4,277.4,22637,75923
631021,277,279.6,275.6,277.2,10078,75830
631022,277.6,280,276.4,277.6,9173,76284
631023,279,280,277.2,277.2,9516,76126
631024,278,279,277,278.4,9309,76992
631025,278.2,288.2,278,288.2,8020,78016
631028,287,292,284.4,288.2,16988,77779
631029,288.2,290.6,286.2,286.4,21826,76790
631030,290,290.6,285.4,290,13811,77430
631031,291.4,294.6,290.6,293.4,14689,77715
631101,294.2,298,292.4,294,19537,78263
631104,294,295,291.2,291.4,18117,77217
631105,291,291.4,288,291.2,10896,77549
631106,292,294.4,289.6,292,12868,78960
631107,292,296.4,291.6,294.6,12292,79476
631108,297.4,298.6,295.4,296,12590,78353
631111,297.4,298,293.6,294.2,14328,78099
631112,294,294.2,291.2,291.6,11836,78149
631113,295,295.2,292.4,294.6,14959,81947
631114,295,295,288.6,289,12729,80905
631115,288,288,282.4,286.6,14756,82410
631118,284.4,284.4,278.2,278.2,21991,82421
631119,276,278.4,271.4,272.2,24671,82661
631120,269.4,278.6,268,278.2,31544,85343
631121,277.4,277.4,271.4,274.2,20727,85840
631122,271.4,275.6,269,270.4,20261,84425
631126,273,275.4,272,274.4,16742,82941
631127,275.7,276.6,273.4,273.4,10159,82683
631129,273.6,274.6,272.4,274.4,8535,82494
631202,275,276,273.6,274,7666,83266
631203,274,274,270,270,9326,83554
631204,268.4,272,266.4,271.4,12957,84307
631205,271.4,272,268,268.6,17674,83421
631206,267.6,274.6,267.2,274.2,11297,84696
631209,274.5,274.5,271.4,272.2,14578,85622
631210,273.6,274.6,272.2,274.4,8124,85736
631211,275.2,278.4,275,278.4,7598,85360
631212,278.2,280.4,276,276,14620,85257
631213,276.6,277.4,275,276.4,15090,83577
631216,276.2,277.2,274.6,275.2,9503,83745
631217,274.6,276.4,274,275.7,7238,84029
631218,276.2,278.2,276,276.4,7395,86093
631219,286.2,286.2,286.2,286.2,8974,85431
631220,292.2,293,287.6,288.6,4201,85021
631223,287.4,288.4,286.4,287.4,23970,81276
631224,286.6,287.2,285.4,286.5,9504,80544
631226,286.4,288.2,286.2,287.7,6845,81156
631227,289,290,288.2,288.6,5132,81089
631230,287.6,288,284.1,285.3,8915,82536
631231,285,285.6,283.2,285.2,15840,83401
640102,283.6,284.4,281.4,281.6,12890,84597
640103,282.4,283.6,281.1,281.5,22473,75021
640106,283,285.1,283,285,14999,73371
640107,284.4,284.4,280.3,280.5,13615,73291
640108,280.4,281.7,279.2,279.4,12584,73000
640109,278.6,281.4,278.5,281.2,12659,73071
640110,281.4,281.6,279,279.3,11761,70425
640113,277,279.6,277,279.4,10305,70869
640114,280,280.2,278,278.3,12900,69799
640115,278.2,280,277.4,279.7,8076,69192
640116,280.4,281.1,279.4,279.5,10204,67742
640117,279.6,280.4,279.1,279.7,7555,66969
640120,280,280.4,277.5,278,6850,67189
640121,278.4,278.4,272.6,273.2,9200,66323
640122,273.6,274.4,271.2,271.3,20140,64891
640123,272,273.7,271.5,273.4,13951,63698
640124,273.4,274.2,272.2,273.3,9214,62604
640127,267,267,263.6,264.4,8256,62362
640128,264.4,268,264.4,267.4,18438,58849
640129,267.4,267.7,265.2,265.4,11937,55946
640130,265.6,268,265.1,267.5,10114,54983
640131,268.4,270.2,268.4,268.5,9105,53118
640203,270.6,270.6,268.6,269.4,10611,51096
640204,268,268.4,266.2,266.4,8462,50878
640205,266,269,265.2,267.7,8568,49322
640206,267.6,270.3,267.4,268.4,9889,47211
640207,268.4,270.2,268.2,270.2,7257,46554
640210,270,270.6,268,268.2,6492,46223
640211,268,268.5,267.2,268.2,6735,45627
640212,268,268,267.1,267.2,4958,45541
640213,267,267,265,265.3,4488,43836
640214,265.4,266.5,264.7,266.1,7955,42815
640217,265.4,265.4,263.7,264.2,5071,42376
640218,263.4,265.2,263.4,263.4,5313,41427
640219,264.2,264.4,263.1,263.4,7402,39010
640220,263.4,264.4,263.2,264.1,5148,37999
640224,263.4,263.4,262.2,262.6,4098,36740
640225,262.2,265.2,262.1,265.1,5831,35620
640226,265.3,265.5,263.5,264.1,7257,33602
640227,263.2,264.1,263,263.1,6702,31709
640228,262.4,264.6,262.4,264.3,8030,29701
640302,264.6,266.2,263.6,266.1,6520,27334
640303,266.2,268.2,266,267.6,7197,23785
640304,268.4,269.3,268,268.7,6972,21843
640305,269.2,269.5,268.4,269.4,6865,19098
640306,269.2,271.2,269,270.6,5122,16893
640309,270.6,271.3,265,265.6,5823,15067
640310,267,267,264.6,266.3,7566,13333
640311,265.4,266.7,264.4,265.6,4915,12477
640312,266,267.4,265.2,266.7,2061,12341
640313,267.2,269,267.2,268.7,1860,12204
640316,268.6,269.6,267,268.2,2013,12032
640317,268.4,269,267.3,267.5,3347,11169
640318,267.7,268.1,263.1,263.2,3437,10643
640319,262.4,263,256.4,259.2,6352,9070
