631021,267,267,263.4,263.4,0,0
631022,264.4,265,263,263.6,1243,963
631023,264.4,265.4,264.2,265,483,1249
631024,264.4,265.4,264.4,265,592,1566
631025,265.4,273.4,265.4,271.4,1147,2091
631028,267,270.4,265.6,266.4,1993,2744
631029,267.4,268,262.4,262.4,3585,3911
631030,263.4,264.6,262.6,264.1,1634,4055
631031,264.4,264.6,262.4,262.4,1892,4297
631101,263.6,266,263.2,264,2707,5474
631104,265,265.2,260.6,261,2229,6316
631105,261,261,259.3,260.4,2526,6900
631106,260.4,264.2,260.4,264,1366,7277
631107,263.4,265.2,263.2,265,3584,7472
631108,266,268.6,266,267.4,3246,8417
631111,268.4,268.4,266.6,266.6,4395,9966
631112,266.6,268.3,266,266.2,1672,10639
631113,268,268.4,267.2,267.4,2688,11360
631114,268,268.2,263.4,263.6,2444,11805
631115,262,263.6,261.2,261.7,3028,12063
631118,261.4,262.6,260.4,261,5117,13072
631119,260,261.6,256,257,3842,13122
631120,253.1,259.6,252,258.4,6170,12060
631121,258,258,256.4,256.4,3594,12315
631122,256,258,247,253.4,4653,12870
631126,253,257.2,253,256.6,3865,12990
631127,257.4,258.3,256.6,256.6,2184,13490
631129,256.2,258,256,257.6,1980,13212
631202,258.2,260.7,257.4,259.3,1416,13629
631203,259.2,259.4,257.4,257.4,4383,15297
631204,256.4,259.6,255.4,259.4,4957,14681
631205,259.4,259.4,255.4,256,3819,13847
631206,255.6,259.6,255.6,258,1218,13646
631209,258.4,258.4,256.6,257.4,4133,14437
631210,258,259,257.4,258.4,2646,13925
631211,259,261,259,260.6,1446,14095
631212,260.6,262,259.4,260.1,2876,13533
631213,260,260.6,259.4,260.4,2960,12948
631216,260.2,261,259.4,259.4,884,13062
631217,259.2,260,258.7,259,888,13222
631218,259.4,259.6,258.4,258.4,1606,12998
631219,268.4,268.4,267.2,268.4,1778,12803
631220,269.4,269.4,261.4,262.2,6441,15535
631223,261.6,263.4,261.4,262.6,12176,13669
631224,263.2,263.4,262.4,262.6,2084,13654
631226,262.4,263.2,262.4,263,676,13796
631227,263.4,263.6,262.6,262.6,1019,13887
631230,262.6,262.6,260.6,260.6,930,13954
631231,261,261.6,260.6,261,2111,14026
640102,260.6,261,259.6,260.3,1867,13962
640103,260.4,261.6,260.4,261.5,3073,13618
640106,262.4,263.4,262.4,263.2,1922,13397
640107,262.6,263.3,262,262.2,1161,13371
640108,262.2,263.2,262,262.6,2968,13164
640109,262.4,263,262,262.7,2521,13532
640110,263.1,263.1,261.7,262.7,2062,13649
640113,261.2,263.2,261.2,262.6,1477,13741
640114,263.2,263.2,262.5,262.5,2219,13763
640115,262.4,263.3,262.4,263.2,687,13906
640116,263.2,263.5,262.6,262.7,1800,14064
640117,263,263.2,262.2,262.6,1624,13742
640120,263.2,263.3,262,262.2,728,13928
640121,262.5,262.7,260,260,1640,14123
640122,260.2,261,257.6,257.6,3258,14161
640123,258.2,260.2,258,259,2387,13761
640124,258.6,259.4,258.4,258.6,1684,13649
640127,255,256.4,254.1,255.6,1925,13928
640128,255.7,258,255.6,257.4,4917,14331
640129,258,258.1,256.5,257.4,2832,13400
640130,257.4,260.2,257.4,259.2,2348,13512
640131,259.6,260.7,259.2,259.4,3633,13266
640203,259.5,260.2,258.2,259,3973,12676
640204,258.1,258.6,257.6,258.1,1647,12784
640205,257.4,259.3,257.4,258.2,1523,12252
640206,258.2,260.2,258,259,1508,12566
640207,259.5,261,259.3,260.7,1337,12636
640210,261.2,261.2,260,260.2,999,12585
640211,260,260.7,259.6,260.6,1137,12756
640212,260.4,260.7,259.2,260.3,564,12730
640213,260,260,258.1,258.2,1324,12903
640214,258.4,259.4,258,258.6,2184,12242
640217,258.2,258.2,256.6,257,2222,12194
640218,256.6,257.6,256.2,256.4,1087,11763
640219,257,257,255.1,255.2,894,11611
640220,255,256.2,254.5,256,1257,11656
640224,255.6,256.1,255.2,256,1039,11806
640225,255.4,257.4,255.4,257.2,583,11700
640226,257.1,257.4,255.6,255.6,896,11754
640227,255.3,256.2,255.3,255.6,446,11744
640228,256,257.3,255.6,257.1,563,11788
640302,257,258,255.6,257.4,893,11784
640303,257.6,258.2,256.4,257.2,1099,11820
640304,257.3,257.3,255,255.1,977,11806
640305,255.4,255.5,254.1,254.5,1886,11462
640306,254.7,255.5,254.5,255.2,2169,11064
640309,255.2,258.2,252.4,252.4,1842,10523
640310,253.2,253.6,251.6,253.2,1222,10821
640311,252.6,253.4,252.1,253.4,2152,10804
640312,253,254,252.6,253.5,960,10711
640313,253.6,254,252.1,252.4,471,10711
640316,252.2,252.2,250,251.3,1395,10845
640317,250.6,251.5,250.2,251.3,2891,11225
640318,251,251.4,250.5,251.2,1120,11344
640319,249.6,249.6,247.4,249.1,916,11210
640320,248.6,249.2,247,247.1,2515,10831
640323,247.2,247.6,246.6,247,910,10972
640324,247,247.2,245.6,245.7,1905,11147
640325,246.2,246.7,245.6,246,1754,11057
640326,246.6,247.3,246.1,247,694,11307
640330,247.3,248.3,247.2,247.6,972,11201
640331,247.6,247.6,246.6,247,1035,11088
640401,247,249.4,246.4,249.2,871,10868
640402,249.2,249.2,248,248.4,1700,11047
640403,248.3,248.3,247.2,247.2,957,10816
640406,246.4,246.4,244.3,244.3,584,10884
640407,244.6,245.4,244.4,245,1539,10675
640408,244.6,245.1,244,244.5,1148,10937
640409,244,244.4,243.2,243.7,1237,11284
640410,244,247.2,243.6,245,1559,11987
640413,242.2,242.6,241.7,242.4,1934,12762
640414,242.4,243.4,242.3,243.1,1442,12677
640415,243.2,243.4,242.6,243,824,12503
640416,242.6,243.6,242.4,243.5,1232,12662
640417,244,244.4,243.3,243.6,601,12557
640420,243.3,243.3,242.3,242.4,677,12731
640421,242,243.1,242,243,1068,12677
640422,243.1,243.3,242.7,243.2,702,12584
640423,243.2,243.2,242.7,243,443,12684
640424,242.5,243,242.1,242.3,982,12239
640427,243,243,241.6,242.1,1988,11782
640428,242.1,242.7,241.7,242.4,1250,11760
640429,242.4,243.7,242.1,243.2,1093,11711
640430,243.1,244.1,243,243,852,11644
640501,243.5,244,243,243.7,1067,11478
640504,243.6,245.7,243.4,245.7,676,11428
640505,245.4,245.4,244.5,244.7,964,11287
640506,244.3,244.5,243.6,243.6,491,11247
640507,244,244,243,243,771,11092
640508,243,243.1,242.4,242.4,606,11122
640511,242.3,242.4,240.4,240.6,542,11175
640512,240.4,241.1,240.4,240.5,1432,11103
640513,240.4,240.5,239.7,240.2,976,10996
640514,240.5,241.2,240,240,722,11008
640515,240,240.6,239.7,240.4,726,10965
640518,240.3,241.7,240.2,241.4,1663,10770
640519,241.5,241.5,240.7,241.1,496,10800
640520,241.2,242.4,241.1,242.4,349,10875
640521,243,244,242.7,243.5,917,10687
640522,244.2,245.1,243.3,245.1,1154,10608
640525,244.6,245,243.6,244.6,1231,10566
640526,244,244,242.6,242.6,731,10604
640527,242.7,243.1,242.3,242.6,825,10597
640528,242.7,243.3,242.3,242.6,408,10733
640601,243,245.2,243,244.6,824,10642
640602,245.3,246.6,245.2,246.6,1720,10393
640603,246.7,247,245,245,2233,10829
640604,244.7,245.5,244.2,244.5,2353,11452
640605,244.2,244.2,242.7,243.3,789,11615
640608,242.6,242.6,241.7,242.6,829,11712
640609,243,243.6,242.2,243.6,2022,11637
640610,244,244.3,243.3,243.4,1114,11668
640611,243.3,243.4,242.4,242.7,1341,11799
640612,242.2,243,242,243,952,11840
640615,241.4,242,241.2,241.3,497,11780
640616,241.1,242.2,241.1,241.7,1006,11771
640617,241.6,242.6,241.6,242.6,590,11880
640618,242.7,243,242.2,242.3,609,11875
640619,242.3,243.3,242.1,242.6,646,11907
640622,242.2,242.2,241.4,242,537,11978
640623,241.6,243.2,241.6,242.6,913,11948
640624,243.4,244,243.2,243.4,810,11810
640625,243.6,243.6,243.3,243.4,1669,12158
640626,244.1,245.6,244.1,245.6,522,12237
640629,246.6,247.4,245.7,246,2294,12212
640630,245.4,245.4,244.4,245.3,1948,12210
640701,244.6,244.6,243.6,244,1628,12243
640702,244.4,245.3,244.3,244.4,904,12178
640706,244.4,245.7,244,245.4,881,12230
640707,245.2,245.2,243.1,243.2,958,12111
640708,242.7,243.5,242.7,243.3,2348,12267
640709,243.4,244.1,243.3,243.7,608,12266
640710,244,244.1,242.6,243,485,12316
640713,241,241.2,240.6,240.7,890,12527
640714,241.1,241.3,240.6,241.3,1677,12655
640715,241.3,241.6,240.6,240.6,1420,12576
640716,240.7,241.2,240.6,241.2,882,12418
640717,241.2,242,240.7,241.6,680,12193
640720,241.4,241.4,240.6,240.6,1097,12124
640721,240.4,240.7,238.6,239.2,1173,12160
640722,238.6,240.4,238.6,240.3,3960,12040
640723,240.6,240.6,240.1,240.2,3907,12122
640724,240,240,239.2,239.3,1163,12359
640727,239.4,239.7,239,239.3,1112,12680
640728,239.2,240.3,239.1,240.2,1530,12654
640729,240.6,241.3,240.3,240.6,1319,12976
640730,240.6,240.7,240,240.3,1196,12850
640731,240.4,241.3,240.3,241,1481,13240
640803,244.4,245.2,243.2,243.7,832,13234
640804,244.2,244.6,243.4,243.7,3210,13674
640805,250,250.6,246.6,250,3065,12830
640806,245.2,247.2,245,246.5,4011,13031
640807,246,249,245.6,247.5,2922,12695
640810,247,247,244.4,244.6,2849,12251
640811,244.2,246,243.7,246,1554,11988
640812,245,249.7,245,249.2,1826,11680
640813,249.2,250,246.4,246.5,2856,11691
640814,246.2,247.7,245.7,247.2,2774,11550
640817,249.4,252.5,249,252,2381,11532
640818,252,253.7,251.2,253.3,4730,10624
640819,252,252,250.2,250.7,3797,11058
640820,250.6,251.6,249,249.1,3013,10217
640821,248.2,248.6,247.4,248.4,4125,10444
640824,248.2,253.7,248.1,253.1,2060,10586
640825,252.7,254.6,251.4,253.7,2967,10379
640826,256,258,254.6,256.5,3957,9426
640827,256.6,256.6,254.4,254.4,4018,9104
640828,253.6,256.4,253.5,256.3,2097,8839
640831,256.4,256.4,253.6,254.4,2020,8584
640901,254.2,255.3,252.1,252.1,2026,8241
640902,252.2,254.5,252.1,254.4,2009,8002
640903,255,256.4,254.3,256,1584,7984
640904,256.4,258.6,256.4,257.1,2044,8110
640908,256.4,256.5,254,254,1827,7721
640909,254.2,255.6,253.7,254.5,1408,7434
640910,255,256.4,254.5,256.4,1344,7401
640911,261,266.4,261,266.4,2029,7263
640914,264,269.4,264,268.4,2691,6874
640915,268,271.4,266.4,270.4,2639,6295
640916,270.4,274,269.6,272.4,2712,5029
640917,272.2,277,272.2,276.2,2121,3741
640918,276,279.6,275.2,279.4,2310,3017
640921,276.4,276.4,274.4,275.6,2943,2762
