631203,254.4,256,254,254.2,0,0
631204,254,256.2,252.4,256,4460,3262
631205,255.6,255.6,252,252.2,3094,5187
631206,252.4,255.6,252.2,255,1043,5659
631209,254.4,255,253.4,254,2363,6650
631210,255,255.4,254,255,1063,6685
631211,255.2,257.4,255.2,257,509,7088
631212,256.4,258.2,255.6,256.4,1749,7402
631213,255.6,256.4,255.4,256,770,7761
631216,256.4,256.4,255.2,255.2,610,8111
631217,255.2,256.1,255,255,694,8312
631218,255.6,255.6,254.3,254.4,1220,8237
631219,262,264.4,260,264.4,1347,8254
631220,260,260,254.4,255.4,1347,8254
631223,255.4,256.6,255,255.6,7604,12595
631224,256,256.4,255.6,256,1721,12667
631226,255.4,256.4,255.4,256,1465,13172
631227,256.6,257,256.2,256.2,958,13326
631230,256.2,256.2,254.4,254.4,1622,13955
640102,255.4,255.7,254.6,255.2,1860,14665
640103,255.4,256.4,255.4,256.2,3236,14974
640106,257.2,258.4,257.2,257.6,2105,15247
640107,257.4,258.5,257.2,257.2,2072,15555
640108,257.3,259,257,258.4,3821,15234
640109,258,259,257.6,258.6,2693,15797
640110,259,259,258,258.4,2833,15964
640113,258,259.4,257.6,258.6,2115,16899
640114,259.4,259.4,258.6,259,3169,17850
640115,258.7,259.4,258.5,259.2,1798,18326
640116,259.3,259.7,259,259,1841,18547
640117,259.1,259.3,258.3,258.7,2486,18674
640120,259,259.3,258,258.2,838,18778
640121,258.6,259,256.6,257,1767,19661
640122,257.2,258,254.5,255,3161,19958
640123,255.3,257.2,254.6,256,4327,20443
640124,256,256.2,255.2,255.5,3263,20768
640127,253,255,252,253.4,2911,20874
640128,254,255.5,254,255.2,6552,21402
640129,255,255.7,254.2,255.4,5066,20979
640130,255.2,258.4,254.6,257.4,4232,21975
640131,257.6,259,256.7,257.1,5992,22415
640203,257.6,258.2,255.6,256.4,5948,21802
640204,255.6,256.5,255.4,255.6,4629,21818
640205,255.6,257,255.4,256.4,2643,21699
640206,256.3,258.2,256.2,257.1,2897,22264
640207,257.2,259,257.1,258.7,3263,22683
640210,259.6,259.6,258.2,258.2,1939,23212
640211,258,259,257.6,258.7,2372,23331
640212,258.6,259.2,257.6,258.3,2199,23605
640213,257.7,257.7,256.6,257.2,2572,24066
640214,257,257.7,256.2,256.6,5130,23483
640217,256.2,256.2,254.7,255.1,3706,23593
640218,254.7,256,254.4,254.4,3790,22980
640219,254.7,255.2,253,253.3,2366,23285
640220,253.1,254.3,252.5,254.1,3719,22763
640224,253.4,254,253,254,2673,22910
640225,253.2,255.3,252.6,254.7,1506,23213
640226,255.2,255.4,253.6,254,2509,23754
640227,253.7,254.4,253.3,254,2133,23987
640228,253.7,255.4,253.7,255,1458,24227
640302,255.1,256.2,254.2,256,1606,24726
640303,255.3,256.1,254.7,255.6,2902,25391
640304,255.5,255.5,253.5,253.6,3033,25703
640305,254.4,254.4,252.5,253.1,3169,25804
640306,253.1,253.6,252.7,253.3,2697,25418
640309,253.4,253.4,251,251.1,3210,25413
640310,251,252,250,251.5,3619,25792
640311,251.2,251.5,250.4,251.4,5095,26545
640312,251.2,252.3,251.1,251.7,2389,26755
640313,251.5,252.1,250.4,250.4,1787,27248
640316,250.4,250.6,248.4,249.4,3239,28374
640317,249,250.4,248.6,249.5,4867,29169
640318,250,250.1,249,250,3095,29347
640319,247,248.1,246.4,247.4,3396,30151
640320,247.4,248,245.4,245.5,5450,30587
640323,245.4,246.3,245.2,245.2,4301,31333
640324,245.4,246,244.4,245,5336,31680
640325,245.2,245.5,244.4,244.6,4961,32370
640326,245.2,246.2,244.6,246,4454,33167
640330,246.4,247.1,245.7,246.2,4363,33562
640331,246.2,246.3,245.4,245.5,3673,33893
640401,245.4,248,245.2,247.7,2552,34646
640402,247.4,247.6,246.5,247.4,3837,34654
640403,246.6,246.6,246,246.2,4931,36680
640406,245,245,243.1,243.2,2343,36958
640407,243.4,244.2,243.4,243.5,6411,37206
640408,243.5,243.7,242.6,243.3,3280,37101
640409,242.4,243.2,242,242.4,4204,37214
640410,243.2,246.2,242.4,244,4229,37482
640413,241,241.4,240.4,241.2,12115,38426
640414,241.2,242,241.1,241.7,8220,40061
640415,241.6,242.1,241.4,241.5,4564,40870
640416,241.5,242.3,241.3,242.2,3065,41375
640417,242.6,243,242.1,242.4,3092,41065
640420,242.1,242.1,241.1,241.2,2172,40946
640421,240.7,241.7,240.5,241.6,3294,42015
640422,241.7,242.2,241.4,241.6,3805,43031
640423,241.5,241.7,241.3,241.4,2215,43179
640424,241.4,241.6,240.6,241.1,3906,43479
640427,241.5,241.6,240.2,240.5,2932,43695
640428,240.5,241.4,240.4,241.2,4480,44767
640429,241,242.3,240.5,241.7,3508,45411
640430,242,242.6,241.4,241.4,4324,46009
640501,241.4,242.4,241.2,242.3,3546,45532
640504,242,244.4,241.6,244.2,2537,45654
640505,244.2,244.2,242.6,243.3,6465,45612
640506,243,243,242.1,242.5,3253,45332
640507,242.2,242.5,241.4,241.5,4410,44624
640508,241.4,241.5,241.1,241.3,3643,43997
640511,241,241,239.4,239.5,3299,43678
640512,239.4,240,239,239.1,8365,44784
640513,239.2,239.3,238.4,239.1,4961,45258
640514,239.2,239.6,238.7,239,3444,46051
640515,239.2,239.6,238.4,239.4,4021,46288
640518,239.4,240.6,239.2,240,6658,45963
640519,240,240.1,239.4,239.7,4690,47000
640520,239.7,242.4,239.7,241.2,3081,47385
640521,241.4,242.6,241.4,242.3,4132,47501
640522,242.4,243.6,241.6,243.4,7518,48557
640525,243.2,243.4,242.2,243.4,8749,48978
640526,243,243,241.4,241.5,5161,50082
640527,241.1,241.7,241.1,241.5,4467,49866
640528,241.5,242.3,241.1,241.6,3104,50070
640601,241.6,244.3,241.6,244,5797,50608
640602,244,245.2,243.6,245.2,12021,51302
640603,245,245.3,243.3,243.4,17608,53369
640604,243.6,244.2,243,243.3,10019,53956
640605,242.7,242.7,241.3,242,9245,54377
640608,241.5,241.5,240.5,241.4,11861,54229
640609,241.6,242.6,241,242.4,9733,53878
640610,243,243.4,242.4,242.5,9225,54146
640611,242.2,242.6,241.4,241.7,9512,54510
640612,241.2,241.7,241,241.4,7200,54457
640615,240.4,240.5,240,240.3,7627,55081
640616,240.4,241.2,240.2,241,9200,54847
640617,240.7,241.6,240.6,241.6,8340,54785
640618,241.6,241.7,241,241.1,4311,54963
640619,241.1,242.2,240.7,241.5,7078,55040
640622,241.1,241.1,240.4,241,5920,54654
640623,240.6,241.7,240.5,241.6,3249,54601
640624,241.7,243.1,241.7,242.3,4705,54014
640625,242.4,243,242.2,242.6,10676,54331
640626,243,245,243,244.7,5428,54590
640629,245.6,247,245.2,245.3,18297,57777
640630,244.2,244.4,243.4,244.2,20188,57521
640701,244,244,242.6,243.1,13632,56976
640702,243,244.5,243,243.6,10125,56316
640706,243.2,245,243,244.6,9367,56137
640707,244.2,244.2,242.1,242.2,10270,55824
640708,242.2,242.6,242,242.5,16497,55070
640709,242.4,243.2,242.4,243.1,6495,55710
640710,243.2,243.2,242.1,242.2,6886,56972
640713,240.4,240.6,239.6,240,8951,57693
640714,240.1,240.3,239.6,240.1,13543,58661
640715,240.1,240.5,239.4,239.5,9308,58114
640716,239.4,240.1,239.4,239.6,9650,59260
640717,240.1,240.4,239.6,240.2,5441,59636
640720,239.6,240,239.2,239.2,6399,59497
640721,239.1,239.1,237.5,238,6025,59278
640722,238,239.1,238,239.1,14211,58391
640723,239.2,239.6,239,239.1,12526,58859
640724,239.2,239.2,238.1,238.3,7477,59367
640727,238.4,238.7,237.5,238.1,9055,59405
640728,238,239.2,237.5,238.6,8579,60626
640729,239,240.2,238.7,239.4,9693,60910
640730,239.5,239.6,238.6,239.1,14674,60642
640731,239,240.2,239,239.5,8279,60739
640803,241.6,243.3,241.6,242.7,11238,60832
640804,242.7,243.6,242.3,242.7,22153,61667
640805,247,249.2,245.4,249.2,20553,61816
640806,246.6,246.6,243.4,245.5,33605,60402
640807,245,248,245,246.7,25890,61545
640810,245.4,245.4,243.5,243.7,21523,60688
640811,242.6,245,242.6,244.7,16216,61673
640812,243,249,243,248.5,21039,60798
640813,248.6,249.3,245.6,245.6,30370,64083
640814,245.6,247.2,245.1,246.4,32029,64676
640817,247.6,252.4,247.6,251.4,22185,65775
640818,252.2,253.7,251,252.7,38025,66637
640819,251,251.2,249.6,250.4,38828,65995
640820,250.2,251.3,248.6,248.6,22349,65470
640821,247,248.5,247,248.3,29806,65720
640824,248,253.6,248,252.5,20981,65717
640825,253.1,254.6,251.5,254,37782,69783
640826,255.4,258.2,254.6,256.7,35016,70865
640827,257,257,254.3,254.5,39536,72494
640828,253.5,256.4,253.5,256.4,27444,70190
640831,255.4,256.4,253.4,254.4,28419,70686
640901,254.2,255.2,252.1,252.2,25904,72081
640902,252,254.6,252,254.6,30179,72236
640903,255,256.5,254.3,256,21844,72317
640904,256.2,259.2,256.2,257.4,30714,74590
640908,256.6,257,254.2,254.4,40362,71592
640909,255,256.2,253.6,254.4,21741,70759
640910,254.6,256.2,254.4,255.7,22592,71098
640911,260,266.1,260,266.1,21332,70820
640914,266,270,264.2,268.6,47522,71014
640915,268,271.4,266.2,270.6,41695,71432
640916,270.4,274,269.4,271.4,33688,71026
640917,271.6,277,271,276.2,38678,70521
640918,276,279.4,274,277.6,42218,68665
640921,274.2,276,271.6,271.6,46447,67042
640922,270.4,275,270.4,271,35424,64840
640923,270.4,271.4,268.4,268.6,31456,64796
640924,269,272.2,268.2,271.6,32443,63194
640925,272,274,271,271.4,28992,63012
640928,272,274.6,272,273,26554,63084
640929,273.4,274.2,271.2,271.5,26989,61776
640930,271.4,271.4,268.3,268.5,24373,62301
641001,268.4,277.2,267.6,275,34426,60267
641002,276.2,282.4,275.2,277,50178,58110
641005,278,281.2,276.6,276.6,52423,58091
641006,277.4,278.4,275.6,275.7,34130,55363
641007,275.7,278.6,275.2,277.2,23444,56063
641008,277.6,279.4,277.4,277.6,24482,55801
641009,278.4,279.4,276.6,276.6,23717,54690
641012,271,271,267.1,268,24775,52102
641013,267.6,270.2,267.2,269.2,33621,51106
641014,269.6,271.2,268.6,270.2,24047,50006
641015,271.2,272.4,270,270,23448,48324
641016,271,271.4,269,269.2,20875,47228
641019,269.2,270.4,268.6,270,16923,45307
641020,270.2,272.7,270.2,272,10512,44413
641021,272.2,273,271.2,271.6,16084,43615
641022,271,273,271,271,11142,42360
641023,270.5,270.6,268.2,268.6,11844,41239
641026,271,272,269.6,270,13273,39494
641027,270.2,270.4,268.2,268.2,9650,38904
641028,268,268,264.6,266.4,12396,36883
641029,265.2,267.4,264.4,264.6,19172,34365
641030,264.4,269,264.2,268.5,18923,30629
641102,270,271,269.4,270,19586,26752
641104,270.6,271.4,268.6,270.6,11974,22238
641105,270.6,273.6,270.5,273.5,8622,20857
641106,274.4,275,271.2,271.7,12431,18515
641109,271.4,273,271.4,272.7,11650,17341
641110,273.4,273.6,272.1,272.5,7336,15214
641111,269,272.2,268.4,271.6,7241,13376
641112,272.2,275,271.4,273.6,7614,11432
641113,274.2,276.4,274.2,275.2,8447,10674
641116,276.2,279.5,276,279.2,5151,9543
641117,280.4,282.2,279.4,281,7876,8630
641118,280.6,282,279,280.4,9044,5008
