640901,264.4,264.4,260,260,0,0
640902,260,261.2,259.6,261.2,96,76
640903,262,263,261.1,262.5,81,126
640904,262.6,265,262,262.3,621,532
640908,262,262,260,260,847,929
640909,260.4,261.6,260.1,260.5,584,1291
640910,260.6,261.6,260.6,261.4,83,1312
640911,266.5,271.4,266.2,271.4,139,1336
640914,270.4,274,269.4,273.4,908,1503
640915,271.4,275.4,271.4,275.2,684,1751
640916,275.4,278.6,274.4,276.2,582,2049
640917,275.6,281,275.4,280.4,803,2311
640918,279.6,283,279,281.4,890,2810
640921,279.4,280,275,275.4,1655,3447
640922,276,278,274,274,1047,3778
640923,274,274.6,272,272.2,895,4013
640924,272.4,276,272.4,275.4,582,4378
640925,277.4,277.7,274,274.2,1060,4647
640928,275.6,278.1,275.6,276.2,514,4859
640929,277,277.4,273.6,273.7,1122,5430
640930,273.4,273.4,270,270.4,1221,5879
641001,270.2,279,269.4,278.4,1465,6277
641002,278.4,284,277.4,279.2,2705,6762
641005,282.4,282.6,279,279.2,3439,7856
641006,280,280,276,276.2,1679,8323
641007,276.4,279.2,275.5,277.4,1018,8758
641008,278.6,280,277.2,277.3,993,9151
641009,278.2,278.6,277,277.1,1130,9541
641012,272,272.4,268,268.4,1578,10077
641013,268.2,270,267.4,268.7,1723,9928
641014,269.4,272,269,270.6,1121,10124
641015,271.2,274,271,271.6,924,10246
641016,272,272.4,270.6,271.2,959,10356
641019,270.4,272.4,270.4,272,723,10369
641020,272.4,274.6,272.4,273.6,500,10279
641021,274.4,274.6,273,273.4,416,10304
641022,273.2,274.6,272.4,272.5,579,10438
641023,272.1,272.4,270.2,270.2,518,10533
641026,274.4,274.4,272.4,272.4,1001,10732
641027,273.2,273.2,272.2,272.2,347,10609
641028,272,272,268.6,269.4,1086,10799
641029,268.4,270.4,268,268.2,1536,11184
641030,268.2,272.2,268.2,272.2,1315,11151
641102,273.2,274.3,273,273,1052,11545
641104,274.1,274.2,271.7,274.1,767,11688
641105,275,277.2,274.2,277.1,594,11856
641106,278.4,278.6,274.5,274.6,1384,12286
641109,275,275.7,274.1,275.6,1391,12455
641110,275.7,276.1,275,275.4,938,12583
641111,270.2,274.2,270.2,273.6,800,12671
641112,274.2,277.2,273.5,275.7,1381,12953
641113,276.6,278.4,275.2,275.5,1070,13215
641116,276.4,278.2,276,277.6,1363,13275
641117,278.2,280,277.6,278.5,1577,13536
641118,278.7,280.2,277.4,279.6,1647,13812
641119,280,281.7,280,281.2,1809,13968
641120,281.4,282.6,280.3,282.2,2482,14938
641123,282.6,284.2,282.2,284,2336,15985
641124,283.2,289.4,282.4,289,1037,15897
641125,290.4,291.5,288.3,290.2,3708,16591
641127,289,289,286.4,288,4406,17074
641130,288.4,289,286.5,287.3,2154,17018
641201,286.4,287,284.2,284.4,1253,17160
641202,283.6,288.4,283.6,288.4,1681,17512
641203,290,292.4,290,291.5,1233,17623
641204,291.4,293.6,289.7,292.4,2429,17429
641207,293.2,295.6,293,293,2185,17626
641208,293.4,293.4,289,289,2589,18437
641209,289.2,291.4,288.2,290.4,3254,18693
641210,290.4,291,286.6,286.6,2431,18782
641211,287.2,288.2,286.4,287.6,2607,19231
641214,288,290,288,289.2,2849,19696
641215,290.4,290.7,284.6,285,2602,20338
641216,285.2,286.4,283.7,286,3350,20603
641217,286.6,288,286.2,287.7,2234,20705
641218,287.4,288,286.2,286.6,1744,21076
641221,285.4,289.6,285.4,289.4,1409,21068
641222,290,290.6,287.6,287.6,3011,20821
641223,287.6,288.2,285.6,286,3577,20524
641224,286,287.6,285.7,287.3,1098,20407
641228,286.4,287,282.5,282.5,627,20550
641229,281,281.6,272.6,275.6,1595,20672
641230,277,279.2,277,277.6,6324,20762
641231,278,279.6,277.3,278,3358,20715
650104,277.2,277.2,273.2,275.4,2658,20664
650105,274.2,279,274.2,278.2,2421,20929
650106,278.6,279.2,277,277.4,2409,20702
650107,277.4,281,277.4,280.7,1136,20549
650108,281.2,281.3,279.4,281.2,1617,20852
650111,278,282.6,277.6,282.5,1500,21042
650112,289.4,290.4,287,287.7,2985,21426
650113,287,289,285.6,286.6,4665,21302
650114,287.2,288.6,286.4,288.2,2207,21805
650115,287.4,290.3,287.4,289.4,2631,21896
650118,290.6,296,290.6,295.3,2037,22208
650119,295.6,295.6,292.4,294,5053,22626
650120,292.4,293.4,290.4,291.2,4539,22025
650121,292,293.3,290,292.4,2227,22157
650122,293.2,296.3,293.2,295.7,2512,22745
650125,296.4,297.4,293.6,294,3964,23101
650126,292,300.6,291.1,297,4906,23223
650127,301,307,301,304.4,10079,23933
650128,303.4,305.4,302.2,303.4,10959,25369
650129,304.6,305.6,301.6,302.6,6445,26085
650201,303,303.2,300.4,302.6,5177,26151
650202,302,304,301.2,303.4,4364,26690
650203,304,306.6,303,306.2,3013,26941
650204,307.4,309.2,306.4,307,5593,26569
650205,306.2,307.3,304.6,307.1,7649,26557
650208,310,310.4,307.4,307.4,4830,26606
650209,297.6,306,297.6,297.6,0,0
650210,297.4,303,296,301.2,11230,27566
650211,302.6,303.6,300.6,303,8984,27489
650212,303,303.2,298.6,299.4,7150,26803
650215,298,298,290,293.2,7112,27527
650216,293.4,297.4,293.4,296.6,10270,26832
650217,297,297.4,293.6,294,5493,26406
650218,293.4,300,293.4,299.4,4718,26405
650219,300,302.2,298.4,302,6702,27524
650223,301.4,302,297.2,298.6,7352,28620
650225,295.6,302.2,295.6,300.4,6290,30242
650226,300,303.1,299.6,302.4,6009,30125
650301,302.4,304.6,299,299.4,5672,29860
650302,299.4,301.6,298,301.4,6795,30794
650303,301.4,302.6,299.3,301,6930,31273
650304,301.2,302.5,301.1,301.3,5215,31871
650305,303,304.2,302,302.1,4438,31879
650308,302.6,302.6,299.2,299.5,4138,31744
650309,299,301.3,297.6,300.4,5830,32239
650310,301,301.6,299.5,299.7,6822,31479
650311,300.2,302,299.1,300.6,4014,31548
650312,300.4,301.4,299.4,300.4,5973,31696
650315,300.4,300.6,290.6,290.6,4114,31975
650316,292.2,294.6,290.2,292.4,10108,34389
650317,293.4,294.6,292.2,294.5,9652,33547
650318,294.6,295.2,285.4,287.4,3963,33815
650319,287,288.4,286,287.4,9881,34015
650322,288,289.7,287.6,289.6,9347,34592
650323,289.2,290.3,284.2,285.7,5264,34517
650324,286,290,286,289.5,13266,34288
650325,290,292.6,290,291.6,5645,33544
650326,291.6,294.4,290.4,294,6223,33079
650329,293,295.2,291.4,294.6,8243,33577
650330,294,296,292.2,292.2,5771,33352
650331,292.6,296.4,291.4,296.4,5662,33103
650401,296.4,299.4,295.4,299.2,8644,33588
650402,299.4,300.4,298,299,7663,33811
650405,299.6,301,299.6,300.2,7641,33712
650406,300.4,301,297.7,299,5660,33693
650407,299,301.2,298.6,300.4,6408,33541
650408,300.2,302.2,299.5,300.4,5037,33873
650409,300.6,301,298.4,298.4,6286,34254
650412,300.6,301.2,291,294.2,5723,34731
650413,294,295.4,292.2,295.2,13194,34680
650414,295.4,296.4,294.3,295.5,10798,34071
650415,295.6,296.7,294.3,296.4,4686,34141
650419,296.7,297,293.2,296.5,5303,34377
650420,297.4,298.4,296.5,298.2,8058,35568
650421,297.6,298,296.2,297.1,7906,36068
650422,297,297,294.6,295.2,4485,36206
650423,294.4,295.5,292.4,293,7901,35920
650426,295.4,296,290.6,292,7634,37170
650427,290.4,290.6,286.4,289.6,11183,36461
650428,290.4,291,287.6,290.4,13757,37511
650429,290.2,290.2,283.6,284.6,8407,37972
650430,284,287,284,285.3,14041,38484
650503,285,286,282.3,283.6,9388,38766
650504,284.2,285.4,283.4,284.5,9064,38936
650505,285,286.4,283.2,283.2,7600,38801
650506,283.4,283.4,280.6,281,8390,38611
650507,279.6,280.4,277.4,278,8928,39438
650510,277.2,279.7,277,279.5,11956,39856
650511,280.6,281,279,281,9452,38799
650512,280.4,281.3,279.4,279.5,7758,40507
650513,278.4,278.4,275.2,277.5,6556,40405
650514,279,282.1,278.4,281.6,15746,40113
650517,281.4,281.6,278.6,278.7,14385,39483
650518,278.4,281,277.4,280,10572,39249
650519,280.1,280.5,274,274,13297,39605
650520,274.2,275.2,271.4,274.3,13708,40256
650521,274.4,276.2,271.7,273.1,22164,38156
650524,272.2,272.6,268.4,269,18805,37911
650525,269.4,273.3,269.4,272.2,20146,37257
650526,272.6,274.2,270.6,273.3,17255,36885
650527,274,277.6,272.6,277.5,19834,37207
650528,278,278.4,275,275.2,20843,37926
650601,274.6,279.7,274,279.2,19706,37149
650602,279.4,280.6,276.6,277.6,20738,37387
650603,277.2,280.4,277.2,280.4,18511,36820
650604,281.4,284.1,281,283.5,11766,37706
650607,283.4,285,281.4,283,22503,39335
650608,281.6,282.6,277.5,281.7,20942,39249
650609,281,281,275.6,278.4,22029,39878
650610,278.6,281,278.5,280.6,25485,38312
650611,281.4,282,277.7,278.7,18890,39269
650614,276.6,278,275,277.1,14161,40043
650615,276.2,278.2,275.2,277.6,18287,40380
650616,276.4,281,276.4,279.6,14996,40413
650617,281,281.6,277.2,277.7,16754,41592
650618,278,282.3,277.6,281.2,16765,40895
650621,282.2,284.3,282.2,283.2,18134,42251
650622,284,285,281.3,283.2,13520,42974
650623,283.6,286,281.5,286,17428,43718
650624,287.2,289.2,287,288.5,18381,44677
650625,288,289.3,286.2,288.5,20532,44422
650628,289.2,290.7,287.1,289.4,18043,44233
650629,288,288.3,283,283.7,16875,44804
650630,284.4,286.4,282.2,285.4,23393,44196
650701,285.4,287.2,284.6,285,23085,44982
650702,284.2,285.2,282.3,283,16080,45506
650706,283.2,283.4,276.2,276.4,17528,46126
650707,275.4,279.2,274,279,25610,46804
650708,280,281,276,276.4,33373,48756
650709,276,278.4,274.6,278.2,27489,50978
650712,277.2,279.6,275.6,276.2,27306,51870
650713,277,280,276.6,279.6,27673,52314
650714,280,282,277.6,278.6,24821,52982
650715,278.6,279.7,276.6,277.2,37131,50403
650716,276,276.5,274.2,274.6,26600,49169
650719,274.4,274.4,271.6,272.5,31176,48042
650720,272,274.4,271,271.4,30603,45248
650721,271,274,271,274,25251,44243
650722,274.4,278.4,274.4,278.4,34619,45527
650723,278.4,278.7,276.3,277.7,31863,44744
650726,277,281.2,276.4,280.4,26740,45195
650727,279.2,282.4,278.2,280.4,22159,43618
650728,281,281.4,275,275.2,24208,43328
650729,275,276.5,274.2,276.2,21760,41576
650730,276.6,278.4,276.6,277.6,16463,40895
650802,277,277,275.2,275.5,14504,39274
650803,276,276.4,273.6,276.2,11885,38590
650804,275.5,276.4,274,275.2,14760,37474
650805,275.6,277.2,274.4,274.4,11553,37339
650806,274.4,276,274,275.7,12531,36688
650809,275.4,275.7,274.4,275,10440,36921
650810,275,275.2,270.6,270.6,6073,36633
650811,270.4,273,269.1,272,23526,32583
650812,272,272,269.2,270.4,20871,31168
650813,271,274.4,271,274.1,18079,29992
650816,275,277.2,271.1,271.7,18620,29101
650817,271.6,273.4,270.5,272.6,17914,27647
650818,272.4,273.6,271.4,272.3,15973,27150
650819,273,277.2,272.5,275.6,13221,25626
650820,276.6,283.4,274,280,24471,18431
