650401,263,264,262.7,263.7,0,0
650402,263.7,264.1,263.3,264,1875,1840
650405,264.3,264.6,264.1,264.5,275,2075
650406,264.3,264.3,263.4,263.5,660,2730
650407,264.3,264.4,264,264.4,976,3637
650408,264.2,265,264.2,264.5,15,3647
650409,264.6,265,264.4,264.4,608,4174
650412,265,265.2,263.2,264,351,4454
650413,264,264.6,264,264.6,272,4575
650414,264.4,264.5,263.6,264.4,185,4445
650415,264.5,264.7,264.3,264.7,671,4660
650419,264.4,265.2,264.4,265,71,4621
650420,265.3,265.3,264.6,264.7,45,4641
650421,264.5,265.7,264.5,265.6,349,4921
650422,265.6,265.6,264.7,265,386,5191
650423,264.3,265.3,264.3,264.7,118,5263
650426,265,265,264.2,264.3,877,5574
650427,263.5,264.1,263.3,263.6,735,5903
650428,264,264.1,263.4,264,313,5954
650429,263.4,263.4,261.2,261.2,1247,6970
650430,261.3,262,261.3,261.6,413,6182
650503,261.6,261.7,259.2,259.7,1343,6804
650504,260.3,260.5,259.6,260,1376,7589
650505,260.6,260.7,258.4,258.4,802,7681
650506,258.3,258.3,257.3,257.4,796,8005
650507,257.1,257.2,256.2,256.3,998,8397
650510,256.4,257.4,256,256.4,1465,8597
650511,257,257.1,256,257,1992,9489
650512,256.3,256.4,255.6,256,353,9495
650513,255.4,255.4,254.2,255.1,350,9673
650514,255.3,256.4,255,256.2,1165,9793
650517,256,256,254.4,254.4,963,9721
650518,254.2,255.1,254,254.5,872,9708
650519,254.7,254.7,253.4,253.4,982,9911
650520,253.2,253.4,252.1,253.2,1071,10380
650521,253.2,253.2,251.2,251.6,1857,10232
650524,251.2,251.4,249.2,249.5,1435,10919
650525,250,251.5,250,250.2,2738,11152
650526,250.4,251.4,249.5,250.6,2936,12294
650527,250.7,252.6,250.4,252.6,4623,14070
650528,252.6,252.6,251.2,251.2,2476,14810
650601,251.3,253.4,250.6,253.1,935,14935
650602,252.4,253.4,252.2,252.5,1556,14827
650603,252.6,254,252.4,254,1870,15298
650604,254.1,255.3,253.7,255.2,2228,16363
650607,255.2,255.4,254,254.2,1103,16492
650608,253.4,254,252.2,253.6,897,16447
650609,252.6,253.5,252.1,253.2,1954,16201
650610,253.4,255.6,253.4,255.3,1852,16473
650611,255.5,255.5,253.6,253.6,1793,17046
650614,253.2,253.3,252.2,252.6,963,17122
650615,252.3,253.6,252.3,253.4,881,17324
650616,253.2,255,253.2,254.7,918,17553
650617,255.4,255.4,253.5,253.5,3272,18643
650618,253.6,255.5,253.6,255.3,1306,19149
650621,255.6,256.2,255,255.4,1239,19720
650622,255.6,255.6,254,254.3,1206,19785
650623,254.2,255.4,253.5,255.2,1159,20101
650624,256,256.1,255.2,255.2,1380,20819
650625,255,255.2,254.3,255,996,20734
650628,255,257.4,255,256.7,2222,20637
650629,256.1,256.5,255.6,256.2,1636,21221
650630,256.2,256.4,255.5,256.4,2301,20519
650701,256.3,256.6,256.1,256.4,3060,21574
650702,256,256.1,254.5,254.7,3490,23244
650706,254.5,254.5,253.2,253.2,755,23249
650707,252.6,253.6,252.6,253.5,2665,23282
650708,253.6,253.7,252.3,252.5,1802,24235
650709,252.3,253,252.3,252.4,1787,24110
650712,251.4,251.6,250,250.1,3100,24250
650713,250.2,251.2,250.1,251,2781,24919
650714,251.2,251.5,250.6,251.1,2620,26026
650715,250.6,251.6,250.6,251.5,2980,26980
650716,251.4,252.4,251.2,252.3,2110,25915
650719,252,252.2,250.6,251.1,1218,25846
650720,250.7,251.3,250.4,250.7,2054,26092
650721,250.6,252.1,250.5,252.1,1146,26312
650722,252.1,258,252.1,257.2,1570,26577
650723,257,257.1,254.6,256.1,5620,28420
650726,255.6,262.6,255.4,260,5511,28768
650727,260,264,259,262.2,5325,29253
650728,262,262,256.6,257.1,6437,31484
650729,256,257.5,255.4,257.1,9276,32555
650730,257.7,260.4,257.7,259.6,3449,32201
650802,258,258,255.4,255.7,2649,31934
650803,255.4,255.5,253.7,255.3,4434,33333
650804,254.6,255.2,253.4,254.4,4590,33106
650805,254,255.1,253,253.2,3447,32159
650806,252.2,254.4,252.2,254,2481,32388
650809,252.4,253,252.2,252.6,2965,32710
650810,253,253.3,252.4,252.5,2286,32705
650811,252.2,255.4,252.1,255.2,2248,33084
650812,255.6,255.6,254,254.4,5009,33532
650813,254.6,256.1,254.6,254.7,2726,33879
650816,255.2,255.6,253.4,253.6,2088,34511
650817,253.2,254.1,252.6,253.7,3095,35059
650818,253.5,253.7,252.7,253,2361,34017
650819,252.4,253.5,252.4,252.7,2670,35172
650820,253,253.2,251.5,251.7,1412,35595
650823,251.4,252.2,251.1,252.2,2386,36273
650824,251.6,253.1,251.6,253,2878,36748
650825,252.6,253,252.2,252.7,2966,36749
650826,252.6,254.2,252.6,253.2,2871,37408
650827,254,254.4,253.3,254.3,2366,37885
650830,254.4,255.6,254.1,255.6,2199,37822
650831,255.6,255.6,253.4,253.5,3403,38131
650901,253.4,255.2,253.2,255.1,3451,37989
650902,255,255.5,253.5,253.6,2777,38392
650903,254.7,255.3,254.1,255.3,2957,38558
650907,254.7,255.5,253.3,253.3,1717,39162
650908,253.6,254.1,253.4,254,3493,39998
650909,253.7,253.7,252.5,252.7,1737,40356
650910,253.2,253.5,253,253.5,2884,40836
650913,253.2,253.3,252,252.6,2116,41049
650914,252.6,254.4,252.4,254.2,3391,41217
650915,254.4,254.6,253.5,254.4,3240,40827
650916,255,257.2,254.7,256.5,2480,40954
650917,257,257.3,254.4,254.5,5786,41422
650920,254.6,255.2,254.1,254.4,3770,41328
650921,254.6,255.7,253.6,255.6,3590,41497
650922,256.4,261.7,256.4,260.5,3768,41634
650923,258.5,259,257.1,257.2,15354,43928
650924,257.2,257.2,255.4,255.5,9934,45839
650927,256.6,258.6,256.4,257.5,6269,44448
650928,256.4,256.4,253.7,254.1,5421,45243
650929,253.6,255.4,253.5,255.2,5650,45497
650930,256,256.6,254.7,255.3,4315,46026
651001,255,255,253.6,253.6,5149,47092
651004,252.4,253,252,252.1,5930,47459
651005,252.4,254.4,252.3,254.3,4796,47481
651006,254.2,255,252.5,253,6865,46992
651007,253.4,254,253,253.4,4506,46616
651008,253.5,255.3,253.5,255.3,6272,47813
651011,256.6,256.6,254.4,254.4,6191,48325
651012,252.6,254.3,252.6,253.3,7392,48750
651013,253.4,254.3,253.3,253.7,8615,50239
651014,254.4,254.6,253.6,253.7,4122,50905
651015,254,254.2,253.5,254,3289,50730
651018,253,253.4,252.7,253,3466,50599
651019,253.2,254.5,253,254.2,4814,49584
651020,254.4,255.1,254.1,254.4,5315,50075
651021,255,256.2,254.7,255.4,4979,49153
651022,256,256.1,255.1,255.7,6767,50064
651025,255.6,256,255,255,4142,50400
651026,255.2,255.2,254.3,254.5,3605,50802
651027,254.4,255.4,254.2,255.1,3446,51003
651028,255.1,255.7,254.7,255,10126,51406
651029,255,255.3,254.6,255.2,5419,52577
651101,255,255.7,254.7,255.4,5897,54535
651102,256.1,257.4,255.5,256.7,6637,58380
651103,257.2,258.5,256.2,256.3,10826,57269
651104,256.3,257.3,256.1,256.7,12483,57683
651105,257,257.5,256.5,257,7056,58413
651108,257,257.1,256,257,7902,58660
651109,257.3,258,257.3,257.5,5369,58931
651110,257.5,257.7,257.1,257.5,8082,60172
651111,258,258.4,257.7,258.3,6026,61384
651112,258.6,259.7,258.5,259.7,7095,61442
651115,260,261.4,259.4,259.7,13233,63022
651116,259.4,260.2,259,260.2,16114,65567
651117,260.4,261,259.3,259.5,13165,64505
651118,259.3,259.7,258.4,259.6,11718,65323
651119,259.6,259.6,258.6,259,10370,64751
651122,259.1,259.4,258.5,259.1,7608,65279
651123,259,259.4,258.4,259.2,6369,66222
651124,259.2,259.3,258.1,258.1,7449,67127
651126,258,259,257.7,258.7,7075,66965
651129,258.7,260.1,258.6,259.6,6381,67841
651130,260.2,261.3,260.2,260.6,8408,68249
651201,261.2,263.3,261.1,263.1,11601,69499
651202,263.3,266.7,262.7,266.2,15664,69788
651203,266.4,266.4,264,265.6,23523,71385
651206,265.4,268.4,264.6,267.2,15458,71516
651207,267.2,269.3,267.2,268.6,16798,71468
651208,268.6,269.7,265.6,267.4,12693,71975
651209,267.6,269.2,266.3,266.6,19731,74357
651210,266.4,268.2,266.1,267.2,14915,74776
651213,267.6,270.4,267.6,270.2,12427,75027
651214,271,271.5,269.4,269.6,20228,75397
651215,269.5,269.7,267.5,268.1,15203,76654
651216,267,268,265,265.1,13325,76828
651217,265,267.3,265,267.1,14307,76549
651220,266.6,267.6,266.2,267.4,9484,77169
651221,268.4,269,267.7,268.7,8498,77261
651222,268.6,270,268.2,269.1,12496,77621
651223,268.4,269.1,268,268.5,12246,77340
651227,268.4,269.5,268,269.4,4093,77241
651228,270,270.2,268.6,269.7,6724,77660
651229,269.2,269.6,266.4,266.4,11814,77045
651230,267.2,268.4,266.4,267.7,16787,77199
660103,268,274,268,273.6,13510,75802
660104,274.4,275.7,272.2,272.4,28964,70055
660105,273,277.2,273,277,27502,67703
660106,277.4,278,275.6,276.4,23400,64839
660107,276,278.4,275.5,278.2,20170,65028
660110,278.5,279.4,277,277.1,21006,66183
660111,280.4,283.4,279.6,281.6,23579,65358
660112,282.2,284.6,281.3,284.4,28362,62371
660113,285.4,287.4,284.4,287.1,23089,62757
660114,287,288.1,285.2,287.5,29515,59429
660117,286.6,286.6,283.4,284.2,28854,57654
660118,284.6,290.4,282.2,290,21740,55011
660119,291.2,292.2,287.2,287.6,26222,55279
660120,288,290.3,287.6,290,24196,56002
660121,290.2,291,288.5,289.3,15972,55590
660124,290.4,291.1,289.7,290.2,14470,56762
660125,291,291.7,290,290.4,12843,56364
660126,287,288.2,284.6,284.6,11925,55760
660127,285.1,286.2,283.2,283.7,21146,53200
660128,284.6,288.3,284.6,288.3,16081,52797
660131,289.4,289.6,285,285.1,10995,50215
660201,284.6,286.4,284,286.3,12708,49536
660202,287.4,288.2,286,287.3,10332,49172
660203,287.1,287.6,285.4,285.4,9718,48558
660204,287.4,290.6,286.7,290.4,6784,48148
660207,291.4,295,291.4,294,16743,47099
660208,294.6,295.4,289.4,291.6,16242,45309
660209,293.4,296,293.1,295.5,18171,43138
660210,295.4,296.2,293,293,12472,42442
660211,294.6,295.2,292.4,293.4,11756,41610
660214,293.4,294.2,292.6,294.1,9300,41447
660215,294.4,295.2,293,294.3,8925,40156
660216,295.4,295.5,291,291.4,8826,38959
660217,291.2,293,289.7,291.6,13387,37560
660218,291.6,292.2,290.2,290.2,8277,37516
660221,289,289.4,286.6,287.4,6400,36328
660223,287.2,288.2,285.2,287.5,10141,34642
660224,286,286.3,283.2,283.2,9887,32043
660225,283.2,283.5,281.3,281.6,10141,30527
660228,281,282.6,279.2,279.2,13539,27755
660301,279,281.4,278.4,279.5,14886,21437
660302,281,283,281,282.2,9713,16996
660303,281.4,282.4,278.6,279.6,9182,13694
660304,280,282.6,280,282.4,11930,12210
660307,283.2,285.2,283.1,283.6,6853,10810
660308,284.4,284.4,281.7,282,5385,8269
660309,282.2,282.2,279.3,281.2,2637,6973
660310,281.1,283.1,280.3,282.5,3391,6414
660311,282.4,284.2,282,283.2,2898,6208
660314,284.2,284.3,282.4,282.5,2960,5555
660315,282.6,282.6,281,282.4,1629,4660
660316,281.6,283.2,281.6,282.5,1486,4195
660317,282.2,282.5,280.4,280.5,838,4067
660318,281,284.2,281,283.3,1517,3650
660321,284.4,285.6,282.6,282.7,2518,3610
660322,283,283.5,281.1,283,2670,2517
