650602,255.4,255.4,254.7,255.2,329,312
650603,255,256.4,255,256.4,1737,1644
650604,256.5,257.6,256.2,257.6,1785,3394
650607,257.1,257.6,256.4,256.4,413,3712
650608,256.2,256.4,254.7,256.4,55,3759
650609,255.4,256.1,254.5,255.5,1145,4240
650610,256.1,258,256,257.4,820,4571
650611,258,258,255.6,255.6,1806,4171
650614,255.5,255.6,254.4,255.2,362,4196
650615,254.4,256,254.4,255.7,729,4387
650616,256.6,257.2,256.6,257.2,1576,5182
650617,257.3,257.6,256,256,3066,7845
650618,256.1,257.7,256.1,257.5,612,7614
650621,257.7,258.2,257.3,257.6,1532,8503
650622,257.6,257.6,256.3,256.4,1315,9101
650623,256.4,257.7,256,257.6,823,9206
650624,257.7,258.3,257.5,257.7,1062,9876
650625,257.4,257.6,256.6,257.5,307,10049
650628,257.6,259.6,257.6,258.7,1709,10256
650629,258.2,259,258.1,258.4,1879,11030
650630,258.4,258.7,258.1,258.6,2070,11756
650701,258.6,259,258.4,258.6,1213,11455
650702,258.3,258.4,257,257,1863,12540
650706,256.6,256.6,256,256,286,12560
650707,255.3,256.4,255.3,256.4,2198,13403
650708,255.7,256.1,255.1,255.4,1487,13833
650709,255,255.4,254.5,255.2,431,13992
650712,253.6,254.1,252.2,252.2,1391,14267
650713,252.4,253.6,252.4,253.4,2039,15224
650714,253.3,253.7,253,253.6,1492,16041
650715,253.1,254.2,252.7,254.1,641,16084
650716,254,255,253.5,254.6,875,15094
650719,254.4,254.4,253.2,253.6,863,14851
650720,253.1,253.6,253.1,253.1,1128,15538
650721,253.3,254.5,253.2,254.5,929,15647
650722,254.6,261,254.6,259.6,755,15453
650723,259.3,259.4,257.3,258.5,4495,17198
650726,258.2,265.2,258,263.2,2705,18269
650727,262.4,266,261.4,265,4099,19234
650728,264.1,264.2,259.1,259.4,5431,21601
650729,258.2,260.1,258,259.6,5135,21936
650730,262.7,263,261.4,262.4,2575,21334
650802,259.4,260,258.1,258.3,2352,21884
650803,258.1,258.2,256.4,257.7,3710,23027
650804,257,257.6,256.1,256.7,2195,23067
650805,256.4,257.6,255.4,255.6,1662,23113
650806,255.2,256.7,255.2,256.2,1885,23278
650809,255.2,255.4,254.6,255.3,2181,23620
650810,255.5,255.7,255,255.1,2678,24336
650811,254.6,257.6,254.5,257.5,1627,24385
650812,258.1,258.1,256.4,256.6,2503,24630
650813,257,258.6,257,257.4,2411,25309
650816,257.4,258.3,256,256.3,2633,25689
650817,255.6,256.4,255.4,256.3,2663,26005
650818,256,256.3,255.3,255.4,2140,26163
650819,255,255.7,255,255.3,2212,26188
650820,255.5,255.5,254.1,254.2,770,26171
650823,254,254.5,253.4,254.5,1819,26304
650824,254.4,255.6,254.2,255.5,2113,26497
650825,255.4,255.6,254.6,255.6,1350,26636
650826,256,256.7,256,256,431,26468
650827,256.2,257,256,256.7,2121,26714
650830,257.4,258.1,256.6,257.1,1706,26965
650831,258.1,258.2,256,256,3190,27306
650901,256,257.5,255.7,257.4,1559,27592
650902,257.4,258.1,256.2,256.2,2290,28459
650903,256.7,257.7,256.5,257.6,2412,29331
650907,258.1,258.2,256,256,1590,29132
650908,256.2,256.6,256.1,256.4,3291,30190
650909,256.4,256.4,255.2,255.3,1633,30706
650910,255.4,256.1,255.4,255.7,1926,30859
650913,256,256,254.5,255.2,2446,31469
650914,255,256.7,255,256.5,2321,32177
650915,256.6,257.2,256,257.1,1896,32560
650916,257.4,259.4,257.3,259.2,2735,32608
650917,259.6,260,256.6,256.7,3246,32794
650920,257,257.4,256.6,256.7,2835,33321
650921,257.2,258.2,256,258.2,3051,33067
650922,258.6,263.5,258.6,262.5,3313,33289
650923,261.2,261.2,258.6,259.5,9985,35131
650924,259,259.7,258,258.1,5340,36260
650927,260,261.2,259.2,259.7,3666,36415
650928,259.2,259.2,256.2,256.4,5700,38508
650929,256.3,258.1,256.2,257.7,4044,38204
650930,258.4,259.2,257.4,257.7,6242,38698
651001,257.6,257.6,256.2,256.3,4200,39247
651004,255.6,255.6,255,255.1,3309,39474
651005,255,257.2,255,257.2,3920,39926
651006,257,257.6,255.3,255.5,5497,41630
651007,256.2,256.6,255.6,256.2,3252,41177
651008,256,257.6,256,257.6,2332,41156
651011,258,258.2,256.6,257.1,5057,41902
651012,255.4,256.7,255.4,256.2,6117,43269
651013,256.4,256.7,255.7,256.4,6172,43609
651014,256.4,257.2,256.2,256.2,3800,44206
651015,256.4,256.6,256.2,256.3,3620,44705
651018,256.1,256.1,255.2,255.4,3134,44961
651019,255.6,257,255.5,256.4,4855,45516
651020,257,257.4,256.3,256.4,5082,46593
651021,257,258.2,257,257.6,3760,48012
651022,258.2,258.3,257.3,258.1,5217,49587
651025,258.2,258.2,257.1,257.1,3625,50658
651026,257.2,257.3,256.4,256.6,3388,51197
651027,256.5,257.4,256.4,257.1,3852,51433
651028,257.6,258,257.2,257.3,7538,51970
651029,257.4,257.6,257,257.6,4218,52264
651101,257.6,258.1,257.2,258,5123,52984
651102,258.2,259.6,258,259,6549,53215
651103,259.4,260.5,258.4,258.5,7951,54600
651104,258.4,259.6,258.1,259.1,8769,55932
651105,259.1,259.7,258.7,259.2,7650,57192
651108,259.2,259.5,258.3,259.2,4993,57163
651109,259.6,260.2,259.5,259.6,3679,57672
651110,259.6,260,259.3,259.6,5602,58594
651111,260.4,260.7,260.1,260.6,4716,58784
651112,261,262.2,261,262.2,5572,59604
651115,262.4,263.5,261.6,261.7,11168,59728
651116,261.7,262.3,261.1,262.2,12693,60573
651117,262.5,263.2,261.6,262.2,9775,62211
651118,261.4,262.2,260.7,262.1,9673,63710
651119,262.2,262.2,261.2,261.2,8848,63824
651122,261.2,261.7,261,261.4,7280,64248
651123,261.6,262,260.7,261.5,6165,65000
651124,261.2,261.4,260.2,260.3,5349,65517
651126,260.1,261.2,260.1,261.1,6375,65704
651129,261.4,262.2,261,262.1,4340,66635
651130,262.4,263.4,262.4,263.2,7525,66465
651201,263.3,265.4,263.3,265.3,10895,66986
651202,266,269.4,265,268.6,14986,67334
651203,268.6,268.7,266.3,267.7,19422,67673
651206,267.4,270.6,267.1,270,19149,68997
651207,270.2,271.6,269.4,271,15774,70835
651208,271.3,272,267.6,269.5,11960,72339
651209,269.7,271.4,268.5,268.6,16908,71700
651210,268.6,270.2,268.3,269.3,14172,72062
651213,270,273,270,272.6,9841,73231
651214,273.4,274.3,271.7,272,17219,74045
651215,272,272.2,269.7,270.4,21799,74997
651216,269.4,270.4,267.2,267.3,18781,77042
651217,267.4,269.6,267.4,269.3,17728,77852
651220,269,270,268.3,269.7,12200,77715
651221,271,271.5,270.2,271.4,11445,77481
651222,271.2,272.5,270.5,271.6,19564,78404
651223,271.6,271.7,271.1,271.3,15311,78624
651227,271.1,272.1,270.4,272,8298,78509
651228,272,272.6,271.2,272.3,9075,78547
651229,272,272,269,269.1,13448,79604
651230,269,270.6,268.4,270,22697,79771
660103,270.4,276.2,270.4,276,13684,79466
660104,275.4,278.1,274.6,274.6,37759,79029
660105,275.2,279.2,275.2,279.1,43560,78658
660106,279.6,280,277.4,278.3,30486,77762
660107,277.6,280.3,277.4,280.3,27025,75801
660110,281.2,281.4,278.7,279.1,25080,77462
660111,282,285.2,281.6,283.4,32073,77924
660112,283.7,285.6,282.7,285.5,40363,77256
660113,286.6,288.5,285.2,288.1,31400,77381
660114,288,289.1,286.2,288.4,35818,76531
660117,287.4,287.4,284.5,285.4,35412,76407
660118,285.4,292.4,283.5,292.4,35273,77645
660119,292.2,294,289,289.4,50953,78140
660120,289.6,292.2,289.3,291.7,51669,81382
660121,291.2,292.6,290.4,291.4,31292,81324
660124,292,293.2,291.7,292.2,26522,81356
660125,293,294.2,292.1,292.1,23186,82669
660126,289.2,290.4,286.6,286.7,25944,82196
660127,287,288.3,285.4,285.7,46615,81884
660128,287,290.2,287,290.2,32967,82892
660131,290.6,292,286.7,287.1,27719,82323
660201,286.2,288.4,286,288.3,35569,81291
660202,288.6,290,287.7,288.6,31215,82658
660203,288.6,289.3,287.3,287.3,26755,81564
660204,289,292.6,288.5,292.2,25844,82332
660207,293.2,297,293.2,295.6,43765,82446
660208,296.4,297.4,291.5,294,44175,83952
660209,295.4,298.1,295,297.4,57170,83186
660210,297.4,298.3,295.2,295.4,45685,84046
660211,296.4,297.4,294.6,296,37234,86285
660214,296,297,295.1,296.7,28328,86690
660215,297,298,295.4,296.7,25783,88885
660216,297.6,298.2,293.4,294,37741,88017
660217,294,295.3,292.4,294.2,50073,88215
660218,294,294.6,292.6,293.1,37776,87529
660221,292.4,292.4,289.2,290,20537,87908
660223,290.2,291.1,288,290.4,35162,85271
660224,289.4,289.4,286,286,34446,85319
660225,286.2,287.4,284.2,284.7,40582,83782
660228,284,285.4,282.4,282.4,42977,83850
660301,282,284.4,281.4,283.1,38389,83545
660302,283.4,286.3,283.4,285.4,31875,82971
660303,285.4,285.6,282.6,283.2,33785,84926
660304,283.4,286.2,283.4,286.2,39726,86593
660307,288.2,288.2,286.7,287.5,26030,86838
660308,288.2,288.2,285.3,285.7,23942,85226
660309,285.6,285.6,282.7,285,25933,84042
660310,284.6,286.6,284,286.1,34319,82884
660311,286,287.6,285.3,286.7,29805,81514
660314,286.7,288.1,286,286.3,33926,80565
660315,286.3,286.3,285,286.2,25059,79548
660316,286.2,286.6,285.4,286.1,23064,77725
660317,286,286.2,284,284,15468,77824
660318,284.6,287.5,284.5,286.6,16571,76077
660321,287.4,289,285.6,286.2,30851,73764
660322,286.4,287.2,285,285.6,32207,75424
660323,287,288.6,286.6,288.4,26365,75617
660324,289.3,289.5,288.1,289.5,26625,76023
660325,289.4,289.6,288.3,289,29380,74849
660328,288.6,288.6,287,287.6,20006,72691
660329,288,288.2,283.2,283.2,21008,71977
660330,284.6,286.4,283.6,286.1,30885,69624
660331,286,286,284.1,284.1,39348,69358
660401,287.4,288.1,285.7,287.2,23188,67542
660404,286.6,286.6,285.4,286.1,28883,66561
660405,286,288.6,285.2,288.5,13300,66604
660406,289.2,291.3,288.2,290.2,18411,64744
660407,290,291.4,289,290.7,34063,62768
660411,290.6,292.4,290.3,292,24436,61423
660412,294,295.5,293,293.3,14824,61583
660413,293.4,293.7,292.5,293.5,22005,58781
660414,293.4,294.7,292.4,292.7,14466,57152
660415,292.2,294.2,292,293.6,19060,53988
660418,294.4,296.4,294.4,296.2,13381,51889
660419,297,297.4,295.3,295.4,16830,49845
660420,295.4,296.2,294.7,296.1,18145,45273
660421,295.4,296.4,295.2,296,10910,43012
660422,295.4,296,294.4,295.5,10937,40979
660425,296,296.4,295.5,296.4,8141,39582
660426,300,306,300,304.1,9784,36722
660427,303.5,305,302.4,302.5,20840,33301
660428,302.4,305.4,302.4,304.2,13250,32046
660429,304.2,307.2,303.7,306.2,15335,27569
660502,306.6,307.2,304.1,304.2,19881,22730
660503,304.4,304.5,302.2,302.3,11566,17939
660504,301,302.2,297.7,299,11425,15623
660505,299.4,301.3,299,300.7,12386,13542
660506,300.4,300.4,298,299.3,6792,12690
660509,299.4,301.4,298.3,301.2,5843,12060
660510,301,302.2,300.2,300.7,4593,10836
660511,300.4,304.1,299.6,303.6,4836,9788
660512,303.2,305.1,302.2,302.7,5900,9440
660513,302.5,305.3,302.5,304.5,6474,8163
660516,305,305.6,302.7,303,3950,7514
660517,304,308,302.7,308,4442,7734
660518,308.2,308.6,306,306.5,5450,6691
660519,306.2,307.6,305.4,307.4,4469,4681
