650802,262.4,262.4,259.7,260,0,0
650803,259.7,259.7,258.1,259.5,232,193
650804,259,259.1,258,258.2,449,416
650805,257.7,259.3,257.1,257.1,212,527
650806,256.6,258.2,256.6,257.4,328,639
650809,256.6,256.7,256.1,256.5,232,769
650810,257,257.1,256.4,256.4,776,1293
650811,256,259.3,256,259,495,1498
650812,259,259,258,258.2,494,1644
650813,259.2,259.7,258.6,258.6,865,2194
650816,259,259.5,257.4,257.5,458,2246
650817,257.1,257.6,257,257.5,695,2603
650818,257.4,257.5,256.6,256.7,952,3183
650819,256.4,257.1,256.4,256.6,392,3408
650820,256.6,256.7,255.4,255.4,136,3422
650823,255.2,256,254.6,256,855,3767
650824,255.6,257,255.5,257,530,3985
650825,256.7,257,256.1,257,260,4076
650826,257,258,257,257,260,4081
650827,257.1,258,257,258,428,4317
650830,258.4,259.2,257.6,259.2,565,4407
650831,258.5,258.5,257,257,1590,5186
650901,257,258.5,256.5,258.4,656,5282
650902,258.5,259.1,257.2,257.2,874,5587
650903,257.6,258.6,257.5,258.6,953,6304
650907,259,259.2,257,257,1140,6769
650908,257.2,257.6,257.1,257.5,1035,7476
650909,257.4,257.4,256.3,256.4,552,7536
650910,256.6,257.1,256.6,257,1095,7370
650913,256.6,256.6,255.5,256.1,602,7563
650914,256.1,257.6,256.1,257.4,790,7703
650915,257.6,258.2,257.1,258.1,1083,7710
650916,258.6,260.4,258.5,260.2,876,7931
650917,260.7,260.7,257.6,257.6,1523,8281
650920,258,258.3,257.3,257.5,2562,9813
650921,258.3,259.1,257,259.1,1140,9982
650922,259.6,261.6,259.1,259.6,2052,9722
650923,262,262,260.4,260.5,2413,10118
650924,260.2,260.6,258.7,259,2091,10709
650927,260.3,261.6,260.3,260.4,1608,10675
650928,259,259,257.1,257.3,1607,11040
650929,257,259,257,258.6,1660,10780
650930,259.6,260.2,258.4,258.6,1038,10780
651001,258.6,258.6,257.1,257.1,1821,10849
651004,256.4,256.4,256,256.3,1317,11097
651005,256.2,258.4,256.2,258.4,1533,11341
651006,257.4,258.7,256.7,256.7,2325,11053
651007,257.2,258,257.1,257.4,1467,11566
651008,257.5,259.2,257.5,259.1,1567,11764
651011,259.4,259.6,258.2,258.2,3961,14529
651012,256.4,258.2,256.4,257.4,3445,16226
651013,258.2,258.3,257.4,257.6,3701,18010
651014,257.6,258.3,257.4,257.4,2041,18849
651015,257.7,257.7,257.4,257.4,1823,18854
651018,257,257.2,256.4,256.4,818,18629
651019,257,258,256.7,257.5,2754,19500
651020,257.6,258.4,257.3,257.4,4657,20535
651021,257.7,259,257.7,258.5,2631,20923
651022,258.7,259,258.2,258.6,2333,21737
651025,258.4,259,257.6,257.6,1818,21867
651026,257.6,258,257,257,1791,22542
651027,257.1,258,257,257.6,1354,22618
651028,258,258.4,257.6,257.6,3701,24021
651029,258,258.4,257.5,258.4,1588,24826
651101,258.2,258.6,258,258.5,2038,25188
651102,258.6,260.3,258.5,259.5,3343,26088
651103,259.6,261.2,259,259.1,2361,26454
651104,258.7,260.2,258.6,259.5,4131,28021
651105,260,260.2,259.4,259.6,1712,28093
651108,259.5,260,258.7,259.7,1929,28411
651109,260.2,260.6,260.1,260.2,2093,29137
651110,260.1,260.4,260,260.3,2359,29703
651111,260.7,261.4,260.6,261.3,2493,30106
651112,261.6,263,261.5,263,1992,30448
651115,263,264.1,262.2,262.2,5714,31281
651116,262.1,262.4,261.2,262.4,7898,32358
651117,263,263.4,261.6,262.3,6814,33320
651118,261.6,262.6,261.2,262.5,6727,34485
651119,262.4,262.4,261.4,261.4,3716,35004
651122,261.3,262.2,261.2,262,3309,34811
651123,262.2,262.2,261.4,261.7,2612,35061
651124,262,262.2,260.4,260.5,2460,35834
651126,260.4,261.3,260.2,261.2,5008,36685
651129,261.4,262.4,261.1,262.2,3019,38308
651130,263,264,262.5,263.2,3329,37384
651201,263.7,265.6,263.6,265.6,3813,37728
651202,266.2,270.2,265.2,269.1,5523,38004
651203,269.4,269.4,266.5,268.4,11829,38491
651206,268.2,271.3,267.6,270.3,10921,41410
651207,270.6,272.1,270.1,271.5,8844,41020
651208,271.6,272.4,268.4,270.2,8307,41717
651209,270.6,272,269.2,269.4,10748,41587
651210,269.5,270.7,269,270,8490,42104
651213,270.4,273.6,270.2,273.4,5578,43367
651214,274.2,275,272.7,273,11875,45216
651215,273.1,273.2,270.6,271.4,9840,47262
651216,270,271.2,268.2,268.3,7609,47735
651217,268.6,270.6,268.6,270.3,9049,47551
651220,270,271.2,269.3,271,5575,47483
651221,271.4,272.6,271.3,272.5,9036,48493
651222,272.4,273.6,271.7,273,7890,49950
651223,272.3,273,272.1,272.3,8105,50291
651227,272.2,273.1,271.5,273,2899,50799
651228,273.2,273.4,272.2,273.1,4965,50476
651229,272.4,273,270,270,6094,51616
651230,269.4,271.4,269.4,270.6,8975,52669
660103,271.4,277,271.4,276.7,8616,53329
660104,276.6,279,275.4,275.4,16020,51654
660105,276.4,280,276.4,280,15696,51386
660106,280.4,281,278.3,279.1,11758,51063
660107,279,281,278.2,280.6,13857,51953
660110,281.1,282,279.6,279.6,11506,52624
660111,283,285.5,282.4,284.4,13073,54280
660112,284.4,286.1,283.3,285.7,20440,53396
660113,286.2,288.4,285.4,288.4,14131,54971
660114,288.4,289.2,286.1,288.2,15900,55854
660117,287,287.5,284.7,285.6,14955,57112
660118,286.4,293,284.2,292.4,16648,56587
660119,293,294.4,289.2,289.4,20088,56170
660120,291,292.2,289.4,292.1,23309,56273
660121,292,293.1,291.2,292,14645,57009
660124,292.6,293.7,292.2,293.1,12688,57416
660125,295,295,293.1,293.3,9459,57795
660126,289.4,291,287.5,287.6,14732,58804
660127,288.2,289.2,286.2,286.6,21854,61010
660128,287.2,290.5,287.2,290.5,13701,62345
660131,291.3,292.4,287.3,287.4,12743,62092
660201,287.4,289.2,286.6,289,15829,63250
660202,289.4,290.2,288.4,289,14826,63621
660203,288.6,289.3,287.3,287.5,11920,63919
660204,289.4,292.6,288.6,292.4,12482,63570
660207,294.4,297.3,294.3,296.2,24795,62656
660208,297,297.7,291.7,294,20696,64198
660209,295.2,298.5,295.2,298.2,27653,64454
660210,298.4,299,295.7,296.2,22272,65764
660211,296.6,298.2,295.4,296.4,21668,65514
660214,296,297.6,295.6,297.6,14640,66343
660215,297.6,298.6,296.3,297.6,13336,66267
660216,298.2,299,294.3,295,16789,66363
660217,294.4,296.1,293.2,295.2,24043,66428
660218,294.6,295.3,293.6,294,18292,66712
660221,293.4,293.4,290,291,10578,66775
660223,290.4,292,289,291.3,23045,66307
660224,290.4,290.4,287,287.2,18621,66436
660225,287,288.4,285.3,285.7,21615,66765
660228,284.4,286.3,283.3,283.4,27120,66971
660301,283,285.4,282.6,284.2,25162,64909
660302,285.4,287.6,285.4,287,16382,65656
660303,287.2,287.4,284.3,284.7,18727,66350
660304,285,287.2,284.7,287.1,23839,67115
660307,288,289.6,288,288.7,16672,66278
660308,289,289.6,286.5,287.3,16832,67778
660309,287,287.1,284,286,15529,67346
660310,286,287.7,285.2,286.7,22018,65802
660311,287,288.4,286.4,288,18173,64459
660314,287.6,289.2,287.3,287.3,15069,65418
660315,287.4,287.4,286,287,13535,65719
660316,287,287.6,286.5,287.1,12795,64749
660317,287.2,287.2,285.1,285.3,8419,64921
660318,285.2,289,285.2,288,10672,65080
660321,288.4,290.4,287.1,287.6,20293,64283
660322,287.2,288.3,286.2,287.1,24716,65688
660323,287.6,290.4,287.6,290.2,16395,65799
660324,291,291.4,289.7,291.2,21315,65898
660325,291.4,291.4,290.2,290.6,20626,67109
660328,290.2,290.2,288.3,289.3,14038,66360
660329,290,290,285.2,285.2,15445,67427
660330,286.4,288,285.4,287.6,23385,66693
660331,287.4,287.4,285.6,286,27861,68410
660401,288.6,289.6,287.4,288.5,17203,68732
660404,287.6,288.1,286.7,287.7,21769,68250
660405,287.1,290.4,287,290.4,11830,68383
660406,290.2,293,289.7,292.2,15305,69219
660407,291,293.1,290.4,292.4,26932,70368
660411,293.2,294.2,292.1,294,22854,71151
660412,296.2,297.5,295,295.2,17354,72381
660413,295.3,295.7,294.4,295.5,36064,73873
660414,295.7,297.2,294.6,295.1,23456,74957
660415,295,296.6,294.5,296.3,32175,76622
660418,297.2,299.3,297.2,299.1,24856,77885
660419,300.2,300.7,298.4,298.7,37113,79944
660420,298.6,299.4,298,299.3,42927,82838
660421,298.6,299.6,298.2,298.6,26568,82571
660422,298.4,299,297.4,298.5,24467,83459
660425,298.5,299.7,298.5,299.4,20535,82745
660426,304.4,309.4,304.4,307.5,25426,82526
660427,306.4,308.4,306.1,306.3,53094,85126
660428,306.2,309.4,306.2,308.4,34534,87488
660429,308.6,311.1,307.6,310,44504,92107
660502,311,311.3,308.2,308.5,48654,93847
660503,308.4,309.2,306.7,307.1,43471,96832
660504,307,307,302.4,303.4,44414,98049
660505,303.4,305.7,303.3,305.3,61830,96692
660506,305,305,301.6,303.4,37053,97231
660509,304,305.2,302,305,40639,95129
660510,304,306,304,304.1,30963,93046
660511,303.6,307.2,302.4,307,32165,93008
660512,306.4,308.5,305.5,306.3,42758,92538
660513,305.6,308.2,305.6,307.4,43979,91939
660516,307.4,308.1,305.2,305.2,30754,91180
660517,305,308.5,304.6,308.2,31934,89458
660518,309.2,309.2,306.7,307.7,43672,88227
660519,307.4,308,306,306.2,36217,87077
660520,305.4,308.5,305.3,307.6,30888,87488
660523,307.6,310.3,307.2,309.7,36193,85803
660524,310,311.3,308.3,308.4,43326,85181
660525,308.2,312.2,307.6,311.6,46203,83040
660526,312.2,313.5,311.3,312.2,42674,82314
660527,313,315,313,314.4,47443,80206
660531,314.6,317.2,314.1,317.1,37326,76296
660601,317.4,318.4,314.6,317.6,33884,75031
660602,316,319.2,316,318.3,47555,70576
660603,318,319.6,317.1,318.6,41081,68699
660606,317,320.2,315,315.2,28987,68715
660607,315,316,312.6,313.4,48073,67827
660608,313.2,315.6,313.2,314.4,51639,64839
660609,315.2,316.4,314.4,315,34411,64252
660610,317,317.4,315.3,316.6,29380,63058
660613,317.2,318,316,317.4,27250,61652
660614,318.2,322.2,318.2,321.6,23572,59997
660615,323.4,328.5,322.6,328.2,41917,56878
660616,329,337.6,327.2,331.6,43985,53352
660617,333,335.6,328.6,331.6,55372,49799
660620,336,342,336,341.2,34413,48080
660621,345,348,337.2,338.6,33176,47394
660622,338.4,341.6,336.2,340.4,38518,44806
660623,344,350.2,344,350.2,21007,45312
660624,350.2,357,347.6,353.4,33484,45614
660627,353.4,364.2,353,364.2,34954,39796
660628,365,371,358.4,364,27227,36212
660629,365,373.4,365,370,44759,35203
660630,373.4,377.2,369.4,370.4,27740,32930
660701,369.6,371.6,365.4,368,24181,31088
660705,367,372.2,366.6,368.4,16374,30412
660706,367,370.6,366.2,366.4,11513,25553
660707,365.2,366,356.6,356.6,11837,23762
660708,353.4,361.4,346.6,346.6,9797,22181
660711,353.4,355,346.6,352,15593,19636
660712,362,362.7,357,362,12429,17681
660713,363.4,363.4,355.1,360.6,10592,15217
660714,360.2,361.4,350.3,350.3,10617,12181
660715,348,350.6,341.4,350,6736,10804
660718,352,359,351,358.4,6493,8588
660719,358,360.1,351,355.6,5200,7372
660720,354.4,355,347,350,8698,5087
