650902,254,254.6,254,254.1,0,0
650903,255,255.7,254.5,255.7,410,375
650907,255.7,256,254,254,883,758
650908,254.4,254.7,254.3,254.4,219,1041
650909,254.3,254.3,253.4,253.4,30,1046
650910,253.6,254,253.5,253.7,40,1051
650913,253.2,253.3,252.6,253.3,527,1493
650914,253.5,255.1,253.4,254.6,97,1538
650915,254.5,255.1,254.5,255.1,102,1610
650916,256.2,257.4,256.2,257.2,16,1610
650917,256.5,256.6,254.6,254.6,107,1575
650920,255,255.6,254.4,255.1,30,1595
650921,255.1,256,254.3,256,370,1610
650922,259.2,261.6,259.1,259.6,330,1625
650923,258.2,259.3,257.2,257.4,155,1535
650924,257.4,258.1,256.2,256.4,269,1606
650927,258.5,259.6,258,258.2,102,1647
650928,255.6,255.6,255,255,142,1700
650929,255,256.6,255,256.3,202,1672
650930,257.4,258,256,256.4,220,1672
651001,256.2,256.2,254.6,254.6,223,1657
651004,254,254.3,253.5,253.6,240,1728
651005,254.3,255.6,254.2,255.4,256,1710
651006,255,256.4,255,255,318,1658
651007,255.3,255.7,255,255.2,322,1777
651008,255.5,256.6,255.5,256.4,111,1777
651011,256.2,257,256.1,256.1,254,1937
651012,255.6,256.1,255.1,255.2,210,1917
651013,256,256,255.2,255.5,542,1947
651014,255.2,255.7,254.5,254.5,71,1967
651015,255,255.1,254.3,254.5,375,2070
651018,254.3,254.3,253.7,254,213,2162
651019,254,255,254,254.4,174,2166
651020,254.5,255,254.1,254.2,671,2332
651021,254.6,255.5,254.6,255.2,135,2382
651022,255.3,255.6,254.7,255.6,366,2631
651025,255.4,255.4,254.4,254.4,148,2629
651026,254.3,254.5,253.6,253.6,160,2669
651027,253.7,254.7,253.7,254.2,135,2684
651028,254.4,254.7,254.2,254.2,77,2706
651029,254.3,254.7,254.2,254.7,177,2741
651101,254.7,254.7,254.6,254.6,265,2716
651102,256.4,256.5,255.4,255.7,12,2726
651103,255.7,257.4,255.3,255.3,79,2732
651104,255.4,256.3,255.2,256.2,144,2740
651105,256.4,256.6,255.7,256.1,26,2751
651108,255.6,256.2,255.2,255.7,196,2811
651109,256.6,256.6,256.4,256.4,172,2852
651110,256.4,256.6,256.2,256.4,64,2839
651111,257.1,257.5,257,257.5,221,2954
651112,258.4,259.2,258.2,259.2,155,2964
651115,259.1,260.2,258.2,258.2,270,2870
651116,258.1,258.4,257.3,258.4,602,3218
651117,258.4,259.3,258.1,258.7,379,3293
651118,258.3,259.1,257.7,259,642,3491
651119,258.7,259,258.2,258.2,507,3662
651122,258.4,258.4,257.5,257.6,445,3777
651123,258,258.2,257.6,258,200,3852
651124,258,258,256.6,256.6,101,3838
651126,256.6,257.4,256.6,257.3,349,3803
651129,257.5,258.4,257.5,258.2,268,3951
651130,258.6,259.7,258.6,259.2,162,3967
651201,259.7,262,259.7,261.6,411,4073
651202,262,266.1,261.2,264.7,1169,4372
651203,265,265,262.6,264.2,1078,4745
651206,264.2,266.6,264,266,941,5049
651207,266,267.5,265.7,267.4,512,4917
651208,267.2,268.3,264.4,265.6,774,5044
651209,266.2,267.5,265,265.1,823,5412
651210,265.3,266.4,265.2,265.5,701,5393
651213,266.1,269.5,266,269.4,277,5420
651214,270.4,270.6,268.6,269.4,1487,6092
651215,269.2,269.2,267.1,267.4,1546,6509
651216,266.4,267.4,264.6,264.7,864,6725
651217,265.4,266.6,265.4,266.3,876,7002
651220,266.1,267.1,266,267,475,7014
651221,267.6,269,267.5,268.6,578,7089
651222,268.5,269.6,268,268.6,652,7006
651223,268.4,269,268.4,268.4,804,7187
651227,268.1,269.2,268.1,269.2,210,7239
651228,268.6,269.4,268.5,269.2,134,7294
651229,269,269,266.4,266.4,328,7424
651230,266.2,268,266.2,267.2,1784,7806
660103,268.2,273.6,268.2,273.6,377,8016
660104,273.2,274.7,271.6,271.6,1324,8031
660105,272.3,276.3,272.3,276.1,1953,7999
660106,276.2,276.4,274.6,275.3,1405,7984
660107,275.2,277,274.6,276.6,910,8238
660110,277,277.6,276,276.1,947,8270
660111,280,281.1,278.6,280.2,1229,8674
660112,280.6,281.5,279.3,281.4,5873,10677
660113,282,283.4,281.1,283.2,2882,11073
660114,283.4,284.4,281.4,283.5,3221,11810
660117,282.4,283.2,280.6,281.3,1677,12049
660118,281.3,289.7,280.2,289.7,1791,11798
660119,288.4,290,284.6,284.6,1872,11490
660120,286.2,288,285.4,287.4,2936,11419
660121,287.4,288.6,287.1,288.2,1257,11859
660124,288.4,289.5,288.4,288.7,2905,12336
660125,289.4,290.6,288.6,288.7,1757,12789
660126,286,287.4,283.5,283.5,2895,13237
660127,283.6,285.2,282.4,282.5,3365,13737
660128,284,286.5,284,286.5,2645,13896
660131,287.6,288.4,283.4,284,2229,13594
660201,283.6,285.2,283,285.1,1677,13770
660202,285.2,286.2,284.5,285.1,1795,13972
660203,284.6,285.3,283.4,283.5,1238,14041
660204,285,288.4,285,288.2,1382,14362
660207,290,292.7,290,292.1,2733,14071
660208,293,293.5,288,289.6,2682,14366
660209,292.2,294,291.3,293.7,5792,14296
660210,294,294.5,291.6,292,2851,14747
660211,292.4,294,291.5,292.4,2969,14211
660214,292.3,294,291.7,294,1621,14434
660215,294,294.7,292.4,293.6,1964,15154
660216,294.4,295.2,290.4,290.7,2531,14885
660217,290.4,292,289.3,291,3801,14884
660218,290.5,291.2,289.4,289.4,2820,15313
660221,289.2,289.2,286.2,286.5,1349,15326
660223,286.4,287.5,285,287.2,3691,15566
660224,286,286.2,283.1,283.1,2847,15763
660225,283.4,284.5,281.6,282,2918,15792
660228,281.4,283.2,280,280.4,3638,15281
660301,280.2,282.2,280,281.4,2988,15921
660302,283.2,284.7,283.2,284.1,2676,16269
660303,284.2,284.3,281.7,282.2,2747,16175
660304,282.5,284,282.4,283.6,2393,15910
660307,285.2,285.7,284.4,285.4,1950,15927
660308,285.6,285.6,283.4,284.1,1811,15732
660309,283.4,283.6,281.1,282.7,1723,15967
660310,283.2,284.5,282.2,283.5,3049,15706
660311,283.7,285.1,283,284.4,1649,15656
660314,284.6,285.6,284.1,284.2,1776,15376
660315,284.2,284.2,282.7,284,874,15586
660316,283.4,284.3,283.4,284,2273,16142
660317,284,284,282,282.1,1244,15991
660318,282.4,285.3,282.4,284.5,1403,16067
660321,285.6,287,284,284.3,2672,16041
660322,284.4,285.2,283.2,283.7,3435,16022
660323,284.2,287,284.2,286.6,2008,15793
660324,287.6,288.2,286.5,287.7,2640,16377
660325,287.5,288,286.7,287.2,2743,16069
660328,286.6,286.6,285.2,285.5,2065,16005
660329,286.2,286.4,281.1,281.1,1855,15799
660330,282.4,284.4,281.6,284.1,4068,15880
660331,283.6,283.6,282.1,282.2,4592,16681
660401,286,286.7,284.2,285.3,2482,17246
660404,285.1,285.1,283.5,284.4,4421,16832
660405,284,287.2,283.6,287,1680,16920
660406,287.3,290.1,286.5,289,2151,17101
660407,288.2,290.1,287.6,289.4,5579,16450
660411,289.7,291,289.2,290.6,4362,16643
660412,292.2,294.3,291.6,292.3,2001,16559
660413,292.2,292.7,291.4,292.6,4195,16537
660414,293,294.2,291.4,292.3,3230,16974
660415,292,294.1,291.5,293.7,3625,16941
660418,294.6,297.3,294.6,297.2,3278,16887
660419,298,299.5,297.1,297.7,5648,17002
660420,298.4,298.4,296.6,298,7125,17011
660421,297.7,298.3,296.3,296.7,5055,17982
660422,296.4,296.4,295.3,296.2,3608,18310
660425,296.2,297.6,296.2,297.5,3968,18388
660426,303,307.6,302.2,305.7,5279,18922
660427,305.2,306.6,304.4,304.6,11191,20316
660428,305,307.3,304.7,306.1,8789,21398
660429,306.6,308.4,305.4,307.3,10593,24761
660502,308,308.5,305.5,305.5,10588,26748
660503,306.4,306.4,304.2,304.3,10077,26988
660504,303.6,304.3,299.7,300.5,8082,27450
660505,301,302.7,300.7,302.1,15302,27237
660506,301.4,301.4,298.5,300.3,8813,27629
660509,301,302,299.1,301.7,11519,27121
660510,301.2,302.6,300.6,300.6,7636,27443
660511,300.4,303.7,299,303.7,6939,27434
660512,303.6,305.2,302.4,303.3,9094,28458
660513,302.6,305.3,302.6,304.5,13938,29159
660516,304.5,304.7,301.5,301.7,9927,31080
660517,302.3,304.2,301,304,10529,32107
660518,304.4,304.7,302.5,303.5,9830,32224
660519,303,304.1,302,302,8610,33042
660520,301.4,304.6,301.2,303.7,8019,33589
660523,304.2,306.6,303.4,306.3,11207,34043
660524,307,308.4,305.4,305.6,11870,34626
660525,305.5,308.2,305.1,307.6,19229,34308
660526,308.4,309.3,307.3,308,15430,35713
660527,308.6,311.3,308.6,310.6,17341,35828
660531,311.4,313.6,310.5,313.5,15938,36157
660601,313.4,315.4,311.4,314.7,15483,36647
660602,314,317,313.2,316.1,16599,36446
660603,315.4,317,314.7,316,18392,35926
660606,314,317.7,312,312.6,14727,36401
660607,312.4,313.6,311,311.6,22852,37715
660608,311.4,314.1,311.4,313,23756,36199
660609,313.4,316,313.4,314.3,16344,36207
660610,316,316.1,314.5,315.3,18582,36748
660613,316.1,317,315.2,316.4,15968,39472
660614,317.4,321,317.4,320.6,13780,40490
660615,321.6,327.3,321.6,327,26475,43146
660616,327.4,335.4,326,329.6,32116,44482
660617,331,332.6,325.4,327.6,46212,42887
660620,330,337,330,336.4,26157,43044
660621,339,339.6,331,332.6,26495,43731
660622,332.6,335,329.4,333,25629,40305
660623,334.4,343.2,334.4,343.2,15305,38575
660624,343,349,340.6,346.4,26045,39026
660627,346,357.2,346,357.2,27205,36364
660628,358.6,364.6,352.6,357,22836,36431
660629,357,366.4,357,362,38630,36272
660630,363.4,368.2,363,363,25265,35807
660701,362,363.4,358.2,361.4,18957,34928
660705,359,365.6,359,363,17119,36101
660706,362.2,364.4,360,360.4,12199,34852
660707,359,360.4,351,351,16617,35555
660708,349.4,356,341,343,14914,34567
660711,345.4,349,343,347.4,34556,35192
660712,357.6,357.6,354,357.6,19587,35923
660713,360,360,354.2,359,17034,34911
660714,355,358,348.3,348.3,19463,35348
660715,348,348.6,339,346,15141,33267
660718,350,355.2,349,355,19018,31385
660719,353.4,356,348.4,351.2,17134,30274
660720,349.2,351,346.4,346.6,19051,29846
660721,345.2,345.4,340,341,15782,29988
660722,341,342.2,337,340.4,9584,28712
660725,345,351,345,351,10561,28893
660726,346,348.4,340.4,340.4,9429,28027
660727,333.4,335,330.4,332,10157,25009
660728,335,337,333,336.2,9523,22631
660729,333,340.2,333,339,8424,21630
660801,339.4,343.4,336.2,336.4,11401,21635
660802,335.2,342.6,334,342.4,9431,19791
660803,344.4,350,344,347.2,11246,17727
660804,346,349,345.2,347.4,9020,16298
660805,349.4,352.1,348.2,351.4,6598,17051
660808,353,355.2,350.2,354.6,7688,16201
660809,354.4,360.4,353.4,357.6,9492,15465
660810,357.4,360.2,356,358,9478,14067
660811,368,368,364.4,368,8221,14024
660812,368,371,364.4,367,5780,13317
660815,366.4,372.4,365.6,372,7915,12150
660816,373.6,379,373.4,379,5597,11798
660817,378.4,388.6,378,388.6,6600,10134
660818,396,398,383,385,4873,8743
660819,384,385.4,376.2,376.2,9416,5111
660822,370.4,386.2,367.2,385,4789,2928
