660201,269,270.1,268.7,270,0,0
660202,270.2,270.7,269.6,269.6,455,375
660203,269.4,269.7,269,269,326,551
660204,270,271.1,269.4,271.1,155,621
660207,273.4,274.4,272.4,274.1,175,696
660208,274.4,274.6,271.6,272.6,629,1077
660209,274,275.1,273.2,275,988,1617
660210,274.6,274.7,270.4,270.4,432,1763
660211,271.1,272.1,270.4,271.2,1687,2625
660214,271.6,273,271.5,272.6,900,2990
660215,272.7,273.6,272.4,273.4,130,3010
660216,273.5,273.5,272.2,273.1,328,3146
660217,273,273.2,272.2,272.2,1006,3417
660218,272.4,272.4,271.2,271.4,1111,3143
660221,271.1,271.4,270.5,271.1,395,3203
660223,270.6,272,270.4,271.5,1005,3718
660224,271,271.6,270.6,271,980,3918
660225,270.6,271.5,270.6,271,1390,4423
660228,271.2,272.2,271,271.2,595,4353
660301,271.2,272.5,271.2,272.4,1662,4930
660302,272,273.3,272,272.6,812,5230
660303,272.4,273,271.2,271.7,1011,5348
660304,272.7,272.7,271.7,272.4,1511,5838
660307,272.4,274.1,272.4,274,410,5903
660308,274,274.1,272.4,273,656,5859
660309,272.4,272.6,271.6,272.2,736,5899
660310,272.2,273,271.7,272.4,1223,6316
660311,272.5,273.3,272.3,272.7,787,6162
660314,272.6,273.3,272.6,273,376,6193
660315,272.5,273.1,272.4,273,827,6660
660316,272.7,273,272.4,272.4,852,6663
660317,272.4,272.5,269.5,270,850,7088
660318,270.4,273.2,270.4,272.4,2339,7671
660321,272.2,273.1,270.7,271,1379,8018
660322,271,271.3,270.1,270.7,1180,8212
660323,271.3,272.4,271.2,272,581,8054
660324,272.4,272.4,271.7,272.3,1468,8252
660325,272,273,271.7,272.7,884,8413
660328,272.6,272.6,272,272.3,359,8490
660329,272.2,272.5,270,270,521,8775
660330,271.7,273,270.5,272.2,482,8720
660331,271.4,273.5,271.4,272.4,956,9103
660401,276.6,276.7,275,276.3,1145,9250
660404,275.7,276.1,275.4,276.1,3758,10508
660405,276.1,278.2,275.5,278.2,1778,10723
660406,278.6,280.3,278,279.1,2522,11928
660407,278.1,280.4,278.1,280.1,1910,13069
660411,280.3,281.6,279.7,281.6,2063,12688
660412,283,283.3,282,282,1871,13957
660413,281.4,282,281.2,281.5,2517,14084
660414,281.3,282.1,281.3,281.4,2547,15303
660415,281.4,283.5,281.2,282.6,1726,15609
660418,283.2,284.7,283,284.6,2544,15623
660419,285,285.7,284.2,284.5,5150,17939
660420,283.4,284.4,283.4,284.3,3206,17687
660421,284.2,284.3,282.5,283.4,3151,17797
660422,283,283.4,282.2,283.2,2426,19004
660425,283.2,284.4,283.2,284,3863,20896
660426,286.2,290.3,286.1,287.1,1504,21666
660427,286.4,287.5,285.7,286.2,4801,23026
660428,286,287.3,286,286.6,1366,23081
660429,286.2,288.1,286,287.4,814,22978
660502,287.4,287.5,285.3,285.5,1644,23430
660503,285.2,285.6,284.6,284.6,1689,24368
660504,283.7,285.1,283.4,284,743,24373
660505,284.4,285.1,284.1,284.7,1240,24468
660506,284.5,284.5,283.2,283.7,767,24542
660509,284.1,284.6,283.3,284.6,1725,24847
660510,284.3,284.7,283.6,283.6,503,24781
660511,283.3,285,283.1,285,932,24665
660512,284.6,285.1,283.5,283.5,1191,24912
660513,283.5,284.3,283.3,283.4,1528,24842
660516,283.2,283.2,281.2,281.2,697,24958
660517,280.7,282.2,280.6,282.2,2114,24892
660518,282.4,282.4,281.1,281.2,1992,25398
660519,281.3,282.2,281,281.2,743,25499
660520,281.1,283.5,281.1,283,1202,25709
660523,283.1,285.1,282.4,284.5,1160,26174
660524,284.7,285.7,282.4,282.5,1937,26252
660525,282.2,283.4,282.2,283.3,2314,26689
660526,283.4,284.2,282.7,283,1379,26849
660527,283.5,285,283.2,284.7,1746,26828
660531,285.1,287,285,287,1638,27849
660601,286.6,289,285.6,288.7,3487,27408
660602,288.1,289.7,288,289.4,1857,27842
660603,288.4,288.7,287.6,288.4,3177,28170
660606,287,287.7,286,286,2212,28090
660607,286.2,287.6,286,287,2438,29052
660608,286.4,287.7,286.4,286.7,2807,29254
660609,287.2,287.4,286.3,286.5,2044,29574
660610,287,287,286.2,286.4,1524,29793
660613,286.6,287.2,286.4,286.6,1088,29957
660614,287.3,287.7,285.5,287.7,2324,31507
660615,288.2,290.6,287.5,290.4,1779,31668
660616,290.3,296,290.3,293,4886,31052
660617,293,294.4,292.4,293,4289,30500
660620,294.2,299,294.2,298.6,1669,30828
660621,299.4,301,296.2,296.6,2961,31137
660622,296.4,296.7,294,296,4155,31794
660623,297.2,303.2,297,302.4,3189,31568
660624,301.6,304,301,302,6489,32188
660627,303,312.4,302.6,312.4,5007,33447
660628,314,315.4,306,308.2,5179,34313
660629,309.2,317.6,309,314,6901,35168
660630,316,319,315,316.4,6344,35416
660701,315,316.4,312.4,316,3676,35705
660705,315.4,320,315.2,318.4,3862,35616
660706,317.2,318.6,315,315,3320,36020
660707,314.2,315.2,305.2,306,4005,35772
660708,306.4,311.6,305,310,7636,37284
660711,312.4,320,312,318.2,5523,38053
660712,325,328.4,325,328.4,4177,38412
660713,329.6,334.6,326,333.4,5178,38405
660714,332.2,334.6,327,327,4815,38757
660715,325,328,322.6,327.2,6921,38662
660718,329.2,335.2,329.2,335,3570,38297
660719,335,337.6,332,334.4,3733,38119
660720,332.4,334.4,330.2,331.4,4159,38626
660721,329.4,329.4,325,326.2,3598,38447
660722,325.4,326.7,321.4,324.2,6919,38428
660725,327,333.4,327,333.2,5532,39129
660726,333,333,323.3,324.4,4519,38737
660727,320,320.4,317.4,318.6,6160,38435
660728,320,322.6,320,321.2,6529,39152
660729,317.4,322,317.4,321.2,4338,39376
660801,321.4,323.2,318,318,4897,38988
660802,317,322.2,315.4,321.6,5725,38812
660803,325,327,324,325.6,8555,38364
660804,323.4,326,323,324.4,6037,37939
660805,324.6,326.4,323.4,324.7,3690,38219
660808,324.4,325.4,322.2,325.2,5599,39002
660809,324.6,326.2,323,324.2,4683,39666
660810,323,323,321,321.2,3653,39460
660811,330,331.1,330,331.1,4146,39362
660812,334,335,330,331.4,3783,40162
660815,329,331,327,330.6,6828,39925
660816,331,331.2,328.6,329.4,4929,39820
660817,328.4,337,327.6,331.6,4769,40283
660818,333,334.2,328,328.2,9513,39849
660819,327.4,327.6,325.1,326.2,6493,40586
660822,325,327.2,323,323.2,7331,41779
660823,322.6,325.6,322.6,324.6,6364,41490
660824,324.6,327.6,324.6,326.4,6634,42805
660825,325.6,327,323.2,323.4,6778,45073
660826,322,324.2,321.2,324,5674,45458
660829,322.2,324,321.4,321.4,6542,47290
660830,320.4,322.4,318.4,320.4,5028,47593
660831,321,322.2,319.6,321.2,8227,47575
660901,321.2,324.4,321,323.6,5476,47881
660902,323,325,322,323.1,6528,47860
660906,322,324.4,321.4,322.6,8096,48619
660907,322.6,326.6,322.6,325,6808,48546
660908,324.6,326,324.2,325.4,7221,49792
660909,325.6,334.4,325,332.4,4813,49450
660912,323,323,323,323,9716,49108
660913,314,315,313,314,300,49267
660914,315.4,315.7,314,315.2,10104,48115
660915,315.4,315.4,311.4,311.4,7224,47642
660916,310.4,311.3,309.4,310.2,5827,48028
660919,309.6,310.4,307.1,307.1,6918,47209
660920,307.6,309.4,307.4,309.1,7182,47532
660921,309,309.4,306,306.2,7400,47846
660922,306,306,302.5,304.6,5718,48695
660923,303.4,304.4,300.4,300.4,8599,48276
660926,301,301.4,298.2,300.5,7835,48229
660927,301.4,304.2,301.3,302,8316,48979
660928,301,301,299,299.3,8119,49215
660929,298.6,302.4,298.6,300.6,5481,49877
660930,302,304,301.6,303.1,6043,49956
661003,303,303.6,300,300.2,7466,49413
661004,298.6,299,296,296,5271,49423
661005,295.2,296.4,294,294.6,11102,49694
661006,294.6,296.2,294.2,294.6,9316,47569
661007,295.4,297.6,294.5,297.5,8444,47373
661010,299,300.4,298.3,299,10838,48586
661011,298.6,299,297,297.5,5992,47824
661012,295.4,295.4,292.6,292.6,7861,47622
661013,293.2,295.2,292.7,294.6,9909,49271
661014,295,298,295,297.6,7572,50308
661017,298.6,302.7,298.6,301.6,9455,51369
661018,303,303.3,300.4,300.7,10144,52045
661019,301.2,301.4,298.2,298.7,11916,51545
661020,298.4,300.6,297.6,300.6,8932,51736
661021,301,302.2,299.3,299.3,9751,52790
661024,298,298,294.4,294.5,9542,53997
661025,295,296,293.7,296,15079,54046
661026,297.4,298,295.7,296,10070,54710
661027,295.6,295.6,293.5,293.7,9445,55880
661028,293,293.4,292,292.2,10025,57345
661031,292,295.4,292,295.4,12830,58580
661101,295.6,296,292,292.2,16705,60540
661102,293,295,292.5,295,14985,61405
661103,295.4,296.5,293.6,296.3,12970,64485
661104,296.6,298.2,295.4,296,13565,63670
661107,295.4,296.6,294,294.6,14925,62700
661109,293,294.4,292.2,292.3,11440,62825
661110,291.6,292.4,291.5,291.7,10335,63005
661111,293.2,296,292.4,295.7,13000,65940
661114,296.4,299.4,295.6,296.5,15350,67425
661115,298.2,298.4,295.4,296,23730,69595
661116,296.4,297.2,295.7,296.2,17170,72165
661117,296.4,297.2,295.6,296,19135,75090
661118,296.3,298.4,296.2,298.1,16545,75065
661121,298.4,300.6,298.1,300.3,25655,74425
661122,299.4,299.5,297.6,298.7,26360,73630
661123,298.2,298.5,297.4,297.5,21360,70135
661125,297.4,297.5,295,295.1,14540,70840
661128,294.2,294.7,293.4,294.4,17535,68970
661129,295,297.2,295,296.5,15310,69280
661130,297.2,299.4,297.2,299.3,14670,67765
661201,299.4,300.6,298.6,299.2,22120,67305
661202,299.4,302.2,299.4,300.2,23405,64810
661205,300.4,301.3,300,301.1,20040,61975
661206,301,302.2,299.3,299.5,10985,61540
661207,299,300.2,298.2,300,14410,61420
661208,301,302.6,301,302.1,11255,60685
661209,303.2,303.2,301.1,301.7,17270,59305
661212,301.2,302.2,300.4,302.2,11295,58020
661213,303,303,300.7,301.1,9935,57000
661214,300,300.6,299.2,299.7,12940,55740
661215,299.4,300.5,299.2,300,13030,56470
661216,300.4,301.4,300.2,301.4,8620,56970
661219,302,302.4,300.4,301.5,9645,57590
661220,301.4,301.4,299.4,300.3,9170,55950
661221,299.4,299.4,297,297.2,8305,54270
661222,297,298.4,296.4,298.1,11515,53290
661223,296.4,297.2,295.7,296,7290,53790
661227,296,297.1,295.6,296.7,5795,51805
661228,297.2,299,297.1,299,4465,51575
661229,299.4,300,296.4,296.6,7260,49315
661230,296.4,296.7,295.6,296.4,10880,46505
670103,297.2,298,294.6,295.2,8330,45015
670104,294.2,295.1,293.7,294.5,14635,39260
670105,294.5,295.5,294.2,294.7,9470,36645
670106,294.6,296,294.4,295.2,8920,35120
670109,295.4,295.4,293.6,294.4,6270,32490
670110,294,294.5,293.2,293.4,7665,29285
670111,293.2,294.2,292.2,294.2,5895,27065
670112,294.2,296.2,293.4,295.6,6070,25370
670113,295.1,297,295.1,295.1,7975,23335
670116,294.4,295,291,291.4,12135,20475
670117,290,290,287,287.2,8685,17510
670118,287.4,289,286,286.3,12590,12120
670119,286.4,289.2,286.4,288.2,9060,9180
670120,288,290.1,286.6,288,8810,5445
