660601,292.5,294.6,291.5,294.5,0,0
660602,294,295.4,294,295,2238,1787
660603,294.2,294.5,293.6,294.2,1870,2145
660606,293,293.4,292,292,712,2562
660607,291.6,293.2,291.6,292.5,782,2958
660608,292.3,293.4,292.2,292.3,1342,3965
660609,292.6,293,292.2,292.2,262,3887
660610,292.6,292.7,292.1,292.3,824,4604
660613,292.4,293,292.2,292.5,180,4689
660614,292.7,293.4,291.5,293.4,639,4896
660615,293.4,296.2,293.2,296,514,5106
660616,296.5,301.6,296.3,299,2668,5970
660617,298.1,299.6,297.4,298.4,4193,7658
660620,299.4,304.3,299.4,303.6,2324,8002
660621,305.4,306.6,301.2,302.2,3937,9613
660622,302,302.2,298.4,301.2,1627,10391
660623,302.2,308.2,302,307.4,571,10586
660624,306,308.6,306,307.6,4316,13693
660627,308,317.6,307.4,317.6,1748,14079
660628,318.6,319,310.4,313,3258,14864
660629,314,321.6,313.4,318.4,6799,14341
660630,320,323.2,319.4,320,4108,15723
660701,318.2,321,316.6,319.6,2710,16982
660705,319.6,324.4,319.6,323,2847,18225
660706,322,323.4,319.4,319.4,1656,18681
660707,319.4,320,310,311,2217,18726
660708,311,317,310.2,315,2819,19048
660711,317,324,317,322.6,3034,20085
660712,332,332.7,330.6,332.7,3231,21176
660713,333.6,339.4,331,338.6,3355,21947
660714,336.4,339.4,332,332,3496,22650
660715,331,332.6,327.4,332,2380,22577
660718,334.4,340,334,339.4,2770,22807
660719,340,342.2,337,339.2,2029,22963
660720,336.6,338.6,335,336.2,2128,23251
660721,334,334,330,330.4,1505,23230
660722,330.4,331.6,327.2,330,2566,23725
660725,333.4,338.4,333.4,338.4,2357,23665
660726,336.2,337,328.6,329.4,3576,24906
660727,326.4,326.4,322.1,324.4,2592,25059
660728,325,328,325,326.4,2717,25419
660729,323,327.2,323,326.4,2249,25759
660801,328,328,323,323.2,2214,25868
660802,321.2,327.4,320.6,327.2,2053,25961
660803,330.4,332.2,329.2,331.4,4284,27365
660804,329.6,331.2,328.4,330,1969,27441
660805,330,331.6,328.6,330,2110,27865
660808,329.4,331,327.6,330.6,3311,28659
660809,329.6,331.4,328.4,329.4,2051,29233
660810,328,328.4,326.4,326.4,5194,31079
660811,336.4,336.4,336.2,336.4,5913,34490
660812,339.4,340,336,336.6,1120,34641
660815,334.2,336.4,332.2,336.4,3317,35036
660816,336.4,337.2,334.4,335.2,2366,35711
660817,334.4,343.2,334.4,338,3451,36732
660818,338.2,339.6,334,334.2,3922,37810
660819,332.2,333.2,330.7,332,3056,38642
660822,331,332.6,328.6,328.6,4722,40267
660823,328,331,328,330.4,2928,40984
660824,330.4,333.6,330.4,332.6,2864,41209
660825,332.4,332.6,329.4,329.4,2819,41889
660826,328.4,330.2,327.4,330,2069,42888
660829,329,330.2,328,328.4,3760,43430
660830,327.2,328.6,325.4,326.6,2424,43989
660831,327,329,326.6,328.2,4499,44882
660901,328.6,331.6,328.4,331.2,4341,45897
660902,330.6,332,329.7,330.6,3698,46418
660906,330.4,331.6,329.2,330.6,7160,46348
660907,330.6,334.2,330.6,332.6,4720,47133
660908,332.4,334.4,332.4,334,3821,46347
660909,334.4,342,333.6,341,4690,46982
660912,331.2,331.2,331.2,331.2,6096,47662
660913,321.2,323,321.2,322,5550,48107
660914,324,324,321.6,323.4,5226,48505
660915,323.6,323.7,319.5,320,5444,47079
660916,319,319.1,317.5,318.5,5827,45634
660919,318,318.4,314.2,314.4,5013,45640
660920,314.4,316.2,314.3,316,6031,46966
660921,316.3,316.7,313.6,313.6,5290,47074
660922,312,313.4,309.6,312.4,2560,48228
660923,312,312.2,308,308.2,5988,48550
660926,308.6,309,305.7,308.4,5916,48808
660927,309,311.6,309,309.6,6406,49688
660928,308.6,309,306.7,307.4,7312,49756
660929,307.2,310.4,307.2,309.2,3655,50266
660930,309.4,312.4,309.4,311.6,6370,50691
661003,311,311.6,308,308,4455,51241
661004,306.6,307,304.2,304.3,3146,51541
661005,303.4,304.4,302,302.6,6426,51771
661006,301.6,304,301.2,302.3,7425,52786
661007,302.7,305,301.6,304.3,3605,53156
661010,305,307.2,305,305.1,5165,53696
661011,305.4,305.4,303.4,304.7,4116,54135
661012,301.6,301.7,299.6,299.7,5015,54820
661013,300.1,301.6,299.2,301,6945,55701
661014,301.4,304,301.4,303.5,5805,57689
661017,305.2,308.4,305.2,307.6,6530,58679
661018,307.6,308.7,306.3,306.5,8112,59372
661019,306.4,306.6,304.2,305,6267,59913
661020,304.4,306.4,303.6,306.4,4955,60209
661021,306.4,307.6,304.4,304.4,7309,62203
661024,303.4,303.4,301,301.2,5188,63074
661025,301.4,302.6,300.5,302.5,9487,62535
661026,303.6,304.2,302.1,302.1,6565,63140
661027,301.6,302,300.2,300.3,5860,63915
661028,300,300.3,299,299.3,5985,63965
661031,299.4,301.3,299.1,301.3,8610,63860
661101,302,302,298,298.1,7940,64280
661102,299,301.2,298.5,301.2,8995,65465
661103,301,302.4,299.5,302.4,5755,66900
661104,302.4,304,301.5,302,5345,67615
661107,301.4,302.2,299.6,300.2,7500,68120
661109,300,300.2,297.4,297.6,5755,67730
661110,297,297.1,296,296.4,6790,69985
661111,297.4,300.3,297.2,300,7000,69000
661114,301,302.2,300,300.6,11825,68735
661115,301.6,302,299.2,299.7,11865,69995
661116,299.6,299.6,298,298.1,7640,70455
661117,298,298.6,297.7,297.7,8555,71715
661118,298.1,299.4,297.6,299,7970,72165
661121,299.2,300.1,298.2,299.4,9600,73050
661122,298.3,299,297.4,298.2,8515,71970
661123,297.7,298.1,296.5,298,9145,71035
661125,298.1,298.6,295.7,296.1,7770,71815
661128,295.2,296.3,295.1,295.4,7635,71545
661129,296.4,296.6,295.4,296.3,9345,71705
661130,297,297.6,296,296.1,6475,71765
661201,296,298.4,295.4,298.1,9400,72025
661202,298,299.7,297.4,297.5,12550,72330
661205,297,299,297,298.7,11085,72015
661206,298,298.6,296.4,296.5,4665,72240
661207,296.6,297.2,295.7,297,4535,72415
661208,297.6,298.5,297,298,6285,71575
661209,298.2,298.3,297,298,6570,72155
661212,297.4,299.3,297.2,299.3,5815,71655
661213,300,300,298.4,298.6,4430,72520
661214,298.3,298.4,296.5,296.7,7660,71800
661215,296,297,296,296.6,7325,72415
661216,297.4,298,296.4,297.7,4365,72340
661219,298,298.2,295.6,296.6,5250,72705
661220,297,297,295.6,296.5,11535,74010
661221,296,296,293.6,293.7,8190,74275
661222,293.6,295.2,293.3,295.1,13185,73645
661223,293.6,293.6,292.1,292.1,9680,71985
661227,291.4,292.6,291.4,292.3,8300,72415
661228,293,293.5,292.6,293.4,6725,72550
661229,294.2,294.2,291,291,5160,71470
661230,290.6,291,290.2,290.7,7345,70775
670103,291,291.5,289.5,290.1,10255,70905
670104,288.6,290.6,288.2,290.6,11165,67950
670105,290.6,291.1,289.4,289.7,11640,64415
670106,289.5,291,289,290.3,7690,63605
670109,290.2,290.7,289.4,290.5,9035,61825
670110,290.2,290.3,288.1,288.3,7675,59840
670111,288,289.2,287.3,289.1,7310,58735
670112,289,290.2,288.4,290,8130,58315
670113,289.6,291.2,289.2,289.4,10730,58985
670116,289.3,289.3,287,287,16675,59700
670117,287,287.6,286.2,287,10795,59605
670118,287.2,288.1,286.6,287.1,10765,59415
670119,287.4,289.1,287.2,288.2,10125,61220
670120,288.2,289.2,287.6,288.1,11190,60185
670123,287.6,289,287.3,288.7,10295,59280
670124,289,289.2,288.4,288.7,9400,59695
670125,286,287.6,286,287.1,8100,59010
670126,287.2,289,287.2,288.7,12060,58195
670130,290,291.4,289.5,290.1,6010,58465
670131,289.4,289.6,288.1,288.3,9445,58915
670201,287.4,289.3,287.4,289.2,11615,58380
670202,289.4,289.6,288.6,289.1,6350,58270
670203,287.6,288.6,287.6,288,6605,58025
670206,287.6,288.1,286.6,287.3,5540,57670
670207,287.4,287.6,286.6,287.6,5600,56935
670208,287.4,287.6,286.3,286.4,5280,56780
670209,286.2,286.4,285.4,286.3,4830,56590
670210,286.1,286.1,284.5,284.6,5195,56380
670213,284.4,285,283.6,284,8715,55210
670214,283.6,284.6,283.5,284.3,6175,55565
670215,284.4,285.6,284,285,10440,55565
670216,286.2,286.4,285.2,286.3,6600,56220
670217,286.6,287,285.7,286.2,5740,56210
670220,286,287.2,286,287.1,7990,56950
670221,287,287.4,286.1,287.2,6865,57140
670223,287.4,288.1,287,287.1,6410,57635
670224,286.6,287.4,286.2,287.3,8820,58565
670227,288,288,286.2,287.2,7270,59970
670228,287,289.2,286.5,288.2,10215,59865
670301,288.6,291.3,288.2,290.7,13405,58205
670302,292.4,292.4,290.1,290.1,16050,56535
670303,289.4,289.6,288.7,289.3,15820,56565
670306,290,290.5,289.4,290,9790,56505
670307,289.6,290.5,289.4,290.4,7945,57380
670308,290.2,290.2,288.4,288.5,9960,58070
670309,288.4,288.6,288,288.5,10785,57720
670310,288.6,289.1,288.2,288.4,6355,57615
670313,288.4,290.3,288.4,289,6995,56845
670314,289,289.6,288.4,288.5,9930,55185
670315,288.4,289.4,288.3,289.2,7410,53920
670316,289.6,290,289.2,289.6,7125,52795
670317,290,291,289,290.7,5685,52620
670320,290.4,291.2,289.6,289.7,7920,51580
670321,288,288.2,286.4,287,10900,52555
670322,286.4,287.1,286.2,286.4,0,0
670323,286.4,287,286.1,286.3,5225,51025
670327,286.1,286.4,285.3,285.4,3200,50370
670328,285.5,285.7,285,285.3,4965,48605
670329,285.2,286.4,285,286,3710,48610
670330,286.2,286.6,286.2,286.3,4695,47150
670331,286.3,286.7,286.1,286.5,3045,47140
670403,286,286.3,285.6,285.7,2065,46340
670404,286,286.4,286,286,2375,46050
670405,286,286.4,285.7,286.3,4120,45150
670406,286,287,286,286.6,4145,44500
670407,287,288.3,287,287.6,4930,43380
670410,287.3,287.5,286.4,286.5,10465,41420
670411,286.2,287.4,286,287.3,5135,40725
670412,287.2,287.5,285.6,285.6,5120,39365
670413,285.6,285.7,284.6,285.2,7035,37180
670414,285.2,286.1,285.1,285.7,8145,36210
670417,285.4,285.7,285,285.1,5115,35575
670418,285.3,286.1,285.2,285.7,4415,34305
670419,286,286.2,285.4,286.1,5100,33320
670420,285.7,286.4,285.7,286.1,5715,32635
670421,286.1,286.1,285.4,285.4,3620,31080
670424,285.4,285.4,285,285.1,4775,29290
670425,285.5,285.6,283.7,283.7,3710,28010
670426,283.6,284,282,282.1,8815,26160
670427,281.6,282,280.3,281,12260,22495
670428,280.6,281.4,280.3,281.2,8020,20725
670501,280.6,281.2,280.4,281.1,8415,17900
670502,281.1,281.2,280.3,280.4,6255,16110
670503,280.1,281,279.6,280.6,4760,14485
670504,280.3,281.1,280.2,280.6,4585,12770
670505,280.5,282.3,280.4,282,2620,11505
670508,282.2,282.2,281.6,282.1,2645,10640
670509,282.3,282.6,282.2,282.3,1665,9750
670510,282.4,282.7,282.2,282.6,1700,8895
670511,282.5,284.4,282.5,283.6,1480,8715
670512,283.4,284.2,283.4,283.7,2795,7900
670515,283.7,283.7,282,282.1,1370,7675
670516,282.2,282.2,281.4,281.5,1235,7130
670517,282,282.2,281.4,281.7,1215,6535
670518,281.7,282.5,281.5,281.7,1485,5825
670519,282,283.4,281,283.4,2620,4240
