660801,329.2,329.2,324,324.2,0,0
660802,321.6,328.2,321.6,328,195,170
660803,331,333.6,330.4,332.2,480,510
660804,331.2,332.2,329.2,331,135,565
660805,332.4,332.4,330,331,170,610
660808,330,332,328.6,332,425,745
660809,331.6,332.6,330,331.1,195,855
660810,330,330,328,328.2,520,1140
660811,338.2,338.2,338.2,338.2,1165,1880
660812,341,342,338,338.4,365,1970
660815,336,338.4,334,338.4,770,2200
660816,338.2,338.6,336.6,337.2,445,2370
660817,336,344.4,336,339.6,240,2505
660818,340,340.4,335.4,335.7,4265,5355
660819,333.2,334.4,332,333.2,780,5730
660822,332,334.2,330.4,330.6,1415,6105
660823,329.2,332.4,329.2,332,630,6180
660824,332,335,332,334.2,655,6170
660825,333.6,334.2,331,331,1125,6225
660826,329.6,331.6,328.4,331.4,405,6413
660829,330,331.5,329,329.4,1415,6445
660830,328.1,330.2,326.4,328.4,785,6645
660831,328.6,330.2,328,329.4,895,6940
660901,330,333,330,332.4,2145,7255
660902,332.4,333.3,331.4,332.4,595,7260
660906,332,333.2,331.2,332.3,1890,8110
660907,333.1,336,333.1,335,655,8255
660908,334.4,336.4,334.2,336.2,1185,8410
660909,336.4,344,335.6,344,1510,8530
660912,334,334,334,334,2230,9370
660913,324,325.4,324,324.6,60,9380
660914,326.4,326.4,324.2,326,1830,9850
660915,326,326,322.3,322.4,4055,12130
660916,322,322,320.2,321.2,2895,13205
660919,320.6,321,316.5,316.5,2485,14135
660920,317,318.4,316.4,318.4,2645,14765
660921,319,319.2,315.6,316.2,1690,14630
660922,314.6,315.4,311.5,314.5,1175,14960
660923,313.6,314.4,310.2,310.4,1835,15215
660926,312,312,307.7,310.4,1925,15405
660927,311,313.5,311,311.4,3450,16005
660928,311,311,309,309.5,2635,15765
660929,309.4,312.5,309.4,311.4,1550,15770
660930,312.2,314,312,313.6,1700,16040
661003,313,313,309.5,309.5,2375,16810
661004,308,308.1,306.2,306.2,1925,17150
661005,305,306.1,303.7,304.4,2315,17505
661006,302.4,305.2,302.4,304,2955,18320
661007,304.6,306.4,303,305.6,2280,18750
661010,308,308.6,306.3,306.5,2285,19430
661011,306.4,306.4,304.6,306,2395,19765
661012,302.6,302.7,301,301,2895,20365
661013,301.2,302.6,300.2,301.6,3765,21233
661014,302.4,304.6,302.4,304.4,4935,22920
661017,306.4,309.3,306.4,308.6,2260,22985
661018,309,309.6,307.2,307.2,3765,23790
661019,307.6,307.7,305.2,305.5,3100,24575
661020,305.4,307.4,304.5,307,4830,25710
661021,307.2,308.6,305.4,305.4,3315,26570
661024,304.4,304.4,302.1,302.2,3525,27725
661025,302.6,304,302,304,4915,27525
661026,305,305.4,303.2,303.2,4095,27425
661027,302.6,303.2,301.4,301.7,4480,28545
661028,301.1,301.6,300.6,301.2,2715,28120
661031,301,302.6,300.4,302.5,3970,29070
661101,303,303.2,299,299.3,4985,30045
661102,299.6,302.2,299.6,302.2,7820,31505
661103,302,303.4,300.5,303.3,4535,32595
661104,303.4,305,302.3,302.4,3355,33295
661107,302,303,300.6,300.7,4300,33605
661109,300,300.6,298.2,298.4,4720,34080
661110,298,298,297,297.4,6625,35365
661111,298.6,301.3,298.2,300.6,6700,36260
661114,301.2,303.2,301.2,301.7,7175,38005
661115,302.6,303.2,300.2,300.6,9905,39970
661116,300.2,300.6,298.4,298.5,5100,41100
661117,298.6,299.2,297.7,298.4,9325,43335
661118,298.2,300.2,298.2,299.4,7300,43155
661121,299.4,301.1,299.4,300.4,9140,45650
661122,299.4,300.1,298.6,299.2,8595,44650
661123,299,299.4,298,299.3,6320,44955
661125,299.6,300.1,297.5,297.7,6660,45715
661128,297,297.7,296.6,297.4,6165,47130
661129,298,298.4,297.2,297.7,6460,47390
661130,298,299,296.6,297,5455,47690
661201,297,299.1,296.2,298.7,8510,49730
661202,298.6,300.1,297.6,298,10220,51085
661205,298,299.2,297.6,299,9850,51645
661206,298.6,299.1,296.6,297.1,4520,51555
661207,297.2,297.6,296.4,297.3,6450,52975
661208,298,299.2,297.1,297.6,6360,53795
661209,298,298.1,297,298,8370,56055
661212,297.6,299.4,297.3,299.3,4075,55995
661213,299.4,300,298.6,299.1,4950,57080
661214,298.3,298.4,296.7,297.3,7185,57465
661215,296.6,297.2,296.4,296.7,8175,59460
661216,297,298,296.5,298,5270,59780
661219,298.1,298.2,295.4,296.5,5755,60920
661220,297,297,295.7,296.6,6785,61415
661221,296,296.4,294,294,6955,62320
661222,294,295,293.4,294.7,8350,62950
661223,292,293.2,290.4,292,7060,63760
661227,292,292.4,291.4,292.1,8030,64615
661228,292.4,293,292.3,292.5,5530,64375
661229,292.7,292.7,290.1,290.1,5320,63940
661230,290,290.3,289.5,290,7305,62350
670103,290.4,290.6,289,289.6,6625,62585
670104,289.2,290.5,288.6,290.2,9455,60635
670105,290.4,290.5,289.3,289.3,6930,59700
670106,289.4,290.1,288.4,289.4,6260,58470
670109,289.4,290.4,289,290.4,6490,58710
670110,290.2,290.2,287.6,288,4700,58160
670111,287.4,288.6,287.1,288.5,6890,58795
670112,288.6,289,287.7,288.4,5415,58110
670113,288.4,289.4,287.4,287.5,7060,57915
670116,287.3,288.2,285.7,286.2,8190,58395
670117,285.4,287.2,285.4,286.4,8700,56950
670118,286.4,287.2,286.3,286.6,8130,56500
670119,286.6,288.2,286.4,287.2,6180,55910
670120,287.4,288.3,287.1,287.4,6315,56485
670123,287,287.7,286.3,287.4,5410,56260
670124,287.4,288,287.1,287.5,4490,56630
670125,285.6,286.4,285.2,285.5,3750,56880
670126,285.5,287.6,285.4,287.5,7190,57680
670130,288.4,289.2,288,288.1,5430,57390
670131,288,288,286.2,286.3,7660,57395
670201,286,287.2,285.4,287.2,9020,56320
670202,287.2,287.6,286.6,287,3985,56515
670203,286,286.5,285.5,286.1,3625,56265
670206,285.7,286.1,285.2,285.5,2715,56470
670207,285.6,286,285.2,285.6,3500,56505
670208,285.6,285.6,284.4,284.4,2395,56755
670209,283.6,284.4,283.4,284.3,5435,58435
670210,284.3,284.3,282.6,282.6,4440,58560
670213,282.3,283,282,282,5590,58245
670214,282.1,283.1,282,282.5,5845,57480
670215,282.6,284,282.4,283.1,5225,58275
670216,283.2,284.3,283.2,284,4790,59345
670217,284.4,284.7,284.1,284.2,4640,59555
670220,284.6,285.4,284.4,285.3,4350,59960
670221,285.4,285.4,284.3,285.2,4580,60625
670223,285,286.1,285,285.2,4410,61450
670224,285.2,286.2,284.5,286,5180,61460
670227,286.2,286.4,285.3,286.1,5720,62020
670228,286,288,285.4,287.1,7290,60970
670301,287.2,290.4,287,290,7920,60470
670302,292,292,289.2,289.3,11885,59250
670303,289.2,289.4,288.6,288.7,11055,59570
670306,290.4,290.6,289.4,290,7865,58830
670307,289.4,290.6,289.2,290.1,7100,59175
670308,289.6,290,288.2,288.2,6240,59050
670309,288,288.3,287.5,288.3,6865,59300
670310,288.6,288.7,288.1,288.3,4845,59180
670313,288.3,290.3,288.3,289.1,4295,58790
670314,289,289.6,288.7,289.1,6230,58440
670315,289,290,289,289.7,7335,56155
670316,290.2,290.4,289.6,290.2,5860,56625
670317,290.2,291.4,289.4,291.4,4190,56115
670320,291,291.1,289.6,289.6,5325,56365
670321,288,288.4,286.6,287.1,7155,57305
670322,287,287.1,286.3,286.4,13815,55740
670323,286.3,287,286.1,286.3,3855,56200
670327,286,286.6,285.6,285.6,2370,56065
670328,286,286.2,285.3,285.5,3820,56440
670329,285.3,286.4,285.2,286.3,2830,56330
670330,286.5,287,286.3,286.4,3195,56185
670331,286.5,287,286.2,286.6,3510,56785
670403,286,286.5,285.7,286.1,2505,56505
670404,286.2,286.7,286.1,286.1,1390,56535
670405,286.1,286.4,286,286.4,3420,57080
670406,286.4,286.6,286.1,286.4,2435,57045
670407,287.7,287.7,286.6,287.3,2920,57460
670410,287.4,287.5,286.4,286.4,6975,59050
670411,285.7,287,285.7,286.7,3360,59490
670412,286.6,287.1,285.4,285.4,2960,59015
670413,284.6,285.4,284.4,285,5220,59285
670414,285.2,285.6,284.6,285.4,7680,59185
670417,285.2,285.2,284.4,284.5,3715,59550
670418,284.7,285.2,284.5,284.7,3855,59085
670419,284.6,285.2,284.4,285.1,2840,58905
670420,285,285.3,284.6,285.1,3105,57735
670421,285.2,285.2,284.6,284.6,2655,57420
670424,284.6,284.7,284.4,284.5,3465,56575
670425,285.2,285.2,283.2,283.5,2965,56380
670426,283.3,283.7,282,282.5,7555,56905
670427,282,282.1,281.3,281.5,10660,58550
670428,281.5,282.4,281.3,282.3,10550,56690
670501,282.2,282.4,282,282.3,9640,55325
670502,282.2,282.4,281.7,281.7,5675,55025
670503,281.5,281.5,281,281.4,5565,54405
670504,281.5,281.6,281.1,281.4,4905,53685
670505,281.3,282.7,281.1,282.5,3250,53125
670508,282.6,282.6,282.1,282.4,6015,52565
670509,282.6,283.2,282.6,282.7,3295,51640
670510,282.4,282.7,282.4,282.5,3330,51085
670511,282.2,283.6,282.2,283,3030,51020
670512,283,283.6,283,283.3,6515,49305
670515,283.4,283.4,282.2,282.6,5735,48125
670516,282.6,282.7,282.1,282.3,3630,46975
670517,282.2,282.6,281.6,282.4,3085,46570
670518,282.2,283.1,282.1,282.3,4105,46020
670519,282.3,284.5,282.2,284.3,4910,46195
670522,285,285,283.7,284.6,11715,44105
670523,286.4,289.2,286.4,288.4,5170,43235
670524,288.4,288.5,286.2,287.2,13860,41565
670525,286.2,286.4,284.7,285.2,9950,41115
670526,285,286.4,285,286.4,6630,40135
670529,285.4,285.4,284.3,284.7,5105,39840
670531,285.2,287,285.2,286.5,4265,39075
670601,286.4,287.5,285.3,285.5,6990,37885
670602,285.4,286.2,285.2,285.6,6470,36385
670605,293,295.4,290,290.2,8025,35470
670606,290,290,287.6,287.7,12725,33350
670607,286.6,287,285.2,285.7,8195,32220
670608,286.7,286.7,285.3,286,7235,31395
670609,284.4,285.4,284.2,285.1,4550,32160
670612,284.2,284.6,282.7,284.1,8030,29650
670613,284.2,285.2,284.2,284.6,9845,28875
670614,284.6,285,284.2,284.5,7295,27940
670615,284.6,286.6,284.5,286.3,4620,27895
670616,286,286.6,285.5,286,8870,25700
670619,285.6,285.7,284.3,284.3,6265,23740
670620,284.6,287.1,284.2,286.1,5750,23055
670621,286.1,287.5,286.1,287.3,7255,23070
670622,286,286,284.6,285.2,9570,20545
670623,285.2,285.4,284.1,284.2,7625,19685
670626,284,284.4,283.2,284.2,7840,18420
670627,284,285.2,284,284.1,4075,18635
670628,284,284,283,283.1,3890,18700
670629,283,283,281.6,281.6,2955,18105
670630,282.2,283.3,281.6,282.1,4560,16795
670703,282.6,282.6,281.6,282.1,6830,16460
670705,282.3,282.5,281.7,282.2,2215,15960
670706,283.2,285.2,283.2,284.5,2725,15530
670707,285.2,285.6,283.2,283.4,6130,14805
670710,283.3,284.1,282.6,283.1,4895,13590
670711,282.2,282.6,282.1,282.4,3135,13525
670712,282.2,284,280.4,283.1,5380,12955
670713,283.6,284.5,283.5,284.4,4485,13155
670714,285,285.4,284.6,285,2885,12655
670717,285.3,286.2,284.5,286.1,3045,11880
670718,286,286.4,282.4,282.4,3550,10730
670719,282,282.7,281.4,282,8555,7170
670720,281.6,282.4,279.2,279.6,4445,4675
