660901,329.2,329.4,329,329.4,0,0
660902,330,330.2,328.4,329.4,95,80
660906,329.4,329.6,328,329,90,170
660907,330.2,332.6,330.2,331.2,200,240
660908,331.4,332.4,331.2,332.4,125,295
660909,334.4,340,334.3,340,60,305
660912,330,330,330,330,155,380
660913,320,320.6,320,320.6,35,415
660914,321.6,322.2,320.2,322,265,440
660915,322,322,318.6,318.6,185,500
660916,318.2,318.2,316.6,317.6,95,450
660919,317.1,317.2,313.4,313.6,305,520
660920,314.4,315,314,315,120,545
660921,315,315.1,312.4,312.6,250,665
660922,310.4,311.4,308,310.6,195,815
660923,308,308.4,306.6,307.2,160,890
660926,307.7,307.7,304.4,306.6,65,935
660927,309,310,307.6,307.7,115,925
660928,306.4,306.4,305,306,370,1235
660929,307.4,308.6,307.4,308,60,1265
660930,308.2,310.2,308.2,310.2,105,1325
661003,309.4,309.4,305.4,305.6,290,1500
661004,304,304.1,302,302,435,1760
661005,300.4,302,299.7,300.4,620,1980
661006,298.6,301,298.6,299.4,250,2060
661007,301.4,302.3,298.4,301,500,2350
661010,302.2,303.6,301.4,302,305,2560
661011,301.4,301.7,300.2,301.6,450,2740
661012,299.2,299.2,297.2,297.2,410,2875
661013,299,299,296,298.1,395,3005
661014,298.6,301.4,298.6,301.2,625,3145
661017,303.2,305.2,302.6,304.2,700,3145
661018,304.3,305.1,303,303,695,3245
661019,303,303,301.2,301.4,295,3355
661020,300.6,303,300.6,303,1275,3865
661021,303,304.2,301,301.2,225,3875
661024,300,300,298.1,298.1,490,3930
661025,299,300.6,298.4,300.6,575,3960
661026,301.4,301.4,299.4,299.4,595,3900
661027,299.2,299.7,298.2,298.2,405,3910
661028,297.3,298.6,297.3,298,355,3920
661031,298,299.7,297.6,299.7,695,3490
661101,299.3,299.3,296.2,296.2,540,3600
661102,296.2,299,296.2,298.7,530,3485
661103,298.4,299.6,297.5,299.5,260,3540
661104,300,301.2,298.6,298.7,440,3770
661107,299.2,299.2,297,297.4,200,3845
661109,297,297.4,294.4,294.6,780,3415
661110,294.3,294.4,293.5,293.6,435,3515
661111,295.6,297.3,294.4,297.2,750,3750
661114,297.5,299.2,297.2,297.6,700,3955
661115,298.4,298.6,296.4,296.5,875,4060
661116,296,296.1,294.2,294.2,580,4370
661117,294.7,295.2,294,294.2,1190,5295
661118,295,296.3,295,295.4,370,5355
661121,296,296.7,295.4,296.6,1240,6205
661122,294.6,296.3,294.6,295.4,640,6455
661123,295,295.6,294.4,295.4,445,6630
661125,295.6,296.2,294,294.1,370,6670
661128,293.4,294.4,293.4,294.2,620,6780
661129,295.2,295.4,294.2,294.7,620,7095
661130,295.7,296.1,294.2,294.4,760,7080
661201,294.4,296.3,293.7,295.4,700,6890
661202,296.4,297,294.4,294.4,1960,7245
661205,295.1,296.2,294.4,296,1850,8400
661206,295.5,295.6,293.6,293.7,475,8440
661207,294,294.5,293.3,294.2,840,8755
661208,295.4,295.6,293.6,294.4,350,8885
661209,294.2,295,293.7,294.5,1325,9820
661212,294,296.2,294,295.6,590,9620
661213,296.2,296.6,295.5,295.6,325,9625
661214,295,295.2,294.1,294.6,755,9680
661215,294,295,293.6,294.4,1725,10100
661216,294.4,295.2,294.2,295.1,1170,10210
661219,295.4,295.4,293.4,293.7,925,10330
661220,293.4,293.7,293,293.6,650,10535
661221,293.3,293.3,291,291.2,1570,10165
661222,291,292.3,291,292.3,860,10215
661223,290.2,290.2,288.7,288.7,650,10310
661227,289,289.5,288.7,289.1,1095,10700
661228,289.4,290,289.2,289.4,1430,11230
661229,289.4,290,287.4,287.5,1700,11545
661230,287.2,287.2,286.6,287.2,3060,12750
670103,287.2,287.6,286.1,286.7,1815,13325
670104,286.3,287.4,286.1,287,2225,13085
670105,287.2,287.6,286.3,286.3,1180,13245
670106,286.5,287.1,285.5,286.6,1445,13340
670109,286.2,287.3,286.1,287.3,1410,13215
670110,287.1,287.2,284.6,285.1,1080,13110
670111,285,285.6,284.2,285.2,1350,13965
670112,285.6,285.7,285,285.4,1520,14505
670113,285.4,286.1,284.6,284.7,2170,14940
670116,284.2,285,282.6,282.6,1325,15485
670117,282.5,284.2,282.3,283.2,1310,15490
670118,283.4,284.3,283.3,283.5,1145,15400
670119,284.1,285.1,283.3,284.2,1040,15555
670120,284.3,285.2,283.7,284.3,2180,16335
670123,284,284.4,283.4,284.2,2195,16555
670124,284.2,284.5,284.1,284.4,1525,16900
670125,282.2,283.4,282.2,282.5,980,17195
670126,283.1,284.4,282.3,284.4,2070,18125
670130,285.2,286,284.5,284.6,3180,18725
670131,284.4,284.4,283,283,2205,18435
670201,282.6,283.6,282.3,283.6,2520,19115
670202,283.6,284.1,283.4,283.6,1915,19360
670203,283,283.3,282.6,283,1575,19425
670206,283.1,283.1,282.2,282.5,1240,19315
670207,282.4,282.7,282.3,282.6,1575,20080
670208,282.6,282.6,281.4,281.5,1255,20415
670209,281.4,281.6,280.6,281.4,1905,20420
670210,281,281.1,280,280,2305,20865
670213,279.6,280.2,279.3,279.4,1580,21185
670214,279.4,280.5,279.4,280,1420,21560
670215,280,281.1,280,280.5,2175,22295
670216,280.7,281.4,280.3,281.3,1640,22505
670217,281.4,282,281.4,281.4,1555,22840
670220,282,282.7,281.7,282.4,1205,22860
670221,282.6,283.2,281.7,282.6,925,23055
670223,283.1,283.6,282.4,282.5,1135,23310
670224,283,283.6,282.2,283.6,1195,23600
670227,283.6,284.3,283.2,284,2110,23840
670228,284,285.5,283.4,285.3,1130,24185
670301,285.5,288.3,285,288.2,2110,24330
670302,288,288.7,287,287,2235,24745
670303,286.6,287.3,286.4,286.5,2920,24445
670306,287.3,288.1,287.1,287.7,735,24160
670307,287.5,288.3,287.3,288.1,1450,24605
670308,288,288,286.2,286.2,2455,24110
670309,286.2,286.3,285.7,286.2,1905,24040
670310,286.5,287,286.1,286.2,1780,23195
670313,286.6,288.4,286.4,287,780,23325
670314,287,288,287,287.4,1530,22945
670315,287.5,288.4,287.4,288.3,2415,23430
670316,289.4,289.6,288.4,288.6,995,23150
670317,289,289.3,288.1,289.2,1105,23290
670320,288.6,289.3,284,284,805,23145
670321,285.4,286,284.4,285.2,900,22930
670322,285,285.1,284.4,284.4,2695,22245
670323,284.5,285.1,284.3,284.5,775,22310
670327,284.5,284.7,284.3,284.3,945,22060
670328,284.4,284.6,283.7,284.1,805,21825
670329,283.6,284.7,283.5,284.5,815,21845
670330,285,285.3,285,285,1275,21890
670331,285,285.3,284.6,285.2,420,21885
670403,285,285.2,285,285,205,21965
670404,285.2,285.4,285,285,255,21970
670405,284.6,285.2,284.6,285.2,540,21855
670406,285,285.3,284.7,285.2,870,21715
670407,285.2,286.4,285.2,286,435,21775
670410,285.6,286.2,285.1,285.1,1270,21635
670411,284.7,285.5,284.6,285.4,1360,21185
670412,285.3,285.6,284.1,284.1,710,21155
670413,283.4,284.2,283,283.7,1105,21280
670414,284,284.5,283.6,284.3,1350,21000
670417,284,284.1,283.3,283.3,1125,20665
670418,283.5,284,283.3,283.4,1670,20395
670419,283.7,283.7,283.2,283.4,1275,20245
670420,283.3,283.6,283.3,283.4,1465,19730
670421,283.3,283.6,283.1,283.6,720,19370
670424,283.2,283.4,283.1,283.1,670,19300
670425,283.6,283.6,282.3,282.3,460,19275
670426,282.1,282.4,281,281.2,1485,19370
670427,281,281.2,280.3,280.5,2295,19915
670428,280.4,281.7,280.3,281.7,2130,19885
670501,282,282,281.4,281.7,2745,20935
670502,282,282,281.2,281.3,1050,21305
670503,281.2,281.2,280.5,281.2,1205,21310
670504,281,281.2,280.5,281,1950,21305
670505,281.1,282,280.5,281.4,565,21525
670508,281.4,282,281.3,281.7,1545,21030
670509,282.2,282.4,282.1,282.2,590,21125
670510,282.1,282.2,281.6,281.7,520,21180
670511,281.5,282.6,281.4,282.1,540,21240
670512,282.1,282.5,282,282.2,1365,21290
670515,282.4,282.4,281.5,282,740,20940
670516,282.4,282.4,281.5,281.5,975,21000
670517,281.2,281.6,281,281.2,875,20960
670518,281.2,281.6,281.2,281.2,855,20945
670519,281.4,284.2,281.4,284,1060,21205
670522,283.7,284,283.2,284,2195,21280
670523,285.2,288.4,285,288.1,555,21025
670524,288.4,288.4,285.6,287,3065,21465
670525,285.4,285.7,284.5,285,1975,21635
670526,285,286.4,285,285.4,1945,21895
670529,285,285,284.2,284.4,1980,22415
670531,285.3,286.5,285.1,286.2,1715,22690
670601,286.4,287.3,285.2,285.2,2485,23685
670602,285.2,286,284.7,285.4,2285,23985
670605,295.3,295.3,290.1,290.4,3450,24075
670606,291.4,291.4,287.5,288,3770,24120
670607,286,286.7,285.4,285.6,3975,24035
670608,285.5,286.4,285.1,285.5,2935,24075
670609,284,284.4,283,283.2,2235,24090
670612,281.6,282.7,281.1,282.2,5620,23755
670613,282.4,283.4,282.3,282.6,4795,25115
670614,282.5,283,282.3,282.4,5325,24790
670615,282.4,284,282.2,282.5,2390,24345
670616,282.4,283.2,282.4,282.5,5635,24050
670619,282.2,282.5,281.7,281.7,2610,24220
670620,282,283.6,281.6,282.6,3145,24275
670621,283.1,284.1,283,283.7,5290,24470
670622,281.4,282.6,281.4,282.1,4115,24110
670623,282,282.3,281.3,281.3,4285,24665
670626,281.6,282,281.3,281.6,2495,24755
670627,281.4,282.2,281.4,281.6,3255,25000
670628,281.6,281.6,280.5,280.6,2390,24825
670629,280.4,280.5,279.2,279.4,3500,24995
670630,279.2,280.3,278.7,279.2,4075,24900
670703,279.2,279.2,278.4,278.7,4085,25950
670705,279,279.3,278.5,278.6,1970,26535
670706,279.2,280.4,279.2,279.5,2090,26275
670707,280.2,280.6,278.3,278.5,6870,26465
670710,278.4,279,277.2,277.3,5680,27750
670711,277,277.6,276.7,277.2,3800,27380
670712,277,279.6,276.2,278.1,6560,27360
670713,278.4,279.6,278.4,279.5,7595,28545
670714,280.6,280.6,279.4,280,5435,28320
670717,280.4,280.4,279.1,279.7,6950,27885
670718,279.3,280.4,278.4,278.4,5890,27140
670719,277.6,278.3,277.6,278.2,9400,27880
670720,277.7,278.4,277.4,277.7,7870,28510
670721,278.2,278.2,277.2,278,10545,27165
670724,277.4,277.4,274.6,274.6,4135,26465
670725,276,276.2,275,275.5,9460,24455
670726,276.2,277,276,276.2,6410,23630
670727,276.2,276.2,275.6,275.6,4410,22075
670728,275.2,276.7,275.1,276.6,2175,21365
670731,276.4,276.4,275.6,275.7,5880,20000
670801,275.6,275.6,275.1,275.4,4125,18665
670802,275.4,276.3,275.4,276.3,5025,17820
670803,276.4,277.7,276.4,276.5,3865,17330
670804,276.6,277.4,276.5,276.7,5485,16600
670807,276.3,276.3,275.2,275.7,3320,16330
670808,275.5,276,275.2,275.3,3305,15930
670809,275.1,275.1,273.2,273.5,3015,15175
670810,273.4,273.4,272.2,272.2,6335,12865
670811,272.6,273.2,272.4,273,3200,12075
670814,273,273.3,272.5,273.2,2320,12205
670815,273.6,277,273.6,276.6,2010,12120
670816,277,278.4,275.4,277.6,4750,12495
670817,278.4,279,277.2,277.4,9125,10525
670818,277.2,279.4,277.2,279.1,4520,9490
670821,278.6,279.2,277.4,278.6,5465,8695
670822,278.6,280,277.2,279,6020,7745
