661201,285,285,284,284.2,0,0
661202,285.2,285.2,282.6,283.2,245,195
661205,283,284,282.3,283.6,700,705
661206,284,284,282.4,282.4,350,980
661207,282.4,283.3,282.3,282.4,175,1090
661208,283.2,284.2,283.2,283.6,830,1780
661209,284.3,285,283.2,284.2,860,2460
661212,285,286,284.5,286,390,2480
661213,286.4,286.7,285.5,286,450,2655
661214,286,286.6,285.4,286.4,300,2670
661215,286,288.2,285.5,287.2,745,2835
661216,287.5,288,287.2,287.6,1485,3130
661219,287.7,287.7,286.5,286.6,1515,4060
661220,286.5,287.3,286.2,287.2,660,4535
661221,286.5,286.5,284.2,285.4,470,4555
661222,285,286.6,285,286.4,2040,4995
661223,284,284,282,282,980,5300
661227,282,282.3,281.3,282,1720,5760
661228,282.6,283,282.3,282.4,805,6055
661229,282.4,282.7,280.5,280.6,1325,6690
661230,280.6,281,280.2,280.3,940,6865
670103,280.4,281.2,280.1,281.1,490,7010
670104,280.6,281.7,280.5,281.5,705,7430
670105,281.6,281.7,280.5,280.7,705,7395
670106,280.6,281.1,280.1,280.5,1340,7980
670109,280.4,280.6,280.2,280.6,1095,7960
670110,280.4,280.4,278.4,278.4,355,7925
670111,278.7,279.6,278.4,279.6,1480,8230
670112,279.6,280.2,279.2,279.4,1065,8540
670113,279.5,280,278.4,278.4,1800,9405
670116,278.2,279.1,276.4,276.4,1030,9310
670117,276.7,278.2,276.5,277,1335,9635
670118,277.6,278.3,277.4,277.5,1100,9905
670119,278,279,277.7,278.4,1505,10415
670120,279,279.6,278.1,278.6,560,10485
670123,278.1,278.6,277.5,278.2,1775,11255
670124,278.4,278.4,277.5,278.1,1450,11310
670125,277,277.5,276.5,276.7,1565,12155
670126,277.1,278.2,277.1,278,1860,12375
670130,278.6,278.7,278,278,1145,12555
670131,278.3,278.3,277.1,277.1,965,12920
670201,277.2,278.5,277.2,278.2,1490,13710
670202,278.3,278.6,277.6,278,3460,15895
670203,277.3,277.7,277.2,277.3,1130,16050
670206,277.5,277.6,277.2,277.4,615,16195
670207,277.5,277.6,277.2,277.4,1050,16805
670208,277.5,277.5,276.6,276.7,1315,16940
670209,276.6,277.1,276.3,277,1555,17740
670210,277,277,276,276,1380,17765
670213,276.2,276.3,275.6,275.6,2115,18000
670214,276,276,275.4,276,1970,18260
670215,276,276.2,275.5,275.6,1080,18305
670216,275.7,276.2,275.6,275.6,1145,18620
670217,276.4,276.5,276,276,1015,18855
670220,276,277,276,276.4,880,19115
670221,276.6,276.7,276,276.5,920,19305
670223,276.4,277.2,276.4,277,930,19500
670224,276.6,277.5,276.4,277.4,1405,19465
670227,277.2,278.6,277.2,278.2,1545,19465
670228,278.4,279.4,278.2,279.3,2290,20240
670301,279.4,281.4,278.6,281.2,2245,20830
670302,281.4,281.7,280.2,280.4,2575,20355
670303,280.2,280.5,280,280,3415,20410
670306,280,280.6,280,280.4,1240,20890
670307,280.3,280.6,280,280.4,1920,21265
670308,280.4,280.5,280,280,1565,22375
670309,280,280.2,279.6,280,1235,22585
670310,280.2,280.7,279.6,279.7,665,22680
670313,279.7,281.7,279.7,281,1420,22500
670314,280.6,282.5,280.6,281.4,1970,22715
670315,281.6,282.3,281.5,282.1,2300,24030
670316,282.3,282.5,282,282.2,1220,24485
670317,282.4,282.6,281.7,282.6,735,24375
670320,282.6,283.1,282,282.1,2285,24725
670321,279.2,280,278.3,278.7,2485,25350
670322,278.2,278.5,278.2,278.2,3425,26070
670323,278.3,278.4,278,278.2,1135,25975
670327,278.1,279,278.1,278.7,1025,25815
670328,279.2,279.2,278.4,278.7,1055,26280
670329,278.4,279.6,278.3,279.6,905,26035
670330,279.7,280.3,279.6,279.7,1145,26020
670331,279.6,280.2,279.6,280.1,1205,25675
670403,279.6,280.1,279.6,279.6,920,26075
670404,280,280.4,279.6,279.6,705,26170
670405,279.6,280,279.4,280,1600,26080
670406,279.6,280,279.5,279.6,1675,26525
670407,279.7,280.4,279.7,280.3,915,27000
670410,280.2,280.3,279.6,279.7,1095,27060
670411,279.2,280.2,279.2,280.1,935,27120
670412,279.2,280.1,278.3,278.3,1620,27755
670413,278.5,278.6,277.6,278.1,3285,28745
670414,278.4,278.7,277.6,278.5,1940,29250
670417,278.4,278.6,278,278,1735,30310
670418,278.3,278.5,278.2,278.2,1245,30405
670419,278.4,278.4,277.7,278.2,540,30535
670420,277.7,278.4,277.7,278.3,1090,30865
670421,278.1,278.5,278.1,278.3,985,31210
670424,278.2,278.3,277.7,278,975,31545
670425,278.2,278.3,277.2,277.2,740,31855
670426,277.1,277.3,276,276.4,2425,32535
670427,276.2,276.6,276.2,276.5,2000,33115
670428,276.6,277.7,276.4,277.7,2930,33305
670501,276.4,277.4,276.4,277.3,1670,33540
670502,277.4,277.4,276.5,276.6,3530,34645
670503,276.6,276.6,276.1,276.2,1480,34955
670504,276.2,276.4,275.5,276,1820,35225
670505,276.2,276.6,275.4,276.4,2205,35705
670508,276.4,276.5,276.2,276.4,1820,36045
670509,276.6,277.1,276.5,276.6,705,36200
670510,276.4,276.7,276.4,276.4,1175,36350
670511,276.2,277,276.2,276.5,710,36435
670512,276.7,277.3,276.7,277.1,1350,36890
670515,277.4,277.6,277,277.4,1595,37605
670516,277.7,277.7,277.2,277.2,2230,37805
670517,276.7,277.4,276.3,276.4,2335,37710
670518,276.6,277,276.3,276.6,2040,38535
670519,277.2,279.4,277,279.3,1510,39360
670522,279.4,279.4,278.4,279.2,7475,40235
670523,279.4,283.6,279.4,283.4,2820,40980
670524,283.2,283.5,281.1,282.4,9130,41490
670525,281.6,281.6,280.4,280.6,7105,40545
670526,280.4,282.3,280.3,281.6,5465,40180
670529,281,281,280.2,280.5,6670,40440
670531,280.6,282.6,280.6,282.4,3440,40350
670601,282.4,283.5,281.2,281.4,5275,41170
670602,281.2,281.7,280.4,281.3,5215,41020
670605,289,291.3,286.4,286.7,5995,42625
670606,286.2,286.4,284.2,284.5,10440,41395
670607,283.2,283.4,282.2,282.4,7275,41500
670608,282.4,282.5,281.4,281.6,5770,42050
670609,280.2,280.2,278.2,278.2,7315,43105
670612,278,278,276.2,276.7,9000,42245
670613,276.6,277.2,276.5,276.7,5770,42210
670614,277,277.2,276.5,277,4920,42150
670615,276.7,277.1,275,275.2,2610,42155
670616,275.3,276.4,275.3,275.7,9820,41085
670619,275.6,275.6,275,275,4655,41375
670620,275.2,275.4,274.6,275,4380,40735
670621,275.2,275.6,274.6,274.7,6230,41055
670622,274.6,275.4,274.5,275.2,4750,40465
670623,275.4,275.5,275,275.3,4470,40300
670626,275.6,276,275,275.1,4110,40400
670627,275.2,275.2,274.6,274.6,3140,41105
670628,274.6,274.7,274,274,3430,41655
670629,273.7,273.7,272.2,272.4,3705,42475
670630,272.2,273.3,272.2,272.2,5290,42905
670703,272.4,272.4,271.2,271.4,4660,42975
670705,271.5,271.6,270.7,270.7,3365,43155
670706,271.1,271.4,270.2,270.2,3230,43415
670707,271.2,272.1,270.3,270.3,7525,43980
670710,270.3,270.5,269.2,269.2,6575,45150
670711,269,269.4,269,269.1,4700,46000
670712,269.1,271.6,268.1,269.5,7835,46695
670713,270,270.6,269.4,270.1,9330,46110
670714,270.3,270.5,269.4,269.7,5105,46285
670717,269.6,270.1,269.1,269.7,3660,46160
670718,269.6,270.7,269.6,270,4560,46160
670719,269.6,270,269,269,7270,46555
670720,269,269.3,268.4,269.1,6365,46885
670721,269.2,269.2,268.2,268.7,7805,45925
670724,268.3,268.5,268,268.2,4500,46220
670725,268.3,268.4,267.7,268.2,7780,47195
670726,268.3,269.2,268.3,268.5,6450,46140
670727,268.5,268.7,268.4,268.5,5405,45350
670728,268.6,268.6,268.3,268.6,2765,45165
670731,268.5,268.5,268,268.1,3205,44975
670801,268,268.1,267.4,267.5,3910,45875
670802,267.5,268,267.4,267.6,5440,46780
670803,268,269.5,267.5,268,3895,46105
670804,267.7,268.7,267.5,268,9145,47050
670807,267.5,267.5,266.6,267.2,5290,48135
670808,267,267.6,266.5,267.4,6095,48935
670809,267.2,267.3,266.6,266.7,6235,49370
670810,266.3,266.6,266,266.2,4865,49775
670811,266.7,267.1,266.2,266.3,6075,50725
670814,266.2,266.3,265.5,265.6,5140,50880
670815,265.4,267.1,265.4,267,4300,51280
670816,267.2,268,267,267.7,9970,49930
670817,268.4,268.7,268.2,268.2,6635,48900
670818,269,270,268.3,269.7,6770,48845
670821,269.4,269.6,268.2,268.6,8795,48840
670822,268.3,268.5,267.3,268.2,6545,49020
670823,268.2,268.4,267.4,267.6,11430,47785
670824,267.5,268.5,267.2,268.2,5300,46850
670825,268,268.4,267.6,267.6,6525,46520
670828,267.2,267.4,266.4,266.7,4220,47075
670829,266.6,267.4,266.4,267.2,6870,46365
670830,268,269.2,268,268.3,7040,44950
670831,268.1,269.1,268,268.4,11525,44050
670901,268.3,268.4,267.6,267.6,5540,44205
670905,267.4,268.4,266.5,268,4845,44705
670906,267.4,269,267.1,268.6,8455,44835
670907,268.4,268.4,267.4,267.6,8575,45820
670908,267.4,268,267.3,267.4,5910,46025
670911,267.2,267.4,266.3,267.2,6025,46680
670912,266.7,267.2,266.7,266.7,6985,47255
670913,267,267.6,267,267.4,6470,47480
670914,267.7,268,267.4,267.6,6975,48415
670915,267.5,267.7,267.1,267.3,4525,49025
670918,267,268,266.6,267.5,5150,49535
670919,268.4,269,268,269,7525,49595
670920,269,269.6,267.4,267.5,8690,49840
670921,268,268.2,267.1,267.1,13895,49830
670922,267,267.3,265.6,265.7,9500,48810
670925,265.3,265.3,262.6,263,15605,48695
670926,263.4,264.4,263.1,264.4,21100,52040
670927,265,265,263.6,264.4,11035,50610
670928,264.3,264.3,262.7,263.4,14275,51000
670929,263.2,263.2,262.5,262.6,16155,49260
671002,262,262.2,261.2,261.4,10775,47080
671003,261.2,263,261.2,261.4,12355,47105
671004,262,264,262,262.7,13570,45595
671005,263.3,265,263.3,264.4,16095,44940
671006,265.1,267,265.1,266.4,10100,44785
671009,266.5,267.1,265.5,266.1,20235,46650
671010,265.7,266.5,265.5,266.2,9810,47230
671011,265.1,265.4,264.4,265,10170,46235
671012,264.7,266,263.5,263.6,8855,46285
671013,263.6,264,263.1,263.4,18305,44165
671016,264.4,264.6,263.7,264.4,13380,42895
671017,264.4,265.1,264.1,264.2,9625,43185
671018,264,264.5,263.5,264.4,10170,44105
671019,264,264.3,263.1,263.2,8260,45095
671020,263,263,262.3,262.3,11960,43865
671023,262,262.4,261.7,262,12115,44625
671024,262,263.3,262,263.1,12510,44675
671025,263.3,263.5,263,263.4,12145,44505
671026,263.6,264.1,263.4,263.5,9015,43555
671027,263.4,263.4,262.3,262.4,9485,43090
671030,262.2,262.7,262,262.1,10290,40205
671031,262.2,262.6,262,262.6,8570,38145
671101,262.6,263,262.2,262.4,13460,34965
671102,262.6,263.6,262.6,263.5,9510,30605
671103,264,265,264,264.3,7015,29410
671106,263.4,263.4,262.5,262.5,6785,28475
671107,262.5,263,262.5,262.5,6245,26390
671108,262.5,263.3,262.4,263.3,3025,26295
671109,264,264.6,263.4,264.4,6595,24080
671110,264.2,264.6,263.7,264.2,4375,20700
671113,264.4,265.1,264,265,4375,20700
671114,265.2,265.4,264.7,264.7,6435,20185
671115,264.4,264.6,263.5,263.5,4475,18790
671116,263.6,264.2,263.6,263.7,9240,15715
671117,264.2,265.3,264.2,265.2,5205,14085
671120,264.4,265.4,263.1,263.6,8565,10125
