671002,267,267,266.2,266.5,0,0
671003,267.2,268,267,268,335,225
671004,268,269,267.6,268,95,275
671005,268,268.4,267.5,268.4,480,590
671006,268.7,269.2,268.3,268.6,185,655
671009,268.4,268.6,268.1,268.6,455,890
671010,268.6,269,268.4,269,290,1035
671011,268.2,269,268.1,268.7,180,1070
671012,269,269.6,268.5,268.5,580,1450
671013,268.1,269,268.1,268.7,300,1605
671016,269.4,269.6,269.1,269.5,360,1805
671017,270,270,268.6,268.6,170,1880
671018,268.4,268.6,268.3,268.6,335,2065
671019,268.4,268.4,268.4,268.4,260,2245
671020,268.3,268.5,268,268.4,115,2280
671023,268.2,268.5,268.2,268.2,430,2410
671024,269,269.4,268.7,269.1,395,2635
671025,269.4,270,269.1,270,310,2705
671026,270,271,270,271,610,2985
671027,270,270.4,269.6,270,1770,3710
671030,269.7,270.1,269.5,270,1070,4050
671031,270.2,270.6,270,270.6,1120,4780
671101,270.6,270.6,269.6,269.6,455,4915
671102,270,270.1,269.7,270.1,1075,5230
671103,270.2,270.5,270.2,270.4,575,5415
671106,270.3,270.3,269.6,269.6,505,5480
671107,270,270.1,269.7,270,375,5605
671108,270,271.1,270,271,365,5860
671109,271.4,271.6,271.2,271.6,345,5885
671110,271.4,271.4,271,271.1,275,6240
671113,271,272,271,271.6,275,6240
671114,272,272,271.2,271.3,560,6265
671115,271.2,271.3,271.1,271.2,395,6285
671116,271.3,271.7,271.3,271.7,240,6495
671117,272.2,272.7,272.2,272.5,305,6650
671120,272,272.7,271.4,271.4,480,6795
671121,272.1,273.1,272.1,273,575,7070
671122,272.5,272.7,272.3,272.3,1100,7455
671124,273.5,275.3,273.4,274.4,1775,7790
671127,273.4,273.4,273.1,273.4,1195,7940
671128,273.3,273.5,273.2,273.2,430,8125
671129,273.5,273.6,272.7,273,515,8145
671130,272.7,273.6,272.4,273.6,1040,8245
671201,273.7,274,273.3,273.4,650,8090
671204,273.2,273.3,272.6,272.7,330,8160
671205,272.7,272.7,272.4,272.6,375,8310
671206,273,273.2,272.5,272.6,1485,9235
671207,272.5,273.2,272.4,273.2,895,9350
671208,273.4,273.6,273.3,273.3,1020,9595
671211,273.3,274,273.3,274,325,9725
671212,274,274,273.4,273.6,510,9870
671213,273.3,273.3,272.6,272.7,665,9825
671214,272.6,273.1,272.3,272.5,400,9920
671215,272.7,274.4,272.7,274,815,10385
671218,274,274.1,273.2,273.4,2075,10195
671219,273.2,273.7,273.2,273.6,785,10220
671220,273.5,274,273.3,273.3,240,10115
671221,273.1,273.5,272.6,273.4,160,10120
671222,273.3,273.5,273.2,273.5,430,10125
671226,273.2,273.2,272.6,272.7,15,10130
671227,272.6,272.6,272.2,272.5,320,10235
671228,272.6,272.7,272.2,272.3,1035,10505
671229,272.2,272.6,272.2,272.5,260,10455
680102,272.4,272.4,271.5,271.6,320,10660
680103,271.4,271.6,271.3,271.5,760,10755
680104,272.2,272.3,272,272.2,1395,11000
680105,272.3,272.3,272.1,272.2,335,10860
680108,272.3,272.3,271.6,272,395,10740
680109,272,272,271.4,271.5,270,10770
680110,271.6,271.7,271.5,271.6,265,10720
680111,272,272.3,271.7,272,230,10705
680112,272.4,272.6,272.2,272.5,635,10525
680115,272.6,273,272.5,273,1160,10300
680116,273.2,273.3,272.7,273,850,10455
680117,273.4,273.4,273.1,273.1,1035,10395
680118,273.1,273.1,272.6,272.6,1295,10540
680119,272.5,272.7,272,272,210,10480
680122,272,272.1,271.6,272,1380,10495
680123,272.2,272.5,272.1,272.1,400,10435
680124,272.5,272.5,272.2,272.2,240,10500
680125,272,274,272,273.2,785,10215
680126,273.5,274,273.5,273.6,1610,10360
680129,274.6,274.7,274.1,274.1,1455,10075
680130,273.7,274.1,273.5,273.7,1730,10385
680131,273.5,274,273,273.6,875,10165
680201,274.1,274.7,273.7,274.6,1005,10060
680202,274.4,274.6,274.1,274.3,1350,10730
680205,274.1,274.5,273.6,274.2,435,10625
680206,274.1,275,274.1,274.2,945,10785
680207,274.4,274.4,273.7,274,640,10770
680208,273.7,274.1,273.4,274.1,955,10285
680209,274.2,274.4,273.6,273.7,395,10180
680213,273.6,273.7,273.5,273.6,445,10430
680214,273.7,274.2,273.6,274,540,10135
680215,273.7,274.4,273.7,274.1,885,10020
680216,274,274.4,274,274.4,775,9975
680219,274.3,274.3,274.1,274.2,510,9925
680220,274.1,274.1,273.7,274,380,9735
680221,274.1,274.1,273.6,273.7,325,9520
680223,273.5,273.5,273.3,273.4,625,9325
680226,273.3,274,273.3,273.6,280,9250
680227,273.6,273.6,273.2,273.2,370,9225
680228,273.3,273.5,273.1,273.2,365,9235
680229,273.3,273.7,273.3,273.6,330,9335
680301,273.7,274.3,273.7,274.2,1110,9385
680304,274.3,274.5,274.2,274.2,320,9295
680305,274.1,274.1,273.6,273.6,360,9190
680306,274,274.1,273.1,273.1,630,9160
680307,273.3,273.6,273.1,273.5,480,9085
680308,273.5,274,273.5,273.6,700,8905
680311,273.4,273.7,273.3,273.4,310,8815
680312,273.5,273.7,273.4,273.6,220,8820
680313,273.6,274.5,273.5,274.4,370,8710
680314,275,275.5,274.6,275.1,475,8605
680315,276,276,274.4,274.4,1035,8880
680318,271.4,272.4,271.2,271.6,880,8760
680319,271.6,271.6,270.6,271.4,1975,8940
680320,271.1,271.1,270.2,270.3,1175,9055
680321,270.2,270.4,270,270.4,1095,8915
680322,270.3,270.4,270.2,270.2,775,8875
680325,270.1,270.1,268.6,268.7,385,8665
680326,268.6,269.3,268.6,269.1,800,8600
680327,269.2,269.7,269.1,269.7,510,8500
680328,270,270.1,269.5,270,855,7990
680329,269.6,270.1,269.5,269.6,560,7980
680401,269.3,269.5,269.2,269.2,230,7975
680402,269,269,267.4,267.5,95,8010
680403,267.7,268.4,267.2,267.3,1085,7880
680404,267.7,267.7,267.3,267.5,1030,7490
680405,268,268.4,267.5,268.3,445,7625
680408,268.1,268.5,267.7,268.1,385,7700
680410,267.6,268,267.4,267.6,250,7750
680411,267.4,267.6,267.4,267.5,565,7795
680415,267.2,267.3,264.6,264.7,590,7790
680416,264.3,265.4,264.3,265.4,1855,7590
680417,265.2,266,265.2,265.6,690,7825
680418,265.6,266.2,265.6,266.2,875,7750
680419,266.2,267,266.2,266.6,645,7710
680422,266.5,266.5,265.6,265.7,495,7795
680423,265.6,266.2,265.5,266.1,350,7730
680424,266,266,265.4,266,780,7630
680425,265.3,266.2,265.3,266.2,1050,7565
680426,266.1,266.2,265.6,266,905,7715
680429,265.6,265.7,265.4,265.6,805,7785
680430,265.5,266,265.2,265.4,545,7875
680501,265.2,265.6,264.7,265.4,795,7920
680502,265.3,265.4,264.7,265.3,280,8000
680503,265.4,265.7,265.1,265.4,660,8115
680506,265.3,265.5,265.1,265.2,990,8240
680507,265,265.2,264.6,264.6,190,8250
680508,264.6,265.2,264.4,265,455,8260
680509,265,265.4,264.7,265.3,515,8420
680510,265.1,265.5,265.1,265.4,450,8545
680513,265.4,265.4,264.7,264.7,770,8315
680514,264.6,265.2,264.4,265.2,215,8315
680515,265.2,265.3,264.7,264.7,650,8480
680516,264.7,265,264.6,264.7,580,8535
680517,265,265.2,264.4,265.2,285,8570
680520,265.1,265.2,264.6,264.6,565,8550
680521,264.5,264.6,264.1,264.4,245,8615
680522,264.3,265,264.2,264.6,1615,8420
680523,264.7,265.4,264.6,265.4,795,8575
680524,265.1,265.4,264.6,264.7,865,8280
680527,265,265.2,264.6,264.6,215,8375
680528,264.6,264.7,264.3,264.4,660,8340
680529,264.3,264.6,264.1,264.5,700,8430
680531,264.5,264.6,264.4,264.4,800,8555
680603,264.2,264.4,263.6,263.6,170,8570
680604,263.4,264,263.1,263.6,1000,8455
680605,263.6,264.3,263.6,264.2,665,8330
680606,264.2,265,264.2,264.7,630,8190
680607,264.6,264.6,264.2,264.4,715,8465
680610,264.2,265,263.5,263.7,575,8325
680611,263.4,263.6,263,263,820,8650
680612,262.6,263,262.3,263,515,8525
680613,262.6,263,262.2,262.7,975,8200
680614,262.6,263,262.6,262.6,810,8060
680617,262.4,262.6,261.6,262,925,8005
680618,261.6,262,260.7,261,1125,7760
680619,260.5,260.7,260,260.2,1755,7735
680620,259.7,260.2,259.4,259.5,1270,8110
680621,259.3,259.6,259.2,259.3,680,8315
680624,259.2,259.4,258.4,258.4,1030,8755
680625,258.2,258.2,257.2,257.4,2380,9245
680626,257.4,258.2,257.4,258,1995,9485
680627,257.6,259.2,257.6,259.2,1105,9650
680628,259,260,258.4,259.2,925,9675
680701,259.4,260,258.1,258.6,1450,9815
680702,258.6,258.6,257.7,257.7,1685,10205
680703,257.7,258.1,257.3,257.5,1010,10160
680705,257.7,258.1,257.6,258,445,10270
680708,257.7,257.7,256.6,256.6,390,10335
680709,256.4,257.3,256.4,257.2,1840,10640
680710,257.4,258,257.4,257.4,810,10565
680711,257.4,257.7,257,257,1100,10355
680712,256.6,260.2,256.6,258.6,855,10185
680715,260,260.5,259.2,259.4,1165,10450
680716,259.2,259.5,258.4,258.6,2315,10275
680717,258.5,259,258.3,258.4,1465,10295
680718,258.4,258.7,258.1,258.1,915,10080
680719,258,258.6,257.5,258.6,1790,10060
680722,258.3,258.5,257.7,257.7,1170,10095
680723,257.3,257.7,257,257.4,835,10180
680724,257.4,258,257.3,257.5,985,10290
680725,257.1,258.2,257.1,257.4,1275,10385
680726,257.4,257.5,257,257,1770,10735
680729,256.7,256.7,255.7,256.2,1755,11140
680730,255.6,257,255.4,256.1,1305,11160
680731,256,256.6,255.7,256.3,2480,11600
680801,256,256.6,255.6,256.5,1815,11625
680802,257,257,256,256.4,1335,11900
680805,256,256.1,254.6,254.7,1480,12115
680806,254.3,255.6,254.3,255.2,1930,11670
680807,255.2,255.6,254.7,255.2,2585,12130
680808,255.2,255.3,255,255,1660,12590
680809,255.3,255.5,255,255.1,2055,12920
680812,254.7,255.6,254.7,255.2,1635,13280
680813,254.6,256,254.4,256,1820,13535
680814,255.6,256.4,255.5,256,2440,13710
680815,255.7,255.7,255.3,255.6,2255,13545
680816,255.6,256.3,255.5,256.2,2330,14075
680819,256.6,259.7,256.6,259.5,1665,13905
680820,259.6,261.3,258.3,259.3,7045,13575
680821,260,261.6,259.3,261.5,9950,13050
680822,261.1,262,260.5,261.4,8825,13865
680823,261.2,262,260.7,261.7,5330,14460
680826,262,262.1,261.2,261.2,3565,14380
680827,261,262.4,260.5,262.4,4115,13615
680828,262.6,263.7,262.6,263.4,4180,13770
680829,263.6,263.6,262.1,262.7,6090,14500
680830,262.4,262.4,261.6,262,5865,12790
680903,262,262.4,261.2,261.4,4865,12905
680904,261.4,262.4,261.3,262.2,5495,11765
680905,261.6,261.7,260.7,261.2,3645,12650
680906,260.6,260.6,257.6,258.1,4400,12695
680909,257.4,259.3,257.4,258.3,7395,12125
680910,259.1,260.1,258.6,259.4,5035,11785
680911,259,259.3,257.6,259.1,3395,11675
680912,258.7,259.3,258.5,259.3,3725,11430
680913,259.4,260.3,259.4,259.6,1895,10995
680916,260.4,262.4,260.4,262.3,3420,10420
680917,263,263.5,261.1,262.1,5425,9220
680918,263.6,264.6,262.7,263.5,5060,8665
680919,264.4,269,263.2,269,4355,7680
