681204,240,240.375,240,240.125,375,1915
681205,240.375,240.5,240.125,240.125,625,2410
681206,240.125,241.125,240,241.125,6355,7860
681209,241,241,240,240,815,8440
681210,239.75,240.125,239.75,240.125,145,8390
681211,240,241.125,240,241,900,8840
681212,240.875,241.5,240.625,241.5,935,9495
681213,241.5,242,241.25,241.875,630,9905
681216,242.625,242.75,241.5,241.75,1545,10855
681217,242.125,242.125,240.875,241.25,635,11210
681218,241.375,241.5,240.875,241,720,11430
681219,241.375,241.375,241,241.25,225,11580
681220,241.25,243,241,242.25,1695,12640
681223,242,242.25,241.875,242.25,445,12910
681224,242,242.5,242,242.25,115,13010
681226,242.375,242.625,242.375,242.5,410,13120
681227,242.75,242.875,242.5,242.625,905,13610
681230,243,243.125,242.75,242.875,215,13770
681231,242.875,243.25,242.875,243,595,13880
690102,243.125,243.5,242.375,242.75,865,14310
690103,242.625,243,242.5,242.625,1000,14770
690106,242.5,243.125,242.5,243.125,495,14910
690107,243.5,243.625,243.125,243.5,1210,15755
690108,243.625,245.625,243.625,245.625,2235,16985
690109,245.375,245.75,244.875,245.25,3735,19035
690110,245.25,245.375,243.75,244.5,1935,19660
690113,243.5,243.5,240.5,241.25,3970,21060
690114,240.5,241.625,240.25,240.625,2660,21535
690115,240.75,241.625,240.625,241.5,1785,22380
690116,241.5,242.25,240.875,242.25,1995,23275
690117,242.5,242.625,241.5,241.75,1265,23310
690120,241.5,242,241.125,241.75,1525,23910
690121,241.5,241.875,241.5,241.75,925,24205
690122,241.5,242.5,241.5,242.25,2105,25635
690123,242.25,242.875,242.125,242.875,2145,25715
690124,242.375,243.25,242.375,242.5,2095,26510
690127,242.25,242.5,242,242.125,2190,27495
690128,242.25,242.375,241.75,241.875,3530,28500
690129,242,242.25,241.5,241.625,3360,29035
690130,241.5,241.75,241.25,241.75,1920,30085
690131,241.875,242.25,241.625,241.875,2300,31260
690203,242.125,242.25,241.5,241.5,1240,31590
690204,241.5,241.875,241.375,241.75,1170,32120
690205,241.75,242,241.625,241.875,1410,32260
690206,241.875,242,241.75,242,1035,32640
690207,242,242,241.25,241.5,2365,33710
690210,241.25,241.25,240.75,241,1145,33940
690211,241,241.125,240.75,240.875,1200,34415
690212,240.875,241,240.75,240.875,1590,34470
690213,240.875,241.375,240.625,241.25,2755,34610
690214,241.125,241.125,239.625,239.875,5760,33480
690217,240.125,240.25,238.875,239.25,5140,34205
690218,238.875,239.25,238.5,239.25,3730,34765
690219,239.25,240.125,239,240.125,2545,35615
690220,239.875,239.875,239.375,239.75,2600,36665
690224,239.25,239.5,238.875,239.375,2560,37690
690225,239.125,239.25,238.875,239,4130,38800
690226,238.875,239.125,238.75,238.875,3235,39900
690227,238.875,239,238.75,238.875,3275,39620
690228,239,240.875,238.875,239.875,5835,41810
690303,239.75,239.75,238.875,239.125,2910,42090
690304,239,239.75,238.75,239.75,3455,42170
690305,238,238.75,236.5,237.625,4385,42695
690306,237.5,237.625,236.375,237.375,4265,43285
690307,235,236.875,235,236.75,8715,42825
690310,236.75,236.875,236,236,1750,43255
690311,235.875,236.125,235.75,236.125,2535,43090
690312,236,236.375,235.75,235.75,2355,43385
690313,235.875,235.875,234.5,235.25,5560,44530
690314,234.625,235.125,234.625,234.875,3300,44910
690317,234,234.25,233.5,233.75,4520,44605
690318,233.625,233.875,233.25,233.75,3845,44740
690319,233.625,234.125,233.5,233.75,2585,44470
690320,233.75,234,233.625,233.75,2285,44575
690321,233.875,234,233.625,233.75,1400,44500
690324,233.75,234.25,233.625,234.125,3435,44930
690325,234,234.875,234,234.75,4610,44360
690326,235,235.5,234.5,234.625,3265,45125
690327,234.75,235,234.625,234.875,2400,45700
690328,234.875,235.75,234.75,235.75,1665,46000
690401,235.625,235.625,235.25,235.25,2125,45960
690402,235.375,235.375,234.25,234.5,2925,46400
690403,234.5,234.875,234.5,234.75,1595,47075
690407,234.625,235.25,234.375,235,1665,47125
690408,234.75,235.5,234.75,235.5,3245,47400
690409,235.625,235.625,235.125,235.5,3640,47735
690410,235.375,235.5,235.125,235.375,1910,48145
690411,235.25,235.625,235,235.375,2520,49030
690414,235.5,235.5,234.875,234.875,2595,49005
690415,235,235.25,234.75,235.125,4220,49715
690416,235.25,235.75,234.75,235.625,6165,50875
690417,235.5,235.75,234.75,235.25,3285,51535
690418,235.375,235.375,235,235.375,3510,51220
690421,235.375,235.375,234.5,235,3800,51025
690422,235,235,234.375,234.5,2490,51315
690423,234.375,235,234.25,235,2425,51250
690424,234.75,235.25,234.75,235.25,3065,52370
690425,235,236.5,235,235.75,6955,54100
690428,235.75,236.5,235.5,236.25,2755,53850
690429,236.125,236.125,235.5,235.875,2290,54290
690430,235.625,236.25,235.625,236,2215,54835
690501,235.875,236.25,235.75,236.25,2410,55005
690502,235.875,236.875,235.875,236.75,3260,55590
690505,236.25,237.5,236.25,237.125,3485,55860
690506,237,238,237,237.625,4850,57125
690507,237.75,238.375,237,237.125,5335,56985
690508,236.25,237.25,236.25,236.625,4810,57665
690509,236.375,236.75,236.25,236.75,2825,57950
690512,236.75,237.25,236.75,237.125,1850,57990
690513,237,237.5,237,237.375,2695,58285
690514,237.5,237.75,237.25,237.75,1930,58510
690515,237.625,238,237.25,237.625,3140,58705
690516,237.625,238,237.625,237.75,3490,59040
690519,237.75,238,237.375,237.375,2560,59160
690520,237.875,238,236.875,237.5,4120,59320
690521,236.75,238,236.75,237.375,4355,59355
690522,237.125,237.75,237.125,237.375,6325,58285
690523,237.25,237.25,236.125,236.25,5870,58735
690526,235.5,236,235.125,235.25,5220,58225
690527,235.25,235.875,235.25,235.75,2575,57525
690528,235.25,235.75,235.25,235.375,3795,57680
690529,234.75,235,233.625,234.25,11855,58460
690602,234,234.625,234,234.5,6145,57635
690603,234.375,234.375,234,234.125,3730,58045
690604,234.125,234.125,233.625,233.75,4045,58130
690605,233.75,234.375,233.625,234.375,3275,58180
690606,234.25,234.625,234,234.375,3170,58780
690609,234.375,235.5,234.25,235.25,7760,60155
690610,234.875,235.25,234.375,234.5,6325,59840
690611,234.375,235.125,233.75,234.875,7405,60060
690612,235,235.75,234.625,235.5,7880,60190
690613,235.625,236.125,235.125,235.375,3180,59845
690616,234.875,235.125,234.75,234.875,2740,59240
690617,234.5,235,234.5,235,2635,59045
690618,235,236,235,236,4955,58760
690619,236,236.25,235.375,235.75,4270,58620
690620,235.75,235.75,235.25,235.5,2320,58140
690623,235.75,236,235.5,235.625,2645,58050
690624,235.75,235.75,235.125,235.375,3780,57790
690625,235.25,235.875,234.75,235.625,4030,57700
690626,235.5,235.625,235,235.125,3590,57900
690627,234.875,234.875,234.375,234.75,3535,57835
690630,234.5,235.25,234.375,235.125,3365,57955
690701,235.125,236.375,235,235.375,5800,57950
690702,235.25,235.875,235.125,235.5,2560,57710
690703,235,236.125,235,236.125,2805,57715
690707,236.375,237.75,236.25,237.5,8590,58625
690708,237.375,237.75,236.25,236.25,5565,58385
690709,236,236.75,236,236.75,4235,58685
690710,236.625,236.625,236.125,236.25,3085,58805
690711,236.625,237,236.25,236.5,5865,59360
690714,236.75,239,236.75,238.125,11960,61110
690715,238.5,239,238,238.625,5770,61215
690716,238.5,238.625,238,238.5,5835,62775
690717,238.875,239.5,238.5,239,7985,64000
690718,238.75,238.75,237.5,237.875,5135,63490
690722,237.625,238.125,237.5,238,4885,62865
690723,238,238,237,237,5190,64070
690724,236.5,236.75,235.5,235.75,7640,63305
690725,234.5,234.625,233.75,234,13435,64935
690728,234.125,234.375,233.5,233.5,6670,64865
690729,233.25,234.25,233.125,233.875,8010,64055
690730,234,235.5,234,235.5,8480,63865
690731,235.375,235.75,235,235.25,3700,63725
690801,235.125,235.25,234.625,234.875,2720,64315
690804,234.625,234.875,234.375,234.875,5300,64070
690805,234.625,235.375,234.5,235.25,4035,64295
690806,235.375,235.875,235.125,235.5,4485,64420
690807,235.25,236,235.25,235.875,4360,65080
690808,235.75,237,235.75,236.875,8640,66625
690811,236.5,237,236.25,236.625,5675,65555
690812,236.25,237,235.25,236.75,9210,65210
690813,236.5,236.75,236,236.5,3425,65185
690814,236.625,237.75,236.5,237,8450,65320
690815,236.75,237.25,236.25,236.375,7190,65715
690818,236,236,235.125,235.25,6475,65180
690819,235,235.5,234.625,234.625,6210,66195
690820,234.5,235,234.25,234.375,4980,66080
690821,234.5,235.5,234.5,235.125,5560,66470
690822,235.25,235.75,235.25,235.25,4355,66720
690825,235.25,235.875,235,235.75,4140,67630
690826,235.75,235.75,235.125,235.25,3410,67835
690827,235.125,235.75,235.125,235.75,3055,67985
690828,236,236.5,235.875,236.25,4295,67945
690829,236,236.75,235.75,236.5,5645,68570
690902,236.375,236.375,234.75,234.875,6860,67150
690903,234.75,235.875,234.625,235.25,5960,66965
690904,235.25,236,235.25,235.75,4115,67225
690905,235.75,236.25,235.75,235.75,4960,67185
690908,235.5,235.625,235.25,235.375,4155,66445
690909,235.375,235.625,234.875,235.25,4165,66780
690910,235.375,235.625,235.125,235.5,3640,67685
690911,235.75,236.5,235.25,236.375,8115,69735
690912,236.625,238.125,236.625,237.625,14160,70935
690915,237.625,238.25,237.25,238,10745,71335
690916,238.375,240.375,238.25,240.25,26065,75465
690917,240,240.5,238.75,238.875,19955,76730
690918,238.75,238.75,237.875,238.25,17645,77130
690919,237.875,239.25,237.875,239.125,13080,78125
690922,237.75,238.375,237.375,238.25,15140,74805
690923,238.625,239,237.75,238,15970,73085
690924,238,238.5,237.5,237.75,15665,74290
690925,237.375,238.875,237.375,238.5,14835,76670
690926,238,238,236.375,236.5,26365,76235
690929,236.875,237.625,236.75,236.875,12105,76295
690930,236.25,236.75,236.25,236.375,14875,74385
691001,236.25,236.75,236.125,236.25,14335,71025
691002,236.5,237.5,236.375,237.25,11250,73250
691003,237.75,241,237.75,240.125,34300,74400
691006,240.25,242.125,239.625,240.25,31600,72605
691007,239.875,240.75,238.875,239.125,24785,67885
691008,238.625,239.875,238.625,239.625,17250,67950
691009,239.75,241.5,239.75,241.125,21560,64910
691010,241.5,241.75,240.25,240.25,19250,65395
691013,242.5,246,242.5,243.25,19395,63775
691014,243,244,242.25,243,15905,62820
691015,243.125,245.125,242.875,244.75,15595,63210
691016,244.75,244.875,243.5,243.75,15715,59585
691017,243,243.875,243,243.5,15960,57310
691020,243.5,244,243.125,243.5,17040,55445
691021,243.5,245.375,243.375,243.75,20815,54705
691022,243.625,244.5,243.625,244,14450,54095
691023,244,246.25,244,245.25,22445,52815
691024,245.75,248,245.75,247.375,20990,52885
691027,246.25,246.625,243.75,244,24670,54675
691028,243.25,244,242,242.125,20710,51635
691029,242.25,243.875,242.25,243.5,21160,46735
691030,244,244.5,243.625,243.75,14435,44320
691031,244,244.25,243.375,243.75,18865,42130
691103,243.5,244.25,243,243.125,15740,34940
691104,243,243.5,242.625,242.75,18030,31120
691105,242.25,242.5,241.625,242.25,16590,29910
691106,242.25,243.625,242.25,243.125,16160,24885
691107,243.625,244.375,243.375,243.75,9835,21880
691110,244.25,245.125,244.125,244.5,8800,19735
691111,245,245.75,245,245.625,6525,17505
691112,245.625,246.125,245.125,245.875,6110,16415
691113,245.75,248,245.75,247.125,5320,14385
691114,247.5,247.75,246.25,246.25,6735,10545
691117,246.75,247.25,245.375,245.5,5965,7990
691118,246,246,245,245.75,12345,2295
