690523,247.125,247.5,246.5,246.625,35,190
690526,246,246.5,245.75,245.75,1105,1285
690527,245.625,246.5,245.625,246.5,1445,2720
690528,246,246.375,246,246.375,230,2880
690529,245.625,245.625,244.5,245.125,205,3035
690602,245.25,245.375,245,245.375,70,3105
690603,245.125,245.125,244.75,244.875,585,3620
690604,244.5,244.75,244.5,244.625,35,3635
690605,244.5,244.875,244.375,244.875,45,3655
690606,244.875,245.375,244.875,245.375,135,3725
690609,245.25,246.875,245.25,246.625,675,4110
690610,246.25,246.875,246.125,246.25,415,4220
690611,246.125,248,245.75,247,405,4465
690612,246.75,249,246.75,248.625,1930,5290
690613,248.875,249.125,248.25,248.375,1870,6915
690616,247.75,248.5,247.75,247.875,845,7245
690617,247.625,248.125,247.625,248.125,335,7485
690618,248.125,248.875,248,248.875,1040,8090
690619,248.875,249,247.875,248.5,2310,8645
690620,248.25,248.5,248.125,248.5,390,8650
690623,248.5,248.875,248.375,248.5,1230,9265
690624,248.375,248.375,247.875,248.125,520,9560
690625,248,248.75,247.75,248.75,335,9615
690626,248.5,248.5,248,248,250,9605
690627,248,248,247.5,247.625,430,9685
690630,247.375,248.125,247.375,248.125,120,9710
690701,247.875,249.5,247.875,248.25,605,9880
690702,248.125,248.875,248.125,248.25,675,10100
690703,248,249.25,248,249.25,430,10185
690707,249.875,250.875,249.5,250.625,2900,11760
690708,250.75,250.75,249.375,249.5,2165,12390
690709,249.25,249.875,249.25,249.875,2690,13620
690710,249.75,249.75,249.25,249.375,1385,13345
690711,250,250.25,249.625,249.875,1620,13975
690714,250.25,252.5,250.25,251.625,1410,14495
690715,251.75,252.25,251.375,251.875,2055,14550
690716,251.75,251.875,251.25,251.625,1045,14175
690717,252.125,252.625,251.625,252.5,860,13960
690718,252,252.125,250.875,251.25,760,14180
690722,251,251.75,251,251.75,320,14170
690723,251.75,251.75,250.25,250.25,960,13965
690724,249.75,249.875,248.625,248.875,1300,14040
690725,247.25,247.5,246.625,247,1665,14110
690728,247,247.125,246.125,246.25,1100,14440
690729,245.875,247,245.875,246.625,1405,14360
690730,246.75,248.5,246.75,248.375,1650,14290
690731,248.375,248.375,247.875,248.125,900,14320
690801,247.75,248.125,247.5,248,350,14245
690804,247.75,247.875,247.25,247.875,810,14085
690805,247.5,248.125,247.375,248.125,1235,14300
690806,248.125,248.5,247.875,248.125,1085,14315
690807,248.125,248.625,248,248.375,560,14515
690808,248.375,249.5,248.375,249.5,680,14660
690811,249,249.75,249,249.25,710,14755
690812,248.75,249.5,248,249.25,695,14765
690813,249.25,249.5,248.875,249.375,245,14715
690814,249.375,250.375,249.375,249.5,895,14955
690815,249.25,249.625,248.75,248.75,1515,15045
690818,248.25,248.375,247.5,248,1045,15550
690819,247.875,248.125,247.25,247.375,955,15620
690820,247,247.5,246.75,246.75,790,15825
690821,247,248,247,247.5,2040,17035
690822,247.625,248.25,247.625,247.625,625,17050
690825,247.625,248.25,247.625,248.25,350,16810
690826,248.125,248.25,247.375,247.375,1320,17490
690827,247.25,248.125,247.25,248,620,17755
690828,248,248.625,248,248.625,725,17650
690829,248.125,249.125,247.875,249,865,17735
690902,248.375,248.375,246.75,247,540,17835
690903,246.625,248,246.625,247.25,1275,18960
690904,247.5,248.25,247.375,248,1255,19720
690905,248,248.5,248,248,795,19975
690908,247.75,247.75,247.5,247.75,855,20200
690909,247.75,248,247.25,247.5,715,20390
690910,247.375,247.875,247.375,247.75,220,20500
690911,248,248.875,247.75,248.875,1370,20925
690912,249.25,250.75,249.25,250.375,2360,21340
690915,250.25,250.625,249.875,250.625,2675,22160
690916,250.75,252.875,250.75,252.25,4070,22845
690917,251.5,252.5,250.5,250.625,2495,23260
690918,250.375,250.75,249.75,250.5,2295,23540
690919,250,252,250,251.75,1870,23855
690922,250.5,251.125,250.5,251,1670,24540
690923,251.25,252.5,251.25,251.25,3875,25270
690924,251,251.875,251,251.375,3630,26590
690925,251.125,252.625,251.125,252.125,2600,26185
690926,251.5,251.5,250.125,250.375,3520,26360
690929,250.75,251.25,250.5,251,1800,26695
690930,250.25,251,250.25,250.75,2535,27200
691001,250.625,250.875,250.25,250.25,3180,28945
691002,250.5,251.75,250.5,251.75,4480,29900
691003,252.25,255,252.25,254.625,9690,33190
691006,255,256,253.875,254.375,8740,33925
691007,254.25,255.25,253.625,253.875,6835,33445
691008,253.625,254.75,253.25,254.625,5640,32875
691009,254.875,256,254.625,255.5,6095,33915
691010,255.75,256.125,254.875,254.875,6255,34415
691013,258,259.75,257,257.5,7445,35680
691014,257.5,258,256.75,256.75,3610,37790
691015,256.75,258.625,256.5,258.25,4130,36240
691016,257.5,257.875,256.5,256.625,3010,36510
691017,256.125,256.875,256,256.5,2055,36505
691020,257,257.125,256.25,256.625,2425,37515
691021,256.875,259,256.625,257.625,3210,38195
691022,257.625,258.375,257.625,257.875,2280,38670
691023,258.25,259.25,257.875,258.625,5420,39960
691024,259,260.875,259,260.75,6310,40305
691027,259.25,259.75,258,258.25,6165,41570
691028,258,258.375,256.5,256.5,6780,43230
691029,257,258.5,257,258.375,5735,43720
691030,259,259.25,257.75,257.875,3070,44020
691031,258,258.625,257.625,258.25,2660,44505
691103,258.625,258.875,258,258.125,2510,45090
691104,258.5,258.625,257.75,258,3420,45270
691105,257.5,257.875,257,257.875,3925,45205
691106,258,258.875,257.75,258.25,2900,45695
691107,258.75,258.875,258.25,258.25,3160,45940
691110,258.5,260,258.375,259.75,3620,46340
691111,260,261.125,260,260.875,5400,46640
691112,261,261.625,260.25,261.5,5685,47520
691113,261.125,263.25,261.125,262.625,8595,48815
691114,262.5,263,261.25,261.75,4620,50315
691117,261.625,261.75,260.25,260.25,4400,50505
691118,260.5,260.75,260,260,4535,50785
691119,260,260.125,258.75,258.75,3880,50895
691120,258.375,259.5,258,259.5,4305,50440
691121,259.5,259.75,258.75,258.75,3115,49905
691124,258,258.25,254.625,254.625,10155,48845
691125,254.75,255.75,254.75,255,6795,46925
691126,255,255.5,254.875,254.875,3135,47120
691128,255,255.625,253.25,253.375,3735,45885
691201,253,254,252.25,253,5345,46465
691202,252.875,253.875,252.875,253.875,2875,46400
691203,254.375,255.75,254.25,255.75,3445,45910
691204,256.5,256.5,254.5,254.5,4135,47110
691205,254.25,256.375,253.75,255.75,3820,47275
691208,255.375,256,255.125,255.25,2670,47020
691209,255,255.625,254.875,255.125,1690,47535
691210,254.75,255,254,254,4120,47335
691211,254.125,254.75,254,254.25,3690,48140
691212,254.75,255.25,254.625,255.25,6335,47980
691215,255.625,257.125,255.625,256.375,4660,47930
691216,256.75,257,256.375,256.5,3370,48170
691217,256.5,257.5,256.5,257.375,2860,48520
691218,257.75,258,256.875,257,3680,48255
691219,256.875,257.75,256.875,257.375,4915,46985
691222,256.5,256.5,254.75,254.875,2860,48330
691223,255,255.375,254.5,254.875,2980,46905
691224,255,256.5,255,256.25,1755,46685
691229,256.625,257.375,256.625,257.25,4355,46865
691230,257.625,257.75,256.125,256.125,3760,46620
691231,255.75,256.625,255.75,256.25,2500,47210
700105,255.5,256,254.75,254.875,5515,46505
700106,254.75,255.875,254.75,255.75,4805,46060
700107,256,257.125,256,256.625,5680,46550
700108,257,257.75,256.75,257.625,5065,46890
700109,258,258.5,257.25,257.375,6640,46810
700112,257.5,258.75,257.5,258.75,3615,47315
700113,258.75,259.25,258.125,258.125,7190,48180
700114,258.75,259,258.25,258.5,4905,48380
700115,258.75,259.25,258.75,259.125,5965,48175
700116,259.75,260,259.25,259.875,6435,49060
700119,260,260.625,260,260.375,6375,49380
700120,260.125,260.375,257.625,257.625,5685,49710
700121,258.25,259.75,257.625,259.5,8190,49795
700122,259.875,260.125,259.125,259.375,6710,49275
700123,259.625,259.625,258.5,259,4190,49735
700126,259,259,257.25,257.625,7685,49435
700127,257.5,258.375,257.25,258.125,6505,48815
700128,258.125,258.625,257.75,257.75,6270,48660
700129,257.75,258.125,256.75,256.75,7475,47775
700130,257,258.25,256.875,258.25,4155,48010
700202,258.5,259.375,258.25,259.25,6350,48645
700203,259.375,259.75,258.875,259,4125,48860
700204,258.75,259.375,258.625,259.375,5020,49400
700205,258.25,259.75,258.25,259.625,6145,48875
700206,259.625,259.875,259.25,259.375,2760,49245
700209,259.125,259.25,258.75,258.875,2450,48910
700210,258.625,258.75,258,258.125,3515,49150
700211,258,258.75,257.875,258.5,5460,48900
700212,258.75,259,258.625,258.75,3430,48750
700213,258.625,258.875,258.25,258.375,2040,48760
700216,258,259.125,258,258.875,4990,49110
700217,259.125,259.75,259.125,259.25,6310,49600
700218,259.625,261.75,259.5,261.625,11195,51470
700219,262,262.25,260.875,260.875,9225,53600
700220,261,261.5,260.5,261.5,6030,53325
700224,261.625,263,261.625,262.875,7810,52920
700225,263.25,263.5,262,262.75,11190,51225
700226,262,262.25,260.75,261.5,8265,50240
700227,261,261.5,260.875,261,9105,49560
700302,260.75,261.75,260.75,261.625,8090,47970
700303,261.75,262.5,261.375,262.375,7665,47815
700304,261.75,261.875,259.5,259.5,12440,46400
700305,259.875,260.75,259.875,260.5,7695,46210
700306,260.75,261.25,260,260.125,6705,46060
700309,259.75,260.125,258.5,258.625,7580,45435
700310,258.5,260.25,258.5,259,8085,45105
700311,258.875,260.625,258.875,260.5,5895,44565
700312,260.5,261.75,260.5,261.25,6590,43635
700313,260.75,261.125,260.625,260.625,4270,42880
700316,260,260.625,259.5,259.5,2915,42985
700317,259.625,261.25,259.625,261,4950,42185
700318,261,261.5,260.5,260.5,4925,41635
700319,260.125,260.5,259.375,259.875,4615,41645
700320,259.25,260.25,259.25,259.875,6870,40870
700323,259.5,260,259,259.375,3635,40435
700324,259.75,259.75,259.125,259.125,5995,39605
700325,259,259.5,258.75,259.375,9260,38230
700326,259.375,260.125,259.375,259.5,4700,37395
700330,259.5,259.75,258.875,259.25,3725,37920
700331,259.25,259.75,259,259.25,3410,37755
700401,259.5,260.875,259.5,260.25,4510,37955
700402,260.5,260.625,259.875,259.875,3745,36955
700403,260.5,261.875,260.5,261.375,6600,36980
700406,261.625,262,261.375,261.875,3980,37015
700407,262,262,260.875,260.875,2700,36510
700408,260.875,261.75,260.75,261.75,5895,34290
700409,262.125,263,262.125,262.25,6385,33140
700410,262.25,263.25,262.25,263.25,4385,32860
700413,263.375,264.5,263.375,264.375,4025,32260
700414,264.875,264.875,264.125,264.375,6810,33005
700415,264.375,264.375,263.25,263.375,4705,31895
700416,264,264.25,263.375,264.25,3970,31335
700417,264.5,264.625,263.875,264,3115,31390
700420,264,264.5,263.75,263.875,2735,31130
700421,263.75,266.125,263.625,265.625,5770,31535
700422,265.875,265.875,264.375,264.5,5425,29515
700423,263.75,265.25,263.75,265.125,2775,29055
700424,266.5,266.875,265.125,265.375,5065,26945
700427,264.875,265,261.5,262.375,6485,25120
700428,262.625,264.25,262.625,263.25,7270,21790
700429,263,263.125,262.125,262.875,5010,19955
700430,262.875,264.5,262.875,264,8930,15870
700501,264,265.375,264,265,6150,11345
700504,264.875,265.25,264.125,264.25,4395,11075
700505,263.75,264,263.25,263.25,3125,10005
700506,263.375,263.625,263,263.125,3735,8990
700507,263,264.25,262.75,264,2330,8430
700508,264.25,266,264.25,265.875,2045,7560
700511,265.625,266.375,265.625,266.25,2540,6890
700512,265.75,266.125,265.375,265.375,1795,5995
700513,265.25,265.875,265,265.125,2560,5055
700514,265.75,266.125,265.375,265.75,1660,4675
700515,265.625,268.125,265.625,268.125,1225,3815
700518,268,268.25,267.625,268,2240,2545
700519,269,270,265.75,268.25,2630,800
