701104,281.75,282.75,281.75,282.75,5,1610
701105,285.5,285.5,285.5,285.5,0,1610
701106,286,287.5,286,287.5,10,1615
701109,289.5,289.5,289.5,289.5,0,1615
701110,290,291.5,290,291.5,10,1625
701111,290.5,291.75,290.5,291.5,45,1660
701112,291.5,291.5,291.25,291.25,10,1670
701113,291,291.75,291,291,80,1720
701116,291.25,292.25,291.25,291.25,405,2000
701117,291.75,291.75,291.25,291.75,20,2000
701118,291.75,292.75,291.75,292,615,2425
701119,291.625,292.25,291.25,291.25,50,2445
701120,291.25,292.25,291.25,291.25,120,2470
701123,291.75,292.25,291.75,292.25,20,2455
701124,288.5,288.5,288.5,288.5,0,2455
701125,288.25,288.25,288.25,288.25,0,2455
701127,288,290.5,287.75,290.5,50,2505
701130,291,291.625,289,289.5,65,2510
701201,289.5,290.5,287.5,289.75,10,2510
701202,290.25,290.625,288.5,288.5,60,2510
701203,288.5,289.25,288,289,135,2615
701204,289.5,290.5,289.5,290.375,80,2590
701207,290,290.375,289.625,290,210,2575
701208,289,289.75,287.75,287.875,340,2645
701209,286,286.75,284.375,284.75,145,2735
701210,284.25,284.375,282.625,282.625,95,2785
701211,283.75,284.25,282.5,282.5,85,2750
701214,281.375,282,281.25,281.625,230,2855
701215,282,285,282,285,270,2895
701216,285.25,286.375,285.25,285.875,95,2960
701217,285.25,285.75,284.375,284.5,450,3200
701218,284.5,285.625,284.5,285.625,385,3515
701221,282.75,283,282.75,282.75,25,3505
701222,280.25,281,280,281,75,3515
701223,283,283,282,282.25,585,3720
701224,283,284,283,283.75,30,3730
701228,283.75,284,282.875,282.875,45,3720
701229,284,284,283.5,283.75,55,3730
701230,284,284,282,282,445,4040
701231,282.25,283,282.25,282.25,260,4100
710104,282.25,282.625,282.125,282.5,30,4100
710105,283,284.25,282.875,284,540,4395
710106,285,285.75,284,284.25,195,4485
710107,284.625,285.25,284.25,284.5,385,4625
710108,285.5,287.25,285.5,287.25,330,4710
710111,287.375,288.5,286.75,287.5,235,4845
710112,288.25,290.875,288.25,290.875,585,4985
710113,291.25,293.25,291.25,292.5,475,5210
710114,291.5,292.5,291,291.75,245,5380
710115,292.25,297.25,291.5,297.25,520,5680
710118,294.5,298,294,294.25,590,5705
710119,294.5,298.625,294.5,298.625,1010,6425
710120,298,300,298,299.75,425,6610
710121,300,300,295.5,295.5,330,6770
710122,296,297,295.625,297,325,6885
710125,296.5,297.25,295.5,296.25,590,7095
710126,296.75,297.75,294.5,296.5,1920,8195
710127,297,297,293,293.5,420,8300
710128,293,295,291.75,292,1775,8940
710129,292.75,294,292.125,293.75,710,9270
710201,293.75,294.25,292.875,293.875,415,9220
710202,293.5,296.25,293.5,295.75,1605,9625
710203,296,296.25,295,295.5,430,9720
710204,294.5,294.75,293.5,294.25,245,9690
710205,294.5,295.25,294.25,294.25,180,9755
710208,294,294.875,293.125,293.625,485,9740
710209,293.375,295.75,293.375,294.625,1165,10100
710210,294.75,294.75,292.25,292.5,210,10080
710211,294.5,297.375,293.25,293.25,1550,10230
710212,293,294.25,292.125,293.75,510,10100
710216,293.25,293.25,289,289.125,655,10060
710217,289.5,289.75,288.125,289.75,520,10140
710218,288.5,289.375,288.5,289.375,355,10140
710219,289.5,290.625,289.375,289.375,465,10175
710222,290,290.5,288.75,289,760,10565
710223,289.25,290.25,289.25,290.25,110,10575
710224,289.5,289.75,287.625,288.75,310,10675
710225,288.625,289.625,288.25,288.375,275,10615
710226,288.5,288.625,287.75,288.125,285,10490
710301,287.75,288,287.25,287.25,75,10515
710302,287,288,286.75,287.75,300,10590
710303,287.875,288.375,287.625,288.125,280,10650
710304,287.375,287.75,287.125,287.75,40,10645
710305,288.75,289.25,287.875,288,195,10560
710308,286.25,287.5,286.25,287.5,1430,11365
710309,288,289.375,288,289.375,255,11475
710310,289.75,291,289.625,290.5,925,11400
710311,290.625,291,289.5,289.75,285,11410
710312,289.5,291,289.5,290.875,1045,12190
710315,290.5,293,290.375,292.25,845,12490
710316,291.625,292.75,291.25,291.5,1270,12910
710317,294.25,295,290.25,290.25,1900,13190
710318,291.75,292.375,290.5,292.125,1035,13075
710319,291.75,292.5,290.625,291,575,12960
710322,290.625,293.25,290.375,293,780,13070
710323,291.75,293.5,291.75,293.375,495,13100
710324,293.375,294.375,293.375,294.125,620,13370
710325,293.875,294,293.125,294,345,13505
710326,294.125,294.125,293.125,294,460,13645
710329,293.75,295.25,293.75,295.25,670,13970
710330,294.75,295.625,291.5,292.875,1705,13995
710331,292.625,292.875,291.875,292.75,720,14145
710401,291.75,291.875,290.5,291,995,14170
710402,291,292.25,290.75,291.375,940,14270
710405,290.375,290.375,288.25,288.75,875,14565
710406,288.875,289.125,287.375,289,650,14405
710407,290,290,288,288.25,725,14665
710408,287.25,288.625,287.25,287.25,2375,15135
710412,287,287.25,286.25,286.75,1155,14970
710413,287.25,288.375,287.125,287.125,1955,15370
710414,287.625,288.625,286.875,287.375,1095,15555
710415,287.375,287.625,286.5,287.25,425,15565
710416,287,287.25,286.375,286.5,140,15600
710419,286.5,288,286.125,287.125,1590,15600
710420,287,290,286.75,289.375,575,15710
710421,289,289.25,288.375,289,865,15760
710422,289.625,290.125,289.25,289.375,440,15720
710423,290.5,290.5,286.5,287.25,825,15785
710426,286.75,287.75,285.625,286.625,2110,15770
710427,286,287.375,285.875,286.25,2200,15820
710428,286.75,287,285,285.125,1040,15005
710429,285,286.375,284.875,286.125,740,15180
710430,287,287.75,285.75,287.625,1255,15600
710503,287.625,287.875,286.875,287.875,285,15525
710504,287.75,288.25,287.125,287.625,690,15790
710505,288.25,291.75,288.25,291.125,2115,15705
710506,290.875,293.5,290.5,293.375,2905,15690
710507,293,293.125,291.375,291.375,1320,15535
710510,291,292.625,290.5,292.25,280,15570
710511,291.75,293.5,291.625,292.5,2425,15215
710512,292.5,294.25,292.5,293.625,1725,15400
710513,293,293,291.5,291.75,950,15740
710514,291.375,292.875,291.375,292.5,1115,16135
710517,292.25,294,292.25,293.375,595,16255
710518,293.25,293.25,290.625,291.5,830,16670
710519,291,292.75,290.875,292.75,350,16795
710520,292.625,299,292.625,297.5,2765,16640
710521,297.5,302.125,297.5,302.125,2015,16555
710524,302.25,303,301.375,302,1580,16660
710525,303.25,307.75,303.25,307,3540,17520
710526,306,306.5,304,306.5,2130,17745
710527,305.5,309.625,305.5,309.5,2505,17790
710528,308.25,309.875,306.625,307.5,3350,17950
710601,307.25,309.5,306.75,307.5,2235,18545
710602,307.25,307.25,304,304.5,3900,20185
710603,305,307.5,304.75,306.5,3715,19160
710604,306.875,308.375,305.875,307.25,2630,18490
710607,306.5,310.625,306.5,310.625,3355,19955
710608,310.25,313.75,309.625,313.75,3015,19835
710609,313.75,314.75,311.75,313.25,2905,20140
710610,316,317,312.25,312.25,3785,20980
710611,312.25,312.5,309.75,309.875,2145,21110
710614,309,314,308,313.875,2720,21050
710615,313.75,315.375,312.75,315.25,3355,21050
710616,315.75,322.25,315.75,320.5,5840,23280
710617,320.75,322.75,319.5,321.25,4490,23510
710618,320.5,324,320.5,323.25,2980,23520
710621,322.5,323.25,320.25,320.5,4350,24360
710622,321.25,326,319,326,3740,24460
710623,327,327,323,323,6245,24245
710624,321.25,321.75,317.25,321.25,6350,24600
710625,321.5,322.75,320.875,321.25,5250,25605
710628,323.25,326.75,322.875,324.5,4730,26400
710629,324.25,327.75,323.75,326.75,6990,27145
710630,324.75,325.75,323.25,324.5,3580,27375
710701,323.75,327.5,323.75,327.25,4345,28160
710702,329,333.75,328.5,330.75,6220,29625
710706,328,329.75,327.75,329.75,4075,30230
710707,333.75,334.25,332,332.5,6140,30675
710708,331.5,332.25,329.75,330,3505,31370
710709,329,329.75,328,328.75,4020,31965
710712,338.625,338.625,337.25,338.625,6645,34720
710713,341.5,342,338.25,338.25,6850,34330
710714,338.5,346,336.375,341.25,7090,35775
710715,342.25,344.125,339.75,341.125,5030,36865
710716,343,345.875,342.75,344,5595,37860
710719,344.25,344.25,340,340.25,5325,38000
710720,339,342,336.25,337.125,7800,37185
710721,336.25,339,336.25,337.75,6060,37560
710722,338.75,341.75,338.125,340.875,4355,37150
710723,344,345,330.875,331.5,7590,38035
710726,332,334,327.75,328.25,12205,39325
710727,329.5,331.25,326.5,330.25,10375,39480
710728,330,330.25,327.75,328.375,5485,40070
710729,327,327,323.5,325.5,8760,40155
710730,325.5,327.5,324.75,324.75,4270,39870
710802,326,326.625,324,326,4875,39410
710803,327.75,328.25,325.875,327.875,4180,39325
710804,328,328,321.25,322.5,5985,40010
710805,321.75,321.75,318.125,318.5,6805,40725
710806,316.5,322.875,316.25,321,6325,41425
710809,321.25,322.875,320.625,322.625,4100,41990
710810,322.375,322.875,321,321.5,4530,42525
710811,321.5,324.5,321.125,323.25,5670,43120
710812,320.5,321,316.125,319.5,9735,43300
710813,319.5,320,317.5,319.75,3510,42955
710816,323,328,321.25,324,9970,42280
710817,324.25,331.75,323.25,331.5,7585,41890
710818,331.875,336.25,329.75,332.75,11785,41400
710819,331,331,327.75,328.625,6670,40155
710820,329.5,330,326.5,328.875,7010,39540
710823,329.25,329.25,324.75,325.625,6030,39990
710824,325.5,327.5,322.625,326.75,8415,40750
710825,325.5,329.5,324.75,327,7045,40850
710826,326,326,320,320.5,9155,41045
710827,321,322.75,318.625,322,8895,41870
710830,322.5,322.5,317,319.625,10545,42825
710831,319.25,321.5,318.25,318.875,9200,44890
710901,318,325.25,318,325,11720,44955
710902,326,329.25,325.5,328.25,8705,45540
710903,328,329.125,326.5,328.375,10185,46630
710907,327.5,331.5,327.125,330.75,10985,46780
710908,329,329.5,324.5,325.375,12800,46750
710909,324.25,325.875,322.875,324.875,12525,47245
710910,325.5,325.5,323.5,324,8045,46565
710913,322.5,323,317.375,317.75,15920,48430
710914,318.25,319.5,316.25,319.125,15555,47615
710915,319.25,320,315.25,315.25,13135,47740
710916,315,315,312.25,313.125,11315,47315
710917,314,314.375,310.75,311.5,12015,48095
710920,312.5,313.5,309.75,310.75,10010,48765
710921,311,311.5,308.25,310.5,14720,48490
710922,311,313,310.25,312.375,10865,48820
710923,312,312.5,309.75,310.25,9895,48860
710924,310.5,314.125,309.125,312.875,16020,50330
710927,314.5,317,314.5,315.875,13085,50625
710928,314.25,316.375,314.25,316.125,13870,51825
710929,315.75,316,312.75,314.25,9365,52465
710930,312.25,314,311.25,313.625,9125,52675
711001,313.75,315.375,313,314.5,12815,54170
711004,313.5,313.625,310.5,310.5,12920,52655
711005,311.5,312,310,311,15520,52350
711006,311.5,314.125,311.125,313.5,12080,52575
711007,312,319.25,311,318,20965,52510
711008,318,321.75,317,319.5,19910,53420
711011,319.25,322.5,319.25,320.75,16970,55310
711012,320.5,320.5,318.375,319.125,11900,54790
711013,320.5,325,318.75,322.625,24880,56585
711014,324,325.75,322.625,325,18505,57315
711015,326,329.25,326,326.875,24160,57315
711018,327,327.75,324,324,19740,57915
711019,324,329.5,323.75,329.25,23725,58895
711020,330.5,332,325.5,326,31485,60590
711021,326.5,330,324.5,328.75,23240,61585
711022,330.5,330.5,326.625,327.75,18325,63510
711025,329,329,324.5,327.375,20955,65760
711026,327.5,328,320.75,321.25,29280,67295
711027,321,323.25,320.25,321.5,22675,69300
711028,322,324.25,322,323.875,21740,70070
711029,324.5,325.5,322,323.25,26000,72690
711101,321,322,318,318.625,21615,75400
711102,318.5,320.5,317.75,318,15485,75930
711103,317.25,319.875,317,319.125,20030,78965
711104,318,321.625,317.375,320,22005,79790
711105,321,325.625,320.5,323.75,20350,81670
711108,325,325.75,322,322.375,23800,83570
711109,323,323.625,320.5,320.875,27610,84880
711110,320.25,321.125,317.875,318.25,35840,86650
711111,317.5,317.75,315.5,315.75,35770,89500
711112,312,312,305.875,305.875,46640,86385
711115,305.5,307,302.375,304.5,36435,83245
711116,306.75,308.75,306.25,308,33695,82685
711117,308,309.125,306.875,309,23910,81745
711118,309.25,310.25,306.75,309.5,24005,80465
711119,309.75,310,307.75,308,14055,80030
711122,307,307.5,305,306.625,15920,79405
711123,307.125,311,305.125,310.75,23770,75660
711124,310,314.625,310,313.75,22855,72045
711126,314.5,314.875,311.25,313.875,12540,70800
711129,313.75,313.75,310.375,311,14035,69625
711130,309.75,310.5,308.25,310.5,14125,72470
711201,312,314,310.625,312.25,16850,67080
711202,313,314.125,311.75,312.25,15110,67125
711203,313,316.75,312.25,315.5,19995,66720
711206,314.75,315.5,312.75,313.375,11065,65400
711207,312.75,312.75,310.625,311.125,15560,63940
711208,311,313,310.75,312.75,11100,62590
711209,314,315.5,311.75,312.375,11190,60180
711210,310.5,311.875,309.75,311.625,10235,59185
711213,311.25,313,310.75,310.875,7265,59890
711214,311.75,314.25,310.125,313.75,15770,57370
711215,314,316.125,313.125,314.25,18180,56100
711216,315,317.125,314.75,315.375,13585,55050
711217,316.5,317.875,315.75,317,12610,54115
711220,318.5,318.5,314,314.25,12000,52275
711221,313.75,315,313.5,314.75,8510,50615
711222,315,315.5,313.75,314.625,7500,49280
711223,314.375,315.5,314,315.375,2660,48470
711227,314.5,315,313,313.75,10695,47190
711228,312.75,313.125,311,311,13505,44870
711229,310,311.5,309.5,311.375,12760,40455
711230,311,311.875,311,311.25,13285,37115
720103,310.75,311,306.125,306.375,22305,24130
720104,305.25,307.125,304.5,304.5,13140,19665
720105,304.625,308.5,304.625,308.5,13880,14925
720106,308.5,310.125,306.625,309,10870,15465
720107,309.5,310.875,308.5,309.125,5665,12375
720110,308,308,305.75,306.75,3385,10375
720111,306.75,307.625,306,307.625,2570,10305
720112,307.875,308.5,302.75,302.875,4585,8520
720113,303,303.5,301.25,302.5,1875,7150
720114,303.75,304.875,302.5,303.125,2450,6320
720117,312,313.125,310.25,312,3465,5265
720118,311,311,308.625,309.375,3035,4510
720119,308.5,310.75,308.5,310,3380,2765
720120,310.25,312.625,310.25,312.125,1925,870
