720925,323.75,327.5,323,327.5,150,100
720926,328.5,330.5,328.5,330,105,125
720927,330.12,330.12,328,329,150,195
720928,330.25,332,330.25,332,40,215
720929,334.75,335.5,334.5,335.12,340,400
721002,331.75,331.75,329,329.5,480,725
721003,331,331,330.25,330.62,155,720
721004,331,331,329,329.5,295,805
721005,330,331.75,329.25,331,115,845
721006,330.37,330.37,329,329.5,205,935
721009,327.75,328,326.62,326.62,450,1165
721010,326.62,328.5,326.62,327,105,1175
721011,328,329.5,327.12,329.5,65,1205
721012,329.37,329.5,328.12,329.25,400,1430
721013,325.5,326.5,324.25,324.5,1480,2420
721016,325,327.75,325,327.5,1025,3065
721017,327.5,328.5,327,327.12,1065,3650
721018,327.5,328.75,327,327.87,615,3780
721019,328.25,328.75,327.5,328,95,3825
721020,328.25,328.5,326.62,328,315,3935
721023,328.75,328.87,327.87,328.5,330,4155
721024,328,331.5,327.62,331.25,595,4400
721025,331.75,331.75,330.5,331.25,320,4585
721026,331.5,334.5,331.5,333,925,4895
721027,333.87,336,333.87,334.87,1060,5210
721030,336,339,335.75,338.5,675,5295
721031,337.75,337.75,333.5,333.62,1810,5655
721101,334.5,337,334.25,336.5,1120,5850
721102,337,338,334.37,334.5,1865,6560
721103,334.25,335,333.62,333.75,990,6735
721106,331.5,333.25,331,332.5,490,6725
721108,333.25,336.5,333.25,335.87,670,7185
721109,337,337.62,333.75,334.37,2690,8655
721110,332,333,332,332.75,1080,8545
721113,335,339,335,338.75,2160,8855
721114,339.75,342.5,339,340,4250,10725
721115,339,341,337,340,3845,12090
721116,340.25,341,337.5,338.75,2385,12555
721117,338.5,339.25,335.75,338.5,2570,12975
721120,339,339,335,336,4585,13965
721121,335.75,338.25,335.25,337.87,4045,14195
721122,335.75,336.75,334.25,334.25,2580,14515
721124,335,340,335,338.75,6065,14590
721127,339.25,345.5,339.25,343.25,7760,15970
721128,341,344.75,339.5,344,6835,17525
721129,343,344.75,342.75,344,4295,18310
721130,343.25,344.5,342,342.25,4580,19800
721201,346.5,347.5,343.25,343.75,6015,21330
721204,346.5,350.25,344,349.25,8175,22255
721205,353.5,355.5,350.75,354,9875,23825
721206,355,359.5,354,354.5,9840,25890
721207,356,361,355,359,5810,26675
721208,367,369,364,368.5,9430,28235
721211,370.5,373,360,363.5,14560,31665
721212,366.5,370,364.75,368.5,10945,34185
721213,370,372,358.75,358.75,10035,36435
721214,356.75,358,348.75,349.5,13145,36635
721215,352,352,342.5,342.5,11805,35050
721218,340,340.25,332.75,332.75,14015,36200
721219,333,338,330.5,334.5,15030,36245
721220,341,343,337.75,340,8380,35640
721221,344,347.5,343.25,346.25,8815,37440
721222,340,347,338,340,5380,38525
721226,344,346,339,343.5,5910,38595
721227,343.12,352,342.75,349,5685,38735
721229,355,356.5,353.25,354.5,4790,39605
730102,356.75,357,351.25,352,5675,38960
730103,353.5,355.5,350.75,355.5,3075,38850
730104,356.5,356.5,349.25,351,5670,40080
730105,351.25,355,351.25,352.25,4640,40320
730108,351.87,354.5,351,352,5300,40685
730109,351.5,355.75,351.5,355.5,3650,40680
730110,360,365,358.5,364.5,8545,41725
730111,357.5,360,354.5,354.5,9445,42575
730112,353.5,354,345.25,345.5,12670,44520
730115,348.5,349,346,346.5,8835,45565
730116,356.62,356.62,356,356.62,3750,46220
730117,357,362,352,354.5,16755,49535
730118,354,359,351.5,354.75,12960,52190
730119,360,360,354,357.75,15650,53240
730122,363,364.5,357.5,361.75,13800,53595
730123,362,366.75,359,366.5,11880,54310
730124,365,369,364,367.62,14890,56560
730126,377.62,377.62,376.25,376.25,15935,58825
730129,377,377,366.25,367.75,21775,60290
730130,367.5,368,361,361.37,20085,64915
730131,360,365.25,360,361.25,15440,64430
730201,355,366,355,364.62,19805,64905
730202,366,374.5,366,371.5,23710,66330
730205,372,380.5,371.5,377.87,20330,69730
730206,382.5,386,380.5,383.25,4340,17075
730207,375,381,373.25,377.87,21325,71320
730208,377.75,378.5,370,370.62,22060,72335
730209,369,375.5,363,371.5,16225,70780
730212,370.5,381.5,370,381.5,13215,70250
730213,391.5,391.5,391.5,391.5,1490,70775
730214,401.5,401.5,401.5,401.5,5050,71900
730215,410,411.5,409,411.5,6285,72925
730216,421.5,421.5,421.5,421.5,8315,73245
730220,415,424,406.5,406.5,26435,75910
730221,395,402,392.5,398.37,21225,74795
730222,410,413.62,402.5,412.5,18745,76220
730223,421,427.5,417,427.37,22170,74225
730226,422,428.5,415,416.75,18725,75715
730227,412.5,415,403,405.25,17300,76825
730228,404,411,401,405.75,16365,77510
730301,416,420.75,412,420.75,16150,77520
730302,435.75,435.75,422,427.5,17410,77635
730305,418,423,414.5,418,19035,77785
730306,420,428.25,416,423.5,15500,77950
730307,423.12,431,419,425.5,14360,79410
730308,424,425,412,412.37,13910,81490
730309,407,416,406,415,11500,81195
730312,413,422.87,405,406,10040,81545
730313,400,403,391,391,17815,85400
730314,385,396.75,377.5,392.75,23950,86730
730315,407.75,407.75,402.5,407.75,12305,85510
730316,398,412.5,397,408.25,16875,84680
730319,408,408,396,398.12,18655,84135
730320,397,405,397,403.75,13415,82565
730321,408,409,399.5,402.75,15820,83455
730322,405,413,405,413,18670,81935
730323,415,415,406,408.25,14735,81695
730326,409.5,409.5,400,404.5,12575,81205
730327,398.5,403,392,395.25,19035,81980
730328,392,398,390,395,19990,83170
730329,394.5,400,394.5,399.25,16145,83025
730330,403,406,396.75,397.87,11660,83370
730402,401,412.87,398.5,412.87,10955,85160
730403,417,423,415.5,418.12,22335,87430
730404,421,424,414.25,422.12,22980,88875
730405,418,425,418,421.87,23915,90290
730406,422,423.5,410,411.25,29345,86645
730409,415,417,404.5,415.25,18775,86630
730410,416,416,409,410.62,16110,86125
730411,407,412.87,407,412.12,14020,85775
730412,414.5,421.75,413,419.75,22475,87305
730413,420,423,417,420.75,16580,85990
730416,422,429,420.25,427.62,17870,88075
730417,428,429.75,424.25,428.25,17660,88240
730418,427,439,421.75,438.25,24470,90590
730419,437.5,438.25,432,432.25,24870,92590
730423,435,435,430,434.12,13215,93960
730424,429,433,429,431.87,13810,93370
730425,446.87,446.87,444,446.87,10530,96330
730426,461.87,461.87,454,457.5,18485,98240
730427,452,455.5,445,448.5,27185,99010
730430,452.5,459,448.25,458.62,26955,99235
730501,466,473.62,466,469.75,27330,98180
730502,464,466,454.75,455.37,23885,98910
730503,453,461.5,453,459.5,24710,99140
730504,456,459.5,450.5,454,18720,99420
730507,456.5,464.75,453.5,462.5,22235,98795
730508,461,482,458.5,471.5,30405,97965
730509,474,491.5,474,491.5,26550,98340
730510,506,511.5,485,496.5,30175,98080
730511,486,486,476.5,476.5,22790,96245
730514,470,475,459.5,472.5,26720,95520
730515,484.5,490,474,478.75,32510,92370
730516,472,474.5,458.75,462.25,23955,93945
730517,449,459,444,457,25370,96115
730518,455,476,455,476,17670,93760
730521,496,496,496,496,1705,93560
730522,516,516,508,516,18725,96575
730523,536,536,526,536,19865,95495
730524,556,556,551,556,11605,96515
730525,576,576,576,576,1540,96155
730529,616,616,616,616,6710,98575
730530,656,656,606,613.5,42720,98840
730531,595,631,580,629.5,29775,97205
730601,660,669.5,628,638,27995,87285
730604,650,678,630,678,23035,86885
730605,718,718,672,677.5,26530,84375
730606,650,685,637.5,637.5,20785,81500
730607,597.5,610,597.5,597.5,13490,78335
730608,602,625,578,595,16030,79275
730611,597,635,594,635,15765,81305
730612,650,672.25,643,662,17850,80560
730613,647,660,630,642,11360,81645
730614,630,665,602,602,18350,81015
730615,600,603,562,572.5,17965,82345
730618,580,612.5,580,612.5,10855,82195
730619,600,652.5,600,652.5,17235,81965
730620,673,673,653,660,20785,82670
730622,700,700,660,665,14685,84070
730625,675,675,640,652.5,10865,84180
730626,645,645,612,612.5,14070,84115
730627,605,628,588,612.5,16590,86345
730629,572.5,595,572.5,592.5,15685,86960
730702,601,627.5,594,622.5,7505,87215
730703,620,620,594,596,12070,86795
730705,593,605,561,572,20660,89975
730706,560,573,555,561,13360,91065
730709,567,568,555,563.5,12810,91255
730710,563,579.5,561,569.5,21250,93955
730711,556,598,556,595,17780,96270
730712,610,635,605,635,21610,96300
730713,660,675,650,675,15950,97325
730716,695,715,693,715,9680,98645
730717,740,755,676,702.5,30330,101230
730718,685,738,677,729,15480,101095
730719,769,769,769,769,2830,102340
730720,809,809,755,757.5,18135,103830
730723,745,790,745,763,19260,105505
730724,762,781,730,746,16910,106385
730725,750,786,748,786,17740,105980
730726,805,826,746,746,26575,107110
730727,735,753,712,732,15660,106565
730730,722,772,716,772,15665,106455
730731,785,812,785,812,16585,105190
730801,825,825,772,772,20170,105215
730802,750,780,735,754.5,21735,103870
730803,760,778,735,739.5,18610,103385
730806,742,779.5,735,779.5,20145,102440
730807,790,806,754,756.5,28370,103215
730808,755,787,752,771,21590,103005
730809,777,810,773,809,24605,104010
730810,849,849,849,849,2145,103550
730813,889,889,889,889,2085,103345
730814,929,929,875,901.5,25355,103465
730815,885,885,861.5,861.5,12295,102840
730816,825,832,821.5,821.5,6895,102530
730817,845,860,800,835.5,20815,102235
730820,843,859,796,796.25,19050,101875
730821,786,786,756.25,763.5,19000,99125
730822,772,775,732,735,22485,98765
730823,726,746,702,741,28795,99150
730824,760,781,750,781,20345,99780
730827,789,794,741,741,14720,97945
730828,701,704,701,701,12015,95430
730829,690,730,681,728.5,21235,94150
730830,718,731,695,712,22505,94060
730831,705,717,683,701,16825,94830
730904,692,695,681,681,10410,95570
730905,661,661,661,661,1255,94970
730906,641,670,641,656,16730,94405
730907,672,674,649,661,19190,93835
730910,660,668,647,651.5,19350,92945
730911,648.5,656,647,650.5,13105,90810
730912,630.5,630.5,630.5,630.5,1675,90490
730913,610.5,619,610.5,614,13305,89350
730914,629,629,614,618,14070,88895
730917,629,638,626,630.5,14010,89080
730918,623,624,611,611.5,12775,88405
730919,601,620,599,616,15530,88665
730920,622,636,619,636,13740,88880
730921,636,645,632,639,18495,84660
730924,643,659,643,659,10040,86300
730925,679,679,665,679,16795,86900
730926,685,685,660,660,16390,86105
730927,651,666,641,642.5,17500,85820
730928,650,654,644,645,16700,84665
731001,655,656,628,634,20350,84570
731002,629,629,614,614,13770,84195
731003,620,632,610,625,25035,84735
731004,624,624,605,605,15070,83225
731005,595,605,590,596.5,16440,82185
731009,609,616.5,606,616.5,14855,82485
731010,629,636.5,629,636.5,12120,82625
731011,640,656.5,637,649,28430,81800
731012,641,641,629,629,10760,80725
731015,609,609,609,609,1965,80895
731016,589,589,589,589,3505,80220
731017,570,576,569,569,19915,76960
731018,556,561,549,549,28380,75540
731019,546,553,541,551,27635,74555
731022,556,561,544,545,27510,72995
731023,541,552,540,549,24395,72805
731024,553,569,553,562,22645,72090
731025,575,575,550,565.5,29570,68315
731026,568,569,552,555,22160,65720
731029,545,545,535,535,16570,60325
731030,520,541,518,531.5,37520,58355
731031,536,551.5,534.5,545,29285,48955
731101,543,550,535,545,18460,38220
731102,546,548,534,534.5,23005,43495
731105,532,544.5,522,535.5,20775,43950
731106,540,546,527,536,16165,42360
731107,533,549,532,542.5,16255,35575
731108,550,562.5,550,562.5,11335,35495
731109,562,562,542.5,545.5,16080,29815
731112,552,560,540,555,10170,27230
731113,558,568,553,557,15325,23265
731114,548,551,542,550,11990,19925
731115,549,564,545,547,17655,12005
731116,548,562,546,561,7145,8565
731119,567,578,565,567,6015,4315
731120,572,577,568,569,6965,1320
