750418,574,576,574,574,50,150
750421,570,570,567,568,305,445
750422,563,563,549,549,5,450
750423,551,552,548,549.5,20,455
750424,553,556,549.5,549.5,45,470
750425,550,553.5,550,551,20,455
750428,546,546,532.5,536,45,495
750429,534,540,532,535,1555,2045
750430,532.5,539.5,532.5,536,620,2615
750501,531,532,525,528,1480,4090
750502,529,532,528,529,15,4100
750505,520.5,520.5,511,511,1015,5065
750506,514,514,505.5,509,695,5575
750507,514,518,510,510,1905,7175
750508,507,511.5,505,510,285,7300
750509,508,515,508,510,10,7035
750512,510,511.5,506,511.5,95,7330
750513,512.5,521,511,520,260,7535
750514,520,527,517,523.5,100,7595
750515,514,518,514,517,15,7595
750516,511.5,515,511.5,515,490,8010
750519,508,521,508,519,165,8115
750520,518,539,517,521.75,1470,9490
750521,522.5,537,521,533.5,415,9875
750522,535.5,537.5,533,535,455,10290
750523,531,532,527,531,120,10325
750527,520,520.5,511,511,535,10610
750528,504,513,503,507,1140,11055
750529,507,512,505,510.75,1350,11685
750530,513,514,507,511,560,11625
750602,504,506,501,501,730,12655
750603,498,507,498,505.5,980,12925
750604,506,514.5,506,508,205,12950
750605,506,507,503,504,660,13155
750606,501,501,500,500,330,13290
750609,500,508.5,500,508.5,1520,13995
750610,511,514,506.5,506.5,670,14330
750611,506.5,511,505,509,390,14435
750612,504,506,502.5,504,725,14985
750613,502.5,508.5,501.5,507,995,15555
750616,505,515,505,513.5,940,15735
750617,516,529,516,523,275,16360
750618,519,524,518,521,735,16795
750619,518,522,518,522,1475,18120
750620,526,535,526,533,755,18430
750623,533,538,528.5,529.5,1095,18605
750624,527,530,526,530,1125,19385
750625,533.5,537,526,526.5,735,19890
750626,525.5,531,525.5,530,120,19940
750627,532,532,520,520.5,755,20145
750630,518.5,520,515,519,175,20165
750701,522.5,522.5,512,512,380,20165
750702,513,519.5,513,519.5,185,20195
750703,523,537,523,537,195,20240
750707,532,546,530,530.5,1895,21505
750708,534,550.5,534,550.5,4590,25065
750709,559,565,552,559,3595,25230
750710,558,579,555,567,2975,25560
750711,575,587,572,587,2070,25920
750714,589,599,577,578,5330,28790
750715,577,585,571,579,1560,29250
750716,582,593,575,592.5,1040,29195
750717,596,596,576,577,1355,29065
750718,575,576,563,563,1415,29055
750721,567,583,566,583,845,29285
750722,589,594,580,585,1335,30030
750723,581.5,583.5,577,582,2440,30530
750724,584,602,584,601.5,4155,32220
750725,615,621.5,612,620.75,4110,33430
750728,638,640.75,634,640.75,5155,34460
750729,657,661,640,650,6915,34610
750730,640,640,620,620,7900,37150
750731,613,616,600,607,1630,36730
750801,616,617,607,616,3405,37120
750804,626,636,626,635.5,2720,37300
750805,630.5,633.5,625.5,629,1740,37310
750806,622,639.5,621,639.5,1090,37220
750807,659.5,659.5,652.5,659.5,5050,37565
750808,651,664,641.5,643,1220,37835
750811,638,640,623,623,1235,37720
750812,616,643,616,640,1330,37325
750813,640,645,631,634,1720,37735
750814,627,643,626,642.5,985,38150
750815,653,662.5,650,662.5,1925,38430
750818,661,665,642.5,644,4715,39125
750819,645,660,638.5,660,1755,38950
750820,679,680,660,660.5,3430,39625
750821,656,666,643,645,5685,40245
750822,645,650,638,648.5,2815,40585
750825,652,654,637,646,2065,41595
750826,644,644,626,626,3615,42025
750827,615,626,607,621,3190,41950
750828,621,628,602,602.25,3605,42505
750829,604,611,592.5,595,4105,42225
750902,590,591,575,589,6320,45595
750903,596,602,584,597,2115,45025
750904,594.5,602,592,597.25,2400,46085
750905,591,601.5,591,600,805,46395
750908,592,592,582,582,2735,46795
750909,580,585.5,571,578,3465,47135
750910,587,593,583.5,590.5,6035,50390
750911,586,590,580,581,1430,50485
750912,596,601,592,601,2070,51115
750915,601,605,593,597,2390,51390
750916,600,610,598,608,3415,53190
750917,611,628,610,628,3360,53585
750918,637,637,616.5,620.5,4960,54180
750919,625,635,616,616,3005,55255
750922,614,614,596,599,3090,55315
750923,604,605,592,595,2655,55710
750924,593,600.5,590,599,3140,57360
750925,600,613,600,608.25,4055,58245
750926,609,611.5,603.5,604.5,2920,58890
750929,596,600,590,590.5,2005,59525
750930,590,598,589.5,596.25,3730,60200
751001,598.5,604,596,598.75,2730,60685
751002,595,596,578.75,579,4280,61180
751003,575,578.5,571.5,573.25,5495,61545
751006,570,572.5,565,567.75,5860,63730
751007,572,577,570,570.5,5395,66095
751008,575,590.5,571,580.5,5855,67315
751009,579,581,572,578.5,3755,67450
751010,582,583,577,578.5,2725,68200
751013,559,567,558.5,558.5,4475,68550
751014,556,567.5,551,561.25,8935,69070
751015,567,568,555.5,557.5,6085,68790
751016,555,570.5,555,567,7625,70250
751017,567,570,556,557.5,7415,72235
751020,556,566,553,555.5,3800,73170
751021,556,559.5,535.5,535.5,6390,74585
751022,535,540,531,538.5,7830,74720
751023,537,538,525.5,528.25,5205,74575
751024,530.5,545,527,528,9170,75395
751027,523,524,508.5,510.5,10340,76790
751028,510,517.5,507.5,517.25,9890,77645
751029,519,525,518,523.25,5310,77750
751030,522,529,520.5,527,7630,80275
751031,525,526,517.5,522.25,6190,79035
751103,517,517,507.5,509.25,5010,79610
751104,510,512.5,504,512.5,6810,81020
751105,517,521.5,515,521.25,5855,82410
751106,522,523,513.5,520.5,2985,82165
751107,518.5,526,516,520.5,4795,82345
751110,513.5,513.5,506,511.75,6845,82745
751111,516,520,495,496.5,9530,85025
751112,495,503,489,502.25,12220,85090
751113,505,507,493,502.25,5405,86255
751114,500,506,500,502,4980,85970
751117,503,503.5,497.5,497.75,3860,85315
751118,494,494.5,481.5,482,7355,84700
751119,477,484.5,473.5,484.25,10835,85565
751120,487,488,481,483.25,7185,86215
751121,487,492,486.5,491,6180,87405
751124,495,511,495,510.5,12945,88010
751125,514,514,494.5,499,20710,88240
751126,501,505,494.5,504,8730,88960
751128,504,512,501.5,502.75,4620,89575
751201,501,505,497,502.25,4850,90165
751202,503,518,500,510.5,9970,91290
751203,511,514,507.5,508.25,6815,92385
751204,518,522,508.5,508.75,12520,93520
751205,505,506.25,500,500.75,10635,93950
751208,497,497,482,482.5,12675,96525
751209,482,488,475,486,15330,96905
751210,485,488,481.5,482.75,6930,96680
751211,483,486.5,481.5,485,4460,96730
751212,478,479,465.5,465.75,13340,97690
751215,463,465.5,457.5,463.25,13760,97120
751216,468,475,466,472.75,7875,97470
751217,474,478,470.5,472.25,9330,98245
751218,475,475.5,467.25,468.75,9435,98765
751219,467,479.5,466.5,479.25,10910,99505
751222,478,480,475.5,476,5275,99975
751223,475,475,470.5,470.75,6755,98615
751224,467,475,467,475,4090,98980
751229,474.5,475,465,465,8220,99205
751230,464.5,470,463,465.75,13545,101755
751231,464,469,463.5,468,8975,101630
760102,468,468.5,464,465.75,9450,98560
760105,467.5,485.75,467.5,477.75,23140,93640
760106,477,482,472,472.75,16595,91350
760107,476,484.5,475,483,12610,89635
760108,490,491.5,482.5,484,16650,87685
760109,482,486.5,481,483.5,11215,85805
760112,483.5,497,480,496.5,16410,86245
760113,495,499,490.5,491.5,13895,85705
760114,493,493.5,487.5,490.75,10560,84775
760115,496,499,490.5,491,12190,83735
760116,495,496.5,491.5,495.75,14320,83290
760119,497,505,495.75,502.5,12715,83865
760120,503,504,497,499.25,18895,81405
760121,499,502,497,501.75,6775,81155
760122,500,500,483,483.25,16735,80010
760123,481,487.5,481,485.25,11110,80505
760126,470,470,465.25,465.25,9140,79925
760127,467,469.5,461,467,18070,81315
760128,467,471.5,465,471.25,8980,79970
760129,470,475.5,470,474.5,10055,79120
760130,475.5,478.25,471,476,11100,80390
760202,479,486,479,484.5,14650,79935
760203,482,489.5,477,488.5,14255,80130
760204,490,490,480,482.75,13145,81060
760205,479,488,478.5,485.25,14030,81880
760206,485.5,492,484,486.75,18890,82840
760209,488,488,482.5,484.5,9425,83790
760210,482,495,482,493.5,15295,84565
760211,493,496,484,485,21440,86535
760212,498,499,488.25,491.75,25505,90195
760213,489,491.5,486,490,16840,90270
760217,493,495,490,491.75,13355,90385
760218,493,494.5,487,489,19265,91470
760219,490,496.5,488.5,494.5,17765,92510
760220,492,494,489.5,489.75,23905,94890
760223,492,494,489.5,490,18795,93845
760224,490,490,481,487,37770,95300
760225,489,489.5,484,487.75,33020,95820
760226,487,491,485,485.75,34270,99650
760227,490,494.5,485,486.5,50165,106365
760301,487,489,483,487.75,34045,111730
760302,485,485,480.25,480.75,32780,114805
760303,480.5,484.25,480.5,483.25,25060,115480
760304,480.5,489.5,480.5,488.25,29375,116955
760305,488,490.75,486.5,487.25,26240,119200
760308,484,489,483,488.25,25220,120815
760309,490,492.75,487.75,489.75,35235,122870
760310,489,491,486.5,489,25605,123245
760311,488,489,486,486.25,21065,121975
760312,485,486,482,482.25,24985,121150
760315,482,482,474,474.5,38400,119605
760316,473,478,471.5,474.5,37695,117610
760317,473.5,478.75,473.5,477.25,27385,116140
760318,479,482.5,478.5,480.75,29130,115600
760319,479.5,484.5,478,483.75,31060,115415
760322,484,487,480.25,481.25,27850,117240
760323,481,482,474.25,475.25,37850,113780
760324,474.5,480,474.5,478.5,20540,112210
760325,478,480.5,474.75,475.75,20515,111850
760326,475,475.5,472,473.25,16055,110430
760329,472,472,466.75,468.25,23820,109650
760330,470,474,469.5,473,15105,110205
760331,473,473.5,469.5,469.75,18510,107850
760401,467.75,472.5,466.5,472.25,22840,106460
760402,472.5,475,469,470.5,17270,105065
760405,468.5,474,466.75,472.25,22975,102055
760406,473,477,473,476.25,21510,101960
760407,475.5,480,474,474.75,26210,101120
760408,476,482,475,481.25,25900,97920
760409,479,481.75,478,480.25,27345,95860
760412,478,489.5,477.75,488.5,38830,93855
760413,486.5,486.75,482.75,483,27355,91050
760414,483,488.5,481.5,481.75,30220,90395
760415,483,488,483,486.25,20030,85620
760419,484,489.5,483.25,487.75,30175,86310
760420,486,493,485.75,487.5,43405,81005
760421,485.5,487.75,484.5,485.25,23955,76630
760422,486.5,488,485.5,486.25,19525,72690
760423,486.5,487,477.75,478,24355,68770
760426,477,480.75,475.75,477.5,22560,66165
760427,480,481.25,478,479,30315,60135
760428,478.5,484.5,478.5,481,35700,56265
760429,484,484.75,478.5,479.25,34050,51965
760430,477,481.25,477,478,32790,39670
760503,479,482,478,480,17845,32630
760504,481,484,481,482.75,16240,31705
760505,484,489.25,484,485.75,22700,28335
760506,487,490.5,486,489.75,9125,22290
760507,493,501.75,493,501.5,13345,18490
760510,503,509.5,502.5,505.75,10850,12880
760511,509,511.5,503.25,511.25,9620,10420
760512,513,517,509.5,511,7875,7370
760513,508,515,508,515,4485,6460
760514,520,523,517.5,522.25,5185,5970
760517,523,536.5,522,531.5,4415,5925
760518,530,534,525,529.25,2265,2770
760519,529.25,530,523,526,905,1535
