750519,514,527,514,526.5,5,10
750520,525,546.5,525,527.5,5,5
750521,527.5,542,527.5,542,25,15
750522,540,543.5,540,541.5,5,15
750523,537,539,532,539,5,15
750527,520,520,519,519,25,20
750528,512,517,512,512,20,20
750529,514,517,512,514,30,30
750530,515,517,511,517,155,185
750602,506,506,506,506,0,185
750603,511,511,511,511,0,185
750604,510,520,510,515,5,190
750605,512,514,510,510.5,20,170
750606,506,507,506,507,10,175
750609,505,515,505,515,5,175
750610,516,517,513,513,5,175
750611,513,516,512,515,10,185
750612,510,510,510,510,0,185
750613,510,514,510,513,5,185
750616,511,519,511,519,10,195
750617,523,535,523,530,5,195
750618,527.5,530,525,527,10,205
750619,528,528,528,528,0,205
750620,529,540,529,539,10,215
750623,535.5,535.5,535.5,535.5,0,215
750624,533,534,533,534,300,215
750625,532.5,532.5,532.5,532.5,0,215
750626,536,536,536,536,0,215
750627,528,528,528,528,0,215
750630,526,526,526,526,0,215
750701,519,519,519,519,0,215
750702,526,526,526,526,0,215
750703,543,543,543,543,0,215
750707,547,548,537,537,25,210
750708,557,557,557,557,0,210
750709,567,567,561,565.5,2005,2210
750710,565,585.5,562,574,1520,3710
750711,584,594,579,594,75,3770
750714,597,606,584,585,610,3370
750715,581,590,578,586,10,3375
750716,591,600,583,600,285,3525
750717,604,605,583,584,55,3535
750718,581,581,569.5,570,10,3540
750721,577,590,577,590,15,3550
750722,597,599,587,592,125,3570
750723,586,586,586,586,0,3570
750724,606,606,606,606,0,3570
750725,615,626,615,625.5,175,3595
750728,640,645.5,640,645.5,20,3600
750729,659,659,644,654,35,3605
750730,639,639,624,624,1795,4200
750731,616,616,605,609.5,10,4210
750801,620.5,620.5,620.5,620.5,0,4210
750804,640.5,640.5,630,639.25,75,4250
750805,631,634,629,632,25,4235
750806,642,642,642,642,0,4235
750807,661.5,662,656.5,662,20,4235
750808,660,664,646,647,20,4235
750811,637,640.5,627,627,10,4235
750812,642,647,637,644,5,4240
750813,646,648,637,639,30,4255
750814,632,647,632,647,670,4630
750815,659.5,667,659.5,667,15,4615
750818,668,670,647,648,30,4620
750819,664,664,664,664,0,4620
750820,680,681,664,665,35,4635
750821,660,671,647.5,647.5,30,4630
750822,647,652,642,651,30,4635
750825,642,648,642,648,20,4650
750826,642,642,628,628,25,4630
750827,620,627,611,624,220,4845
750828,629,629,606,606,315,5135
750829,609,609,595.5,598,15,5125
750902,596,596,579,592,5,5130
750903,591,604,591,600,55,5135
750904,605,606.5,603,603,300,5135
750905,599,605,598.5,605,1025,6145
750908,589,593,588,588,10,6130
750909,584,588,579,583.5,140,6230
750910,593.5,597,589,594.5,300,6360
750911,591,592,586,586,10,6365
750912,601,606,597,606,120,6470
750915,604,609,600,600.5,135,6590
750916,603,613.5,603,611.5,35,6615
750917,616,631.5,615,631.5,85,6650
750918,638,638,622.5,624.5,45,6655
750919,621.5,621.5,621.5,621.5,0,6655
750922,615.5,616,601.5,603.5,760,7000
750923,609,609,596,598,500,7200
750924,597,603.5,594.5,603,480,7185
750925,608,615,607,612,80,7225
750926,610.5,615,608,608,30,7205
750929,601,601,594,594.5,75,7210
750930,595,602,594,601,895,7655
751001,601,608,601,602,115,7720
751002,597,597,582,583,45,7695
751003,580,581,575,577.25,105,7790
751006,575,575,567.5,570.5,510,8105
751007,574.5,579,573,573,445,7870
751008,577,593,574,582.5,115,7890
751009,579.5,583,576,582.5,230,8110
751010,583,583,580,581,30,8130
751013,563,570,561,561,700,8165
751014,557.5,571,553.5,567.5,2105,8225
751015,568.5,572,561,561.5,925,8220
751016,562,574,562,571.5,1240,8595
751017,570,570,560,560.5,355,8615
751020,560,570,559,561.75,1840,8830
751021,564,565,541.75,541.75,535,9045
751022,543,546,539,546,4420,8955
751023,545.5,545.5,534.5,536,365,8895
751024,538,554,538,540,2690,10450
751027,532,532,520,520,710,10355
751028,523,527,518.5,526,2155,10465
751029,528,533,528,530,860,10635
751030,532,538,530,534,1365,11070
751031,534.5,534.5,526,529,595,11355
751103,525,525,517.5,517.75,540,11630
751104,518,520.5,512,520,1060,11965
751105,524,529,524,529,985,12375
751106,523,527,520,527,565,12490
751107,525,532,522,522,1295,13035
751110,515,518,514,517.5,400,13040
751111,521,525,503,503,1075,13260
751112,503,509,497,507.5,945,13350
751113,505.5,513.5,503,509,1050,13235
751114,508,513,508,510,1520,13375
751117,507,510,504,504,850,13355
751118,500,502.5,489,489,1700,13825
751119,487,493.5,482.5,492.75,1370,14105
751120,492,496,490,493,1520,13600
751121,496,501,496,501,680,13830
751124,506,520,506,520,1200,13950
751125,515,520,503,504.5,580,14200
751126,511,512,504,512,570,14395
751128,514,521.5,511,512,385,14315
751201,512.5,516,507,516,1185,14430
751202,514,527,511,520,1825,14015
751203,519,523,517,518.5,455,14325
751204,532,532,520,520.5,1985,14980
751205,515,516,512,512,660,14890
751208,508.5,509,495,495.5,1575,15035
751209,493,499.5,489,498.5,1630,14725
751210,497,500,494.5,494.75,1665,14940
751211,496.5,499,495,498,790,15005
751212,489,492,478,478.25,2125,15335
751215,475,476,469.25,476,3125,15210
751216,482,487,479.5,486,1385,15765
751217,484.5,490,484.5,485,710,15785
751218,485.5,486.5,481,482.5,795,15430
751219,484,490,483.5,489.75,1830,15755
751222,490,490,487,488.5,1180,16225
751223,485,485,483.25,484,480,16155
751224,481.5,487.5,481.5,487.5,345,16115
751229,482.5,483,477,478.25,1365,16265
751230,476,482.5,474.5,476.5,2585,16560
751231,476,480,476,479.5,1645,16255
760102,479.5,479.75,476,477,1395,15630
760105,480.5,494,480.5,486,2495,15215
760106,485.5,491,482.5,482.5,1645,14390
760107,486,494,486,493,735,14505
760108,498,502,493,494,525,14450
760109,491,496.5,491,494,360,14460
760112,494,508,491,507.5,1190,14935
760113,504,508,501.5,502,1770,15555
760114,503.5,503.5,499.5,502.5,1300,15870
760115,507.5,507.5,502.5,502.5,330,15580
760116,505.5,507,502.5,506.5,930,15480
760119,507,516,507,513.25,1095,16075
760120,515,515,509.5,510.5,375,16245
760121,510.5,513.5,509,512.75,170,16195
760122,510,510,495,495,1320,16160
760123,498,499,494,496,635,16020
760126,482,482,476,476,870,16065
760127,476,479,473,477.5,1795,16460
760128,477.5,482,476.5,481.75,855,16610
760129,482,486,482,483.75,270,16530
760130,485,488.5,482,486.75,305,16480
760202,491,496,490.5,496,430,16525
760203,491.5,498,488.5,498,300,16345
760204,499,499,490,492.5,1140,16255
760205,489.5,498,489.5,495,1870,15585
760206,496,501.5,495.5,497.5,745,15725
760209,495.5,496.5,493,495,175,15705
760210,493,505.5,493,505,670,15670
760211,503,506.5,496,496,385,15440
760212,503.5,509,500.5,502.5,445,15455
760213,500,502,498,502,400,15440
760217,504,506,500.5,502.5,845,15360
760218,504,506,497,501,280,15370
760219,502.5,506,500.5,506,880,15540
760220,503,505,501,501,365,15480
760223,501,505.5,501,501,145,15495
760224,496,499.5,493.5,498.25,1320,15495
760225,502,502,496,499.75,640,15460
760226,500,503.5,497.5,497.5,865,15780
760227,500.5,507,500,501.5,1485,15915
760301,502,502,496,500.75,995,16255
760302,496,497,491.5,493.25,1170,16255
760303,493,496.5,493,495.5,740,16415
760304,494.5,502,493.5,501,450,16590
760305,502,502,498.5,499,840,16885
760308,497,501,494.5,501,345,16935
760309,502.5,505,499.5,500.5,305,16875
760310,500.5,502,498.5,501.5,245,16990
760311,501.75,501.75,497,497,620,16910
760312,496,497,493,493.25,530,17055
760315,491,492.5,485,485.5,810,17210
760316,485,488.5,482.5,485,530,17360
760317,486,490,486,488,260,17485
760318,490,493,490,491.25,245,17370
760319,491.5,495,489.5,493.5,760,17265
760322,494,497,491.5,492,475,17475
760323,492.5,492.5,486.25,486.5,1300,17700
760324,486.5,491.25,486.5,490,480,17795
760325,491,492,486.25,487.25,485,17710
760326,487,487,483.75,484.25,915,17920
760329,482,483.5,479,480.5,850,17895
760330,480.5,486.5,480.5,485,1380,18345
760331,485,485.25,482,482.25,1015,17970
760401,481,484.5,478.75,483.75,1215,17915
760402,484,486.75,481,481.5,865,17545
760405,480,485.25,478,483.75,1730,17385
760406,485,488.75,485,488.25,765,17505
760407,486.5,491.75,485.5,487,615,17355
760408,487.5,494.5,487.5,494.5,2470,16820
760409,492.5,494,490.75,492.5,450,16975
760412,489,501.75,488,501.75,3195,16925
760413,498,498.5,495,495.25,430,16960
760414,495.25,500.5,494,494,970,17465
760415,494,499.5,494,498.25,1825,16580
760419,496.75,502,496.5,500,1495,16810
760420,500,505.25,498.25,501.25,2605,17600
760421,499.5,500,497.5,497.75,540,17965
760422,499,500.5,498.25,498.75,625,18010
760423,500,500,489.5,489.5,1720,18235
760426,487.5,492.5,487,489.75,1980,17760
760427,493.5,493.5,491,492.25,2045,18170
760428,492,497.5,491.5,495,3205,18530
760429,497,497.5,491.5,492.5,3715,20130
760430,492,494.5,491.5,491.5,1655,21175
760503,492.5,495.5,492,494,3400,22225
760504,495,497.25,494.75,495.5,3580,23295
760505,497.5,501.5,497.5,498,3340,23305
760506,500,502,498.5,501.75,2735,23510
760507,507,512.5,506.75,512.25,7295,24040
760510,514,519,513.5,516.25,9085,26125
760511,518,522.5,514,522.25,4790,26975
760512,521,527,520,522.25,6905,26480
760513,520,526,519.5,525.25,4760,25820
760514,529.5,530.5,525.5,529.75,7490,26150
760517,529,542.5,528.5,538.25,6290,26920
760518,534.5,538,529,535.25,4465,26430
760519,533,542,530,539,3790,26990
760520,540.5,552,540.5,546.25,7980,28190
760521,546.5,552,542,551,8590,29655
760524,557,571,555,571,7590,31100
760525,574,576.5,560,561.25,10610,31230
760526,561,581,561,579.75,12685,31350
760527,582,589,573.5,578.5,12795,29510
760528,572.5,585,570,582.75,10385,31825
760601,579,599.5,577,593,8190,32480
760602,598,601.5,589,590.25,7990,33100
760603,588,593,581,581.75,6455,33660
760604,583,590,580,585.25,6675,33160
760607,593,605.25,593,605.25,5840,34220
760608,617,625.25,615,619.75,11310,34725
760609,625,635,622.5,631.25,10745,35695
760610,651.25,651.25,645,651.25,11250,36335
760611,648,670,646,664.25,19800,39720
760614,664,682,664,680.75,12440,39585
760615,682,682,660.75,660.75,12320,39250
760616,655,665,645,645.5,16305,40055
760617,653,656,625.5,625.5,22990,38695
760618,619,631,616,619.5,11585,38185
760621,619.75,639.5,619.75,639.5,8175,39030
760622,657,659.5,646,659.25,21500,38380
760623,645,646.5,639.25,639.25,9060,38940
760624,639,659.25,631,659.25,24580,42220
760625,672,674,663,671.75,19350,42975
760628,671.5,680,665,672.5,17585,44575
760629,670,675,666,670.5,22310,45560
760630,672,680.5,664.5,672,25595,49360
760701,664,692,664,692,17215,52375
760702,712,712,712,712,3085,53205
760706,732,732,732,732,1405,53520
760707,760,760,708,713,30605,53455
760708,720,735,705,733,24310,52610
760709,741,750,735,745.5,21280,52490
760712,745,752.5,725.5,725.5,23150,54995
760713,720,729.5,711,714,21945,56110
760714,722,734,722,734,17445,57575
760715,746,746,714,714,24250,56880
760716,708,717,697,700,28475,57270
760719,699,706,680,680,14585,56610
760720,660,676,660,660,23305,54770
760721,666,671,657,662.5,19350,53125
760722,657,657,642.5,642.5,5730,52060
760723,622.5,662,622.5,660.5,12640,50540
760726,654,654,640.5,640.5,8035,48720
760727,626,637,620.5,622.5,15920,46480
760728,627,638.5,624,626.5,15970,43605
760729,622,633,616.75,622.25,24575,38350
760730,622,631,602.25,605.5,32110,36470
760802,602,609,585.5,585.5,14375,28315
760803,583,601,577,596,13770,22240
760804,606,616,606,616,12325,18705
760805,615,626,610,620,7925,16085
760806,615,624,612,623.5,7060,12350
760809,620,633,618,623.25,4350,10940
760810,625,627.5,614,617,3400,9040
760811,612,616,612,615.75,5470,8010
760812,619,629,619,628,4365,6610
760813,636,648,627,648,2240,5950
760816,647,648,640,641.5,4935,5570
760817,639,639,621.5,621.5,3375,5525
760818,617,632,617,628,1955,4125
760819,646,648,644,648,955,1200
760820,661,666,657,660,1205,645
