781121,660,662,659.5,662,15,5
781122,667,677,666.5,667,5,10
781124,671,673.5,669.5,669.5,375,310
781127,664.5,664.5,662,663,50,360
781128,662,662,655,655,160,515
781129,657.5,664,657.5,664,105,540
781130,666,669.5,666,666,170,640
781201,663,667.5,663,664,80,655
781204,657.5,657.5,657.5,657.5,0,655
781205,661,661,661,661,0,0
781206,664,667,664,666.5,20,645
781207,672.5,672.5,672.5,672.5,0,645
781208,668.25,670,668.25,670,105,745
781211,670,673,665,665,570,1145
781212,667,671.5,666.5,671.5,750,1820
781213,673,674.5,669,669,85,1835
781214,671,671.5,668,671.5,35,1845
781215,672.5,674,672,674,145,1935
781218,681,684,680,681,105,1965
781219,680.5,685.5,680.5,685.5,545,2420
781220,683,686,683,683.5,340,2645
781221,683.5,685,682,682,70,2650
781222,684.75,684.75,681.5,681.5,490,2970
781226,677.5,677.5,674,674.5,70,2975
781227,676,679,674.5,674.5,865,3655
781228,674.5,678,674.5,676,695,4235
781229,676.5,676.5,674,675.5,64,4195
790102,674,674,673,673,280,4255
790103,669.5,669.5,665.5,667.75,740,4630
790104,669.5,669.5,667.5,667.5,150,4775
790105,667,672,667,672,640,4360
790108,674,676.5,674,676.5,385,4180
790109,676,678,673,676,425,4295
790110,674,675.75,673,673,255,4350
790111,669,674.75,669,674.75,820,4690
790112,674,679,673.5,678.5,1055,5085
790115,682,687,681,685.75,950,5495
790116,684.5,685.5,680.5,681.5,685,5745
790117,673,681,673,681,560,5975
790118,682,682,680.5,682,340,6040
790119,681,694,680,693.5,850,6440
790122,696.5,698,691,691.5,1620,6910
790123,689,694,689,693.25,1925,8400
790124,695,698,686.5,687,1760,9510
790125,687.5,691,687,690,755,9535
790126,688,688.5,680.5,680.75,1440,10765
790129,677,682.5,677,682.5,420,11070
790130,685.5,693,685.5,692.75,580,11470
790131,695.5,696,689,689,5735,13570
790201,689,694.5,688.5,694.25,1330,14360
790202,692.5,700.5,692.5,700.5,1845,14975
790205,704.5,708,695.5,695.5,3280,16425
790206,699,700,690,690,800,16455
790207,704,704,695,698,3070,17920
790208,694,700,691.5,692,795,18365
790209,695,705.5,695,704.5,2890,19460
790212,699,701.5,696.5,696.75,2265,20330
790213,692,695.5,691,695.25,1020,20855
790214,699,708,697.5,708,1500,21310
790215,707.5,710,702,705,1130,22035
790216,708.5,708.5,704,704,5650,25540
790220,703,723,701,721.5,6000,27150
790221,716,721.5,711,712,4255,28035
790222,720,723,713,713,2560,28945
790223,713.5,722.5,713.5,722.25,2070,29735
790226,712,718,710,710.5,2670,29410
790227,715,718,711,717,2375,29805
790228,719,726.5,718,718,2400,29860
790301,715.5,727,715.5,726,3340,31720
790302,725,727,713,717,3565,31685
790305,713,721,712.5,720.5,2135,32690
790306,724,724,718.5,719,980,33105
790307,720.5,722.5,717,720,970,33085
790308,720,721,714,714.25,955,33550
790309,715.5,719,713.5,713.5,870,33575
790312,711.5,712.5,704,708.5,1720,33720
790313,708.5,712,704,704,1015,33900
790314,706,709,705,708.5,1500,34160
790315,711.5,714,710.5,713.5,1345,34325
790316,713.5,716,712.5,712.5,3475,36570
790319,713.5,717,713,717,1160,36935
790320,718.5,721.5,718,720,2605,37810
790321,720,723,718.5,721,960,37815
790322,724,724,717.5,718,950,37875
790323,717.5,721,717,719,745,38080
790326,723,726,722,724,1805,38830
790327,721,723,720.5,723,1290,38760
790328,724.5,727.5,724.5,726.75,1615,38785
790329,725,727.5,723,723.25,1450,38805
790330,719.5,722.5,717.5,720.25,1945,39850
790402,720,721,713,713,840,40115
790403,710.5,712.5,705,705.5,4730,40520
790404,708,714,708,713,2565,40585
790405,713.5,714,710,712.5,1480,41385
790406,713,718,713,716.25,1905,41830
790409,715,719,714.25,718,1630,41705
790410,714.5,715,710,712,2305,42400
790411,710,714,710,714,1975,42280
790412,713.5,714,707.5,707.5,1410,42110
790416,707,707,700.5,702.25,1875,42860
790417,704,707.5,702.5,707.5,4550,44190
790418,708.5,710,705.5,706.25,1725,44555
790419,705.5,707,703,706.75,1465,44630
790420,705,710.5,705,707,2325,45685
790423,704.5,707.75,704.5,705.25,2635,46225
790424,708,714,705,713.5,3190,46310
790425,715,720,714,718.25,3030,46760
790426,716.5,722.5,716.5,720.5,2760,47475
790427,720.5,728.5,719,719.75,4830,47980
790430,717.5,723.5,717.5,720.5,4145,48150
790501,720,725.5,720,721,3335,48750
790502,722.5,734.5,722.5,729.5,4640,49210
790503,731.5,733.5,728.5,730.5,4475,49920
790504,732.5,733,727.5,730.75,5510,52225
790507,728.5,728.5,720,720,12965,51175
790508,719,722.5,714,717.75,7045,49870
790509,719.5,725.5,717.5,722.25,3725,50150
790510,725,726.5,721.5,724,6590,51510
790511,726,726,718,718,6075,52105
790514,715.5,721,713.5,720.5,5655,51090
790515,721.5,728.5,721.5,727.5,4115,52250
790516,729.5,729.5,721,727.5,8675,52550
790517,725.5,734,724.5,734,4345,52170
790518,733,734.5,726,726.75,3015,52885
790521,726.5,739.5,726.5,738.25,9390,56745
790522,739,739.5,734,737.75,9470,53835
790523,735.5,737.5,731.5,734,4945,53620
790524,734,738.5,731,731.25,3590,54150
790525,733,734,728,729.25,8665,57225
790529,730,739,727.5,738.25,5145,57080
790530,735.5,738.5,734.5,735.75,7750,59625
790531,735.5,740,735,736.5,7500,60415
790601,734.5,737.5,729.5,731.75,5240,60225
790604,734.5,744.5,734.5,740.75,6960,60770
790605,739.5,743,737.5,739,6365,61145
790606,738.5,750,735,746.5,8928,63010
790607,747,763,744.5,755,12000,64305
790608,754.5,775.5,754,770.5,15625,64495
790611,775.5,800.5,773.5,783.75,18870,66170
790612,780,785.5,777,778.5,12245,67545
790613,781,796,780,791.75,11215,67930
790614,801,818.5,801,809,14555,68840
790615,813.5,825,799.5,824,15600,69990
790618,815,821,806.5,808.5,10585,70985
790619,808,822,794,801,20145,71775
790620,804,830,803,822.5,15600,72265
790621,831,835,818,822,15355,71775
790622,842,842,827,828,15880,73675
790625,827,827,813,822.5,9855,73315
790626,825,835.5,820,832,15540,74370
790627,836,836,806,809,17675,73795
790628,806,810,779,779,18610,74580
790629,755,763,749,749,16280,74350
790702,750,762.5,747,756,14600,72075
790703,759,770,756.5,769.5,9350,73865
790705,772,792,769,788.5,10915,73600
790706,785,798.5,782,797.75,16875,73845
790709,796.5,810,795,803.25,16365,74180
790710,802,803.5,775,777.75,12960,74895
790711,777,793,769.5,791.25,10690,74765
790712,782,785,761.25,761.25,12965,76910
790713,756,770,755,769.25,16765,80825
790716,774,777.5,759,765.5,8725,81830
790717,768,778,764,775,6455,85500
790718,780,786,774,774.5,7995,82330
790719,773,774.5,757,769,9885,84605
790720,772,784.5,772,783.5,12485,82270
790723,784.5,785.5,753.5,755.25,11515,83830
790724,752,761.5,742.5,761.25,15465,84315
790725,756,756.5,748.25,752.25,8280,85315
790726,750,758,746,752.75,6900,84985
790727,757,759,730.5,736.25,11215,86425
790730,728,729.5,713.5,720.5,22425,85895
790731,725,729,718.5,723.25,13905,85180
790801,727,732,721,727.75,10340,83840
790802,732,732,719.5,723.75,16135,86300
790803,720,726.5,718.5,726.25,6805,87605
790806,720,720,707,714,13950,90055
790807,715,717.5,711.5,712.25,7540,89760
790808,709,720,707,718.75,11610,89580
790809,719.5,721,715,716.5,5800,89845
790810,719,721,714.5,718,5765,90400
790813,704,706,698,705.75,11985,91700
790814,707,734,707,728,13435,92025
790815,726,730,718,719.5,10255,90855
790816,721,737.5,716,737.25,9435,92335
790817,734,741,727,730.75,9080,92630
790820,726,729,722,725.75,6185,93185
790821,727,744,727,741.5,12740,94680
790822,745,746,731.5,732.25,8785,94945
790823,731,740,728,736,8330,94510
790824,736.5,744,735,741.25,11730,94995
790827,737.5,742,729.5,731.5,7760,96185
790828,729,738,724,735.5,8910,95575
790829,732.5,748,730.5,744,13510,96945
790830,749,750,737,737.5,11500,97220
790831,735,739,733,734.75,8535,98480
790904,736,736,708,709.5,22825,103855
790905,707,722.5,705,721.75,21320,104300
790906,719,719,710.5,712.5,15015,104680
790907,708,716,708,711.75,16030,104160
790910,710,724,705,722.75,23295,107835
790911,720,722.5,715.5,716,12865,106935
790912,715,725.5,715,720.75,16165,108805
790913,727,750.75,726,750.75,21960,110645
790914,744,751,734,734.5,40415,114645
790917,731,755,728,738,24450,114255
790918,754,765,734.5,735.5,22545,115695
790919,737,742,729,734.5,20960,114840
790920,746,755,739,742,20815,116435
790921,738,744,734,739.75,18215,115565
790924,743,743,734.5,736.25,11810,114200
790925,735,735,720,721,22625,116455
790926,719,728.5,719,724.5,17935,119465
790927,740,747.5,736,744.5,34235,122075
790928,739,744,729,730,24555,123160
791001,736,754,736,740.75,30360,122990
791002,745,746,720.5,733.5,27595,122625
791003,732,737.5,725,733,23465,123870
791004,729,740,728,728.75,21100,124560
791005,730,732,725,726.75,14475,125525
791008,720,721,715.5,717,22440,128070
791009,723,725,707,707.5,40740,132675
791010,712,714,701,708.5,41945,134200
791011,703,708.5,702,702.5,27865,138530
791012,700,702.5,695,695.75,32480,141250
791015,693,695.5,676.5,676.75,38780,142705
791016,678,682,671,678,39815,144945
791017,680.5,684,678.5,683,25580,146650
791018,682,685,679,680.75,30260,150590
791019,682.5,689,676.5,677,27630,151985
791022,674,676.5,669,673.75,33090,154510
791023,677,677,666.5,666.75,27890,156330
791024,664,668,658.75,667.25,38165,156525
791025,669,671.5,664.5,667.25,33655,155710
791026,666,666.5,654,655.5,35540,156245
791029,651,666,650,660.25,53420,161945
791030,661,665,659.5,661.5,75550,168255
791031,664.5,673,664.5,667.75,87865,175230
791101,667,667,658.5,661.5,67130,174075
791102,661,671,660,665.75,88685,176435
791105,668,674.5,666,666.5,86750,178025
791106,670,672,664.5,665.5,88655,183080
791107,665,668,662.5,667,82235,187175
791108,669,671,667,669.5,54060,186905
791109,669.5,671.75,668.5,670.75,48505,186555
791112,672.5,686,672,685.75,109510,186520
791113,684,689.5,680.5,683,89765,185960
791114,686,692,686,690.5,82660,186470
791115,690.5,694,685.5,693.5,85910,184905
791116,695,695,688,691.5,71165,181880
791119,689.5,689.5,683,683.5,50150,178880
791120,683,696,681,688.5,95235,178780
791121,692,697,685,689.5,79425,184330
791123,691,692,686.5,689,36570,179535
791126,689,689,668.5,668.75,85830,178985
791127,670,676.5,668,671.5,67595,175890
791128,676,678,664,667.5,80495,175515
791129,666,674,662.5,673.5,66150,173725
791130,677,682.5,674,681.75,65700,169400
791203,686,686,675,678.75,55290,170870
791204,675,677.5,667.5,675.75,67435,172140
791205,672,677,667,669.5,70560,170845
791206,667,667.5,658,659,71180,166245
791207,657,662,656.5,659.5,57265,164130
791210,658,661.5,655,661,45210,160895
791211,663,671,663,670.5,63155,159200
791212,667,669,664,665.5,39905,156990
791213,667,672.5,664,665,49290,153800
791214,662,672,660,668.5,58115,153515
791217,664,666,658.5,659.25,51260,152065
791218,661,665,659.5,661.5,35485,144325
791219,662,667.5,661.5,667,34010,135575
791220,662.5,669.5,662.5,667.75,44420,128075
791221,667,670,666,668.25,29145,125095
791226,671,671,663,664.5,35725,117695
791227,665,669.5,652,653.5,55875,110375
791228,651,656.25,650.5,652.5,82300,96570
791231,652,655.5,641,641.25,52755,88145
800102,641,645.5,637.5,641.5,77525,63785
800103,642,649,642,647.5,50975,49215
800104,646,647.5,641,643,36585,38830
800109,613,616,613,613,30510,43175
800110,604,633,604,631.75,33345,36170
800111,628,640,627,639.75,24410,27415
800114,636,641,631,640.5,19020,21185
800115,641.5,643,638,639.75,10005,15815
800116,632,647,632,638.75,13520,15800
800117,639,666.5,638,661.75,9200,12330
800118,658,665,655,655,8920,7270
800121,657,663,649,649,6805,3945
800122,649,649,642,648.5,1785,3340
