790322,740,740,735,735,330,330
790323,735.5,737.5,735.5,735.5,35,360
790326,740,741.5,738.5,741.5,910,1060
790327,737,739.5,737,739.5,30,1085
790328,743.5,744.5,743.5,744.5,5,1090
790329,742,744,741,741,110,1200
790330,738.25,739,736.5,737.5,595,1475
790402,736.5,737.5,730.5,730.5,120,1570
790403,729.5,730,725,725,605,2135
790404,728,731,728,731,895,2090
790405,731.5,731.5,728.5,730.5,115,2115
790406,733.25,733.5,733.25,733.5,790,2265
790409,734.5,735,733,735,25,2260
790410,728,729,728,728.5,95,2280
790411,727,730,727,730,55,2295
790412,729,730.5,725,725,20,2290
790416,722.5,723,719.5,719.5,30,2290
790417,721,724.5,721,724.5,760,2595
790418,725,727,725,725,505,2645
790419,724.5,727,721.5,727,45,2630
790420,725,728.5,724.5,726,95,2725
790423,725,727,725,725.5,685,3085
790424,727.5,733,725,732.5,160,3090
790425,735,739,735,739,680,3095
790426,736.25,741,736.25,738.5,695,3590
790427,741.5,747,738,738,355,3820
790430,737.5,741,737.5,739.75,775,3940
790501,739,743.5,738.5,739,1140,4710
790502,742,751.5,742,748,440,4685
790503,751,751,748,748,545,4755
790504,749,750.5,747.5,749,865,5255
790507,746.5,746.5,737.5,741,560,5555
790508,738,741,734,738,1390,6125
790509,739.5,744.5,737.5,741,1945,7065
790510,745,745,741,742.5,235,7170
790511,740,740,737,737,130,7200
790514,735,738.5,734,738.5,320,7305
790515,741.5,748,741.5,746.25,925,7690
790516,749.5,749.5,740,747.5,1075,8060
790517,744.5,753,744.5,752,1020,8190
790518,751,753.5,745,745,795,8320
790521,745.5,760,745.5,758,2635,9455
790522,758,758.5,754,755.5,625,9675
790523,754.5,756.5,751.5,753,450,9855
790524,755.5,757.5,751,751.5,940,10405
790525,754,754,748.5,748.5,3290,12035
790529,749.5,759,747,758.5,2840,13035
790530,756,757.5,754.5,754.5,885,13645
790531,758,759,756,756,580,13625
790601,753.5,757,749,751,1570,13895
790604,754.5,764,754.5,761,2505,15175
790605,760,761,757,757.5,690,15445
790606,756.5,769,756.5,766.5,4090,17700
790607,766.5,782.5,764,775.5,4955,20260
790608,778,794,775,788.5,5730,22525
790611,797.5,818,792,805,2180,23095
790612,801.5,805.5,795,798.75,4000,23315
790613,801.5,815,801,811.5,3260,24625
790614,824.5,835.5,824.5,827.5,4365,25255
790615,828.5,835,819,835,3735,24815
790618,834,836,823.5,824.5,3305,26405
790619,824,837,812,820,3665,27375
790620,824,847,823,839,3580,28785
790621,850,850,833,837,3705,29740
790622,859,859,841.5,842.25,6210,33175
790625,835,839,828,834.25,4755,34205
790626,836,848,834,845.5,4815,35620
790627,846.5,846.5,819.5,820.75,2965,36880
790628,819,822,794,794,3510,37430
790629,764,780,764,764,10485,39795
790702,776,778,767,772,3835,38880
790703,774,785,771.5,784.5,1000,38675
790705,789,808.5,785,804,2125,39205
790706,804,812.5,795,812.5,2410,39215
790709,809.5,823,809.5,817.75,3420,40205
790710,817,817,791,792,3605,41255
790711,788.5,806,783,806,1875,42030
790712,794,798.5,776,776,1970,42415
790713,771,784,770,783,5795,42040
790716,784.5,790,774,778.5,2485,42320
790717,781,791,778.5,791,2420,43025
790718,800,800,791,791.5,3050,43775
790719,786,787.5,772,783,2605,44250
790720,787,798.5,787,798,3320,44750
790723,800,800,768,768,4100,44670
790724,766.5,775,758,775,5250,45600
790725,767,773,765,768.5,2970,45220
790726,769,774.5,762,771,2980,45895
790727,774.5,777,747.5,754.25,3175,46040
790730,737,744,730.5,736,15190,47970
790731,741,747,737,738.75,6975,49380
790801,745,748.5,739.5,745.5,6155,49075
790802,746,746,738,743,3920,48760
790803,738,747,736.5,746.5,2020,49365
790806,734,736,728,734,5525,49780
790807,735.5,737,731,731.5,1750,49525
790808,731,741,728.5,739,3550,49660
790809,740,741,736.5,738,1700,49315
790810,741.5,741.5,736,738.5,1510,49400
790813,722,727.5,720,727.5,3875,49670
790814,730,754,730,749.5,5120,50275
790815,746.5,751.5,740,740.5,2095,50430
790816,738.5,760,738.5,759,3445,50440
790817,756,762,751,753,2590,50900
790820,749,750,745,747,3670,51895
790821,750.5,765,750,764,5010,52505
790822,766,766,753.5,755.25,2590,53315
790823,755.5,761,750,757.5,2415,54000
790824,757.5,766,756.5,763.75,5365,54845
790827,761,763,752.5,753.5,3270,55980
790828,751,760.5,747.5,760,2760,55925
790829,755.5,771,753.5,768,6520,59210
790830,773,773,760,760.5,3975,60155
790831,758,762.5,757,757.75,1770,60375
790904,756,756,733.5,735,4045,60750
790905,736,749,729.5,748.5,9410,62095
790906,744,744,737,742,6250,63540
790907,738,743.5,737,739.5,4400,64495
790910,735,751.5,732.5,750.5,8720,66450
790911,745,749,743,743,4570,66695
790912,742,752,742,748.25,2885,67190
790913,756,778.25,753,778.25,6095,68560
790914,773,777,763.5,765,16070,70145
790917,760,780,758.5,763.75,7685,70345
790918,777,790,763,763,5765,70610
790919,763.5,768.5,756,763,5160,71900
790920,772,782,768,770.5,7360,72560
790921,764,771,762,768,3465,73170
790924,769,770,762.5,765,5580,73130
790925,762.5,763,750,750.5,6450,74520
790926,750,758,748.5,753.75,8255,75090
790927,780,782,766,776.75,13500,75985
790928,774,776.5,762,762.5,9680,76225
791001,769,788,769,774,8990,75835
791002,779,779,756.5,766.75,8945,75680
791003,766,769.5,758,765.75,7930,75395
791004,762.5,771,761,761.75,7915,76835
791005,764,764,757,760.25,5665,76545
791008,753,754,749,750.5,6885,77955
791009,758,758,743,743.5,14770,78460
791010,750,753,742,749,15300,76420
791011,747,748,741,741.75,10405,76645
791012,739,742,735,735.75,9920,76540
791015,731,735,717,718,17515,79555
791016,718,722.5,711.5,719.5,24370,83720
791017,721.5,724.5,719,722,7725,84080
791018,723.5,724,718.5,720.5,10015,84610
791019,720,730,719,719.25,9620,85020
791022,716,718,711,716.25,13985,88000
791023,718.5,718.5,709,709.25,11400,90980
791024,707,710,702.5,709.75,17950,92730
791025,710,715,707.5,711.25,11620,93685
791026,708,710.5,697.5,699.75,17670,95955
791029,695,710.5,695,705.25,15265,97805
791030,706,709,703,704.5,14495,98475
791031,705,714,705,709.75,13225,99115
791101,709,709.5,702,704.25,9905,100290
791102,705,711.5,702,705.75,12835,101560
791105,709,714.5,707,708,12815,102270
791106,714,715,707.5,709.5,15365,105295
791107,708,712,707,710.5,9770,106305
791108,713.5,714,710,713,8620,106960
791109,712,714.5,712,712.75,11710,107815
791112,714,726.5,714,726,25825,114745
791113,722,730.5,721,726.75,19800,117925
791114,731,734.5,728.25,732.5,12285,118670
791115,730,737,727,736.5,23675,118800
791116,737.5,737.5,731,735,17035,118845
791119,734,734,726.5,727.25,13540,117875
791120,726,738,724.5,731.25,22140,118080
791121,737,739.5,728.5,733,14710,121605
791123,735.5,735.5,729.5,729.75,6215,122605
791126,729,729,709.5,710,14870,124610
791127,714,717,709,711.5,17015,125420
791128,717,718,705.5,708.5,18690,131220
791129,705.5,715,703.5,714.75,19050,133500
791130,718.5,723.5,715.5,723.25,12065,134640
791203,725,726.5,717,720.75,14665,137045
791204,715,719,710.25,717.5,16650,137075
791205,714.5,719.5,709.5,711.25,14695,137745
791206,710.5,710.5,701,702,15085,137995
791207,701,704.5,699.5,702,12455,137865
791210,701.5,704.5,698,703.5,13090,138590
791211,707,714,707,713,18345,138185
791212,710,711.5,707.5,708,10040,139260
791213,710.5,715.5,707,707.5,17485,142165
791214,703,714.5,702,711.5,20050,145315
791217,708,709,703,703.5,13210,149190
791218,704,708.5,702.75,705.25,12335,150725
791219,707,710.75,705,710,18175,151130
791220,707,713,706,710.25,16885,155425
791221,712.5,713.5,709.5,711,12475,154270
791226,713.5,714,707,709.25,29100,159575
791227,709,714.5,699,699.5,39635,165930
791228,697,702,694.5,698.5,43920,171535
791231,698.5,702,686.5,687.25,34625,170810
800102,686.5,690.25,682,685.25,74955,146180
800103,687,693.75,685.25,692.25,32470,143475
800104,690,692,685.25,687.5,24320,139815
800109,657.5,658.5,657.5,657.5,30090,136360
800110,656,675.5,653,674.75,50470,134685
800111,675,682,669.5,681.5,34130,134390
800114,677,681,670.5,680.25,25485,129720
800115,681,683,676.5,678.5,27425,131935
800116,672.5,685.5,671,676.75,31880,129965
800117,676,704,676,699.5,41845,131510
800118,695,702.5,691.5,691.75,35540,132310
800121,691,699,683.5,683.75,27310,132300
800122,680,686,677.5,681.5,34645,130925
800123,684,695,684,694.5,21245,131435
800124,692,692.5,684,684.75,17340,132275
800125,685,689.5,681,682.25,16200,133050
800128,681,688,679,683.25,21770,133530
800129,686,689.5,682,682.5,14060,132640
800130,685,691,685,688.5,19800,135200
800131,690,696,684,695.5,24855,136345
800201,696,697,690,690.5,29105,137900
800204,693,706,693,703.75,32630,143185
800205,702,702,697,697.5,28015,144665
800206,700,710.5,695,696,53615,149820
800207,697,702.5,694,702,33935,147955
800208,704,704,697.5,697.75,20085,147055
800211,698,701,694.75,697.75,21540,147875
800212,696,696,687.5,689.75,35335,147425
800213,690,692,688.5,690.75,29750,147945
800214,691,693.5,681.5,682.5,37145,143845
800215,682,684,676,676.75,32595,141205
800219,673,674,662,662.5,66810,143870
800220,662,669,662,667.5,48430,145395
800221,669,672.5,666,668.5,47165,149140
800222,666,666,658.25,665.25,60110,151760
800225,665.25,670.5,664.5,665.75,51160,154215
800226,665.5,668.75,659.5,660.25,62785,161845
800227,660,668.5,658.5,667.75,89145,166180
800228,665,668.5,661,661.25,88370,172095
800229,659.5,665,656.5,657.5,103265,173175
800303,656,662,654,660.5,86485,177250
800304,663,669.5,663,666.5,92330,178720
800305,666,668.5,663,664.5,77000,179800
800306,664,668.5,654,654.5,108490,178680
800307,654.5,656,648,648.5,66030,177220
800310,643,646.5,637.5,643.5,94205,176100
800311,644,647,638.5,639.25,62630,174390
800312,641.5,645,639,644.5,74085,167145
800313,643,643,633,634.5,63640,166500
800314,633,639,632,638.5,49905,162115
800317,634,634,627.5,633,56180,160795
800318,636,637.5,630.75,633.5,51475,159220
800319,636,639.5,635.5,636.5,44510,157335
800320,637,639.5,629,629.5,58960,155380
800321,627.5,628,623.5,624,46770,156410
800324,622.5,625.5,616,617.75,66455,152640
800325,617,620.5,613,613.5,55450,149315
800326,613,613.5,606.5,607.5,66555,149275
800327,603,603,586,596.75,93705,151020
800328,597,600,592.5,595,58060,147280
800331,594,597,582.5,583,59730,145555
800401,581,582.5,572,579.5,73905,140600
800402,577,585,569.5,583.75,74470,139220
800403,584,591,581.5,585.5,70795,135095
800407,587,593.5,583.5,585.5,51060,133005
800408,588,592,585.5,589.5,46325,132315
800409,594,602,592.5,599.75,54700,128005
800410,599,599,592,594.5,34425,123815
800411,592,598.5,591,594.75,28730,119225
800414,595,597.5,587.5,590.5,33615,113505
800415,588,596.5,586,595.75,36340,108870
800416,598,607,598,603.25,37620,105755
800417,600,602,596,596.25,25660,100880
800418,591,593.5,589,592,26610,96370
800421,590,602.5,587,598.5,35105,95170
800422,594,604,594,599.25,31390,89745
800423,599,603.25,594,594.5,45655,83350
800424,596,598.5,595.5,597.75,33775,79090
800425,605,611,603.5,606.25,39705,71170
800428,600,601.75,597,597.5,39525,60885
800429,596.75,598.5,589.5,590.75,66285,44465
800430,589,595,587.5,594.5,39315,39240
800501,593,596.5,590,590.25,42525,32120
800502,591,596,589.5,595.75,33120,27210
800505,599,615,599,612.25,21840,21100
800506,612,614,606.25,607.25,17740,18765
800507,611,612.5,605,609.5,19550,16015
800508,612,624,610.5,616.75,17790,13340
800509,616,621.5,612.5,618.5,13595,11130
800512,616,616,602,602,15385,11750
800513,604,608.5,603,608.5,9775,11500
800514,609,612.75,607.5,608,17575,7515
800515,607,614.5,604.5,612.75,7955,6750
800516,610,611.5,604.5,606.5,7210,4965
800519,605.5,609.5,603,608.5,8740,3080
800520,610,613.5,608.5,612,2915,3195
