791121,784,784.5,773,777,140,140
791123,773,774,773,773,225,190
791126,772,772,756.5,756.5,235,300
791127,760,762,756,758.5,395,605
791128,758,759,752.5,753,965,1305
791129,751,760,749,760,250,1535
791130,761,768,760,768,420,1720
791203,767,768,764,766,140,1805
791204,761,762.5,758,762.5,120,1925
791205,758.5,764,758,760.5,320,1960
791206,756,759,755,755,195,1990
791207,754,755.5,753,754.5,210,2110
791210,752.5,755.5,751,755.5,255,2315
791211,760.5,764.5,760,764.5,1155,3135
791212,760,760.5,757.5,757.75,625,3425
791213,760,763.5,757.5,758.5,550,3775
791214,753.5,762,753.5,760.5,525,4080
791217,755.5,757,753.5,753.5,460,4095
791218,753.5,757,753.5,754.5,170,4220
791219,754.5,760.5,754,760.5,290,4355
791220,758.5,762.5,758,760,430,4760
791221,762.5,762.5,758,761,390,4775
791226,761.5,761.5,757.5,759.5,205,4785
791227,760,764.5,752.5,752.5,635,4870
791228,753,756.5,752,753,100,4965
791231,753,755,745,745.5,600,5125
800102,744.5,746.5,739,742,310,5175
800103,743,752.5,743,751.5,415,5215
800104,749.5,752,747.5,748,1270,5935
800109,718,724,718,718,4000,6515
800110,718,737,718,737,2885,8155
800111,734,744,733,744,675,8495
800114,739,740,729.5,739.75,1475,8770
800115,739.5,741,734,736.75,870,8815
800116,732,743,732,739,1080,8965
800117,738,765,737.5,760,2240,10120
800118,754,760,750.5,750.5,2375,10910
800121,750,757.5,748.5,749,910,11125
800122,744.5,749,743.5,745,1875,11095
800123,746,757.5,746,757,3150,12645
800124,753,754.5,747,748.5,1920,13730
800125,748.5,752,745,747.5,1270,14360
800128,746,752,744,747.5,2625,15670
800129,749,751.5,746,746,1820,16715
800130,749,753,749,751,1340,17415
800131,749.5,757,748.5,756.5,1565,18250
800201,755,755.5,749.5,750,1855,18350
800204,751.5,761,750.5,760,1390,18545
800205,756,760,755,755.5,1845,19185
800206,757,771,756,756.5,4775,21155
800207,758.5,763,756,762.5,1705,21800
800208,762,762.5,759,760,940,21820
800211,758.5,765,757.5,763.5,1185,21715
800212,759,759.5,753.5,755.5,1565,21785
800213,755.5,756.5,753,756.5,805,21985
800214,756,758,747.5,747.5,1270,22330
800215,748,748,744,745.25,2390,22725
800219,741.5,742,731.5,732.25,7335,24920
800220,733,738,732.5,738,2735,25805
800221,738.5,741,736,738,335,25705
800222,735,735,728,734,4385,27665
800225,733.5,737.5,733.5,734,2100,28110
800226,734.5,736,728.5,728.5,740,28195
800227,728.5,735,727,734.5,955,28435
800228,733.5,735.5,731,731.25,2160,28960
800229,730,734.5,728,729.5,1445,29145
800303,725.5,729.5,724.5,729,750,29205
800304,731,737.5,731,733,2865,28665
800305,734,739.5,734,737,1170,29105
800306,737,742,730,731,755,29370
800307,731,731,725,725,955,29280
800310,722,723,713,718.75,3530,30005
800311,719,721,711,711.5,5960,31660
800312,714.5,717,711,716,1590,31840
800313,714,715,707.5,708.25,1545,32105
800314,706,713.5,706,713.25,1905,32545
800317,708.5,710.5,702.5,710.5,1530,33005
800318,712,713.5,708,710.5,3175,34125
800319,714,717,713.5,715,2680,35235
800320,716.5,717,708,708,1055,35650
800321,706,707,703.5,703.75,2695,35405
800324,701.25,705,695.5,696,4190,35030
800325,696,699,695,695,4635,36385
800326,693.5,693.5,685.5,689,2959,35590
800327,681,681.5,667,675,3280,36225
800328,681,681.5,670.5,676.75,3830,36695
800331,677.5,677.5,664,665,3195,37205
800401,662,664,654,657,3215,37715
800402,656,660,649,660,3965,38095
800403,666,668,661,665.25,6180,41125
800407,670,673,663,663.75,1425,41360
800408,668,669,663.5,667.5,3885,41755
800409,674,679,671.5,678.5,3555,42455
800410,677,677.5,669,671.25,2300,42180
800411,669,673,666.5,672.5,3375,42825
800414,674,674,663.5,665.25,2770,44210
800415,663,672.5,662,672.25,3250,44365
800416,676,680,674.25,677.25,3065,45295
800417,675,676.5,670,670,1765,45335
800418,665,668,664.5,666.25,1750,44975
800421,663,675,660,673,3900,45440
800422,671.5,680,669,675.75,3795,47210
800423,675.75,678.5,670,671.25,2765,47690
800424,672,672.5,669.5,671.5,2085,47415
800425,680,685,677,681.25,3500,48105
800428,676,676,668,670,4535,48680
800429,669.5,670,657.5,659.75,3890,49090
800430,659,664,657.5,663.75,4275,50060
800501,661.5,666,660,660,1585,50410
800502,660,665.5,660,665,1970,50830
800505,672,680.5,668.5,679.25,4970,52070
800506,678,681.5,672.5,675,1580,52055
800507,675.5,676,670,671.5,3195,53035
800508,674,687,673.5,677,5120,52890
800509,674.5,682.5,672,677,3295,53510
800512,668,671.5,662.5,662.5,4525,53520
800513,664,669.5,664,669,1135,53585
800514,671,672,665,665.25,2955,54080
800515,662,670,661,667.75,5950,57720
800516,664,668,660,660.25,3545,58650
800519,659.5,665,658.25,665,3720,59310
800520,666,671,665,670.75,3850,59820
800521,673,676,668,672,4130,60390
800522,673,677,672.5,676,4000,60320
800523,673,674.5,670.5,674.25,4520,60720
800527,675,675,670.5,674.5,4100,60935
800528,674,679.5,671,671.5,4965,60865
800529,668,670,665.5,666.5,4615,61275
800530,666,669.5,665.5,668.25,2645,61235
800602,665,667.5,658.5,659,4620,61595
800603,660.5,663,653,662.75,5475,62655
800604,662.75,663.5,659.5,662.75,3470,63020
800605,661,665.5,659.5,662,3725,63010
800606,661,662.5,659.5,661,2970,63545
800609,662.5,669.75,662.5,668.25,3690,64210
800610,667,671,665,668,2030,64860
800611,667,674,667,669.5,4185,65105
800612,669,669,665.5,666.75,2460,65600
800613,667,670,665.75,669.75,4290,66185
800616,672.5,680,671,679,6730,67220
800617,680,688,677.25,677.25,7445,67585
800618,680.5,684.5,679,680.5,5660,66930
800619,681,687,678.25,678.5,6655,67460
800620,683,683,676,681,6515,69105
800623,684,694.75,684,694,11285,71065
800624,693,696,690,695.75,11720,71075
800625,698,704,695,703.75,11695,69175
800626,704,704,698,700,7585,68990
800627,699,706.5,698.25,706.25,13120,70890
800630,708,719,703,719,16810,74120
800701,717,727,715.25,725.5,17465,74150
800702,731,754,731,750.75,22735,78395
800703,745.75,757,743,756.5,15025,82265
800707,773,786,761,762,21395,80565
800708,762,774,752,773.5,14120,82955
800709,762.5,768,747,749.75,16280,84505
800710,763,775,762,762.75,13035,86790
800711,780,791,779,785.75,16965,86295
800714,815.75,815.75,815.75,815.75,3755,85910
800715,836,840,799.5,807.25,23660,90425
800716,813,831,804,826,17090,90140
800717,840,847,822,835,34805,96640
800718,820,831,815,819.5,18575,96240
800721,800,804.5,789.5,789.5,17935,96355
800722,785,798,773,774,24065,96720
800723,785,799,782,797.25,19555,96380
800724,824,825,767.25,767.25,35935,94300
800725,772,775,751,751,20005,97330
800728,751,779,751,778.5,14675,97870
800729,781.5,792.5,774,792.25,22835,99005
800730,792,795.5,779.5,781.5,24880,99805
800731,799,811.5,796,811.5,15995,99650
800801,816,831,805,830.5,27140,102215
800804,800.5,808,800.5,800.5,10815,105330
800805,795,812,787,810.5,25470,107505
800806,807,818,804,805,22830,109180
800807,808,811,790,791,20845,111370
800808,797,805,788,797,20340,112320
800811,788,788,779,781,21970,112355
800812,791,811,788,803,30500,115145
800813,799,807,795,801.5,24785,115115
800814,802,807,783,783.5,23785,114980
800815,779,780,765,766.75,28385,115125
800818,767,779,762.75,776,28465,117035
800819,774,780,773.5,776,15840,120185
800820,779,782.5,767.5,770,24535,122000
800821,775,790,769,789,25605,124095
800822,786,789.75,777,779,18745,122630
800825,781,800.5,781,800,23110,122490
800826,804,810.5,797,804,29555,123915
800827,802,808,797.5,801,22005,126165
800828,804,807,797.5,806,23030,129110
800829,812,836,812,835.5,30205,131995
800902,841,850,831,848.5,34855,133980
800903,846,853,838.5,848.25,30335,134870
800904,849,849,832.25,839.5,35480,135230
800905,835,854,835,849,30645,133685
800908,858,871.5,858,867.5,39720,132480
800909,865,874,854,862.25,45755,134185
800910,865,865.75,857.5,861.5,23405,132365
800911,862,867,859,865.5,18100,133980
800912,865,885,840,849,65285,143425
800915,851,857,845,847.5,24705,143115
800916,851,868,841,867,39655,142235
800917,870,879,861,869.5,50205,141035
800918,867,875,865,874,27540,142020
800919,877,898,877,892,53255,142195
800922,901,901,884,884.5,42140,143845
800923,885,890,875.5,888,44015,144220
800924,888,888.75,870,871.5,54975,149500
800925,869,871,855,855.5,42625,153810
800926,855.5,855.5,826.5,828,64000,156795
800929,825,839,806,825.5,71715,163820
800930,832,836.5,826,834.5,40845,162440
801001,836,839,828,834.75,37115,165255
801002,829,829,813,814,48570,167355
801003,809,828,809,827,47655,168940
801006,831,849,831,848,52665,170395
801007,847,849,839,844,44085,174720
801008,855,855,842,842.5,51435,182570
801009,845,848.5,838.5,844.5,43165,185735
801010,850,853,844.5,846.25,39460,190930
801013,876.25,876.25,876.25,876.25,11870,192615
801014,879,890,879,884,66370,199700
801015,887,889,875,882.75,65125,200465
801016,878,879,872,873.25,65640,209045
801017,871,885,866,884,63090,212720
801020,889,895,877.5,881.75,84730,218635
801021,879,899,873.5,898,60535,218280
801022,917,927,911,922.5,90870,222765
801023,921,927.5,915,917,82900,229730
801024,930,940,925,932,152850,250145
801027,927,927,910,912,151860,249980
801028,915,942,910.5,942,180145,253255
801029,943,948,930,933,176345,255615
801030,933,951,916,919,257645,267900
801031,928,930,913,923,196050,265450
801103,925,945,921.5,944,188360,267025
801105,945,958,938,954.5,249895,263330
801106,948,948,924.5,924.5,233405,260510
801107,919,922.5,904,914.5,238730,253260
801110,916,918.5,906,911,139660,248715
801111,910,917,885,887,283375,257980
801112,895,916,890.5,909.5,206000,255950
801113,909,915,899,908,196390,251175
801114,904,928,900,926.5,197380,249315
801117,923,932.5,918,924.25,174730,247805
801118,932,945,929.5,938.5,170235,240395
801119,941,941,929,933,153900,240665
801120,933,956,930,949,196985,240125
801121,945,951.5,942,947,137485,238360
801124,943,943,917,917,120305,237030
801125,911,917,903,914,115075,233670
801126,919,923,908,922.5,92020,223060
801128,924,938,922,933,76715,214450
801201,938,938,903,903,109810,207330
801202,897,897,873,886,111690,205145
801203,885,888,859,860.5,98170,205160
801204,863,871.5,853,860.25,114245,194720
801205,859,861,832,844.5,105905,190745
801208,839.5,853,821,822,75665,188235
801209,812,817,792,792,88010,181735
801210,782,785,762,762,88165,178645
801211,745,752,732,732,45855,174065
801212,703,756,702,736,73345,164405
801215,760,766,749,766,40670,160375
801216,755,777.5,742,767.5,65745,157965
801217,769,781.5,761,775.5,50195,153375
801218,772,777,765,771,32930,150050
801219,774,785,770,784,43700,146245
801222,786,795,782,793,39430,137120
801223,795.5,802.5,795.5,798,37085,132295
801224,794,794.5,785,787.75,42170,124025
801229,780,781,768,771.25,68790,114800
801230,766,772,753,759.25,108545,105415
801231,754,789.25,754,788.5,56725,99580
810102,788,816,783,813,82380,85090
810105,822,827.5,806,808,79950,63670
810106,803,820,801,818.75,60525,48925
810107,812,816,799,806,52470,34725
810108,805,809,796,798,44310,30195
810109,795,802,788,793.5,23530,25980
810112,791.5,812.5,791.5,811.25,18195,20980
810113,807,811,798,800.5,15175,16745
810114,798.5,812,798.5,802.5,16625,10160
810115,785,785,772.5,772.5,13950,8935
810116,777,779,764,766.5,8550,7925
810119,764,772,758.5,758.5,5750,6905
810120,755,767,755,766.5,6700,3570
810121,766,768,762,762.5,3700,5495
