800521,709.5,712,706,709.5,595,455
800522,710.5,711.5,709.5,709.5,415,770
800523,707,708,705,708,285,850
800527,706.25,707.5,706,707.5,140,875
800528,708.75,711,704.5,704.5,165,960
800529,702,702,699,701,120,980
800530,699.5,705,699.5,704.75,315,1130
800602,702,702,694,694,125,1145
800603,692,699,689,699,350,1480
800604,697.75,697.75,696,697.5,1040,2440
800605,695.5,700,695.5,697,80,2405
800606,697,697,695,695.5,170,2575
800609,701.5,706.5,701,704,265,2805
800610,704,707,702,703.5,360,2950
800611,706.25,710,705.5,705.5,545,3225
800612,702.5,703.5,702.5,703,375,3425
800613,702.5,706,702.5,706,200,3600
800616,708.5,715.5,708,715.5,190,3725
800617,717,722,714,714,465,3900
800618,718,719,716.5,718.5,890,4575
800619,719,724,716,716,1275,4735
800620,719,719,715,718.5,2845,6115
800623,724.5,733.5,724.5,733,695,6385
800624,731.5,734.5,730,734.5,1555,7745
800625,735.5,743,734.5,743,3340,9455
800626,743,743,737.5,738.25,1670,10450
800627,739,745,738,745,5040,13320
800630,745,759.5,743,759.5,3190,14070
800701,754,767,754,767,1060,14865
800702,775,793.5,775,792,2500,17310
800703,785,797.5,785,797.5,595,17645
800707,808,822,797.5,797.5,1825,18355
800708,800,814.5,788,814.5,2360,18725
800709,800,806.5,790,790,1460,18745
800710,802.5,810.5,801,801.5,1430,18865
800711,817,825,814,817,1915,19270
800714,847,847,847,847,1495,19145
800715,862,862,820,827.5,5060,19935
800716,837,847,826,844.5,4840,20765
800717,856,856,833,845,5270,23440
800718,835,844,830,833,4600,22990
800721,807,816.5,803,803,3295,23980
800722,795,814,791,791,2410,24145
800723,798,815,798,812.75,2115,24025
800724,834,834,783,785,3335,24795
800725,787,791,769,770,1585,24685
800728,771,798,771,798,1915,25630
800729,802,810,793,809.5,5290,26715
800730,810,812,797,799,4110,27070
800731,815.5,829,814,829,6390,29365
800801,822,840,820,838,6830,30700
800804,808,814,808,808,5130,32785
800805,804,820,796,819.5,3630,32990
800806,818,824,809.5,810.75,4515,32945
800807,815,816,797,797,2790,33440
800808,806,806,794.5,798,4760,33975
800811,787.5,793,786.5,786.5,3290,34530
800812,793.5,816.5,793.5,813,4165,37070
800813,805,820,805,815,6075,36195
800814,814,823,802,803.25,3360,36765
800815,795,797,784,786,7585,37545
800818,785.5,801,783,801,8095,38040
800819,798.5,803.5,798,799,6165,38840
800820,803.5,803.5,787.5,789,3130,39105
800821,795,804,788,804,5725,40705
800822,801.5,810,799,802.75,5255,41190
800825,805.5,824,803,824,4070,42235
800826,827,832,820,827,5340,43935
800827,825,829.75,819,823,3120,44135
800828,824.5,826.5,819,826.5,3570,45095
800829,833,851,833,850,12010,50195
800902,851.5,870,849,869,5080,49550
800903,866.5,871,858,867.5,7650,49985
800904,862,865,852,858,6000,52210
800905,856.5,873.5,856.5,871.5,3960,53750
800908,886,898.5,885,892,15140,57695
800909,889,899,878,887.75,7080,59425
800910,884.5,888.5,881,883.5,5805,59965
800911,882,888.5,882,887,8985,62455
800912,887.5,907,871,874.75,12220,63650
800915,877,882.5,873,875,6205,62245
800916,876,893.5,867,893.5,10830,64260
800917,896.5,903.5,887,893.5,9540,64810
800918,890,900,889,899.5,6800,66325
800919,901,922.5,901,917.25,13700,69900
800922,924,926,912,912,10055,71560
800923,909,918,904,915.5,10390,74770
800924,912,916.5,903,904.5,9930,77275
800925,900,903,890,890.25,10575,77365
800926,887.5,889.5,861,862,14835,78195
800929,860,879,848,865,17155,81060
800930,870.5,880,868,879,16770,81735
801001,882,888,873,878.75,10130,83250
801002,873,874.5,860,860,13735,85225
801003,856.5,874.5,855.5,873,14405,85190
801006,881,894,880,893.5,10180,86610
801007,890.5,896,887,890.75,11115,88180
801008,900,901,889,890.5,14185,88155
801009,892,894,885,890.5,10670,89505
801010,892,896,889,890.5,10475,90645
801013,920.5,920.5,920.5,920.5,16305,93750
801014,921,935,921,928,16100,96760
801015,929,934,919,927.5,19670,100780
801016,920,925.5,917,919.5,17020,103320
801017,912,935,912,933.5,20945,107795
801020,937,946,930.5,933.25,23680,106335
801021,930,950,925.5,948,18445,108450
801022,973,978,963,977.5,25470,112810
801023,971.5,980,967.5,969.5,17760,115155
801024,986,987,972,981,28780,121355
801027,972,973.5,955.5,956.5,22635,122755
801028,959,986.5,956,986.5,21990,123285
801029,984,995,979,982.5,23615,128255
801030,978,1002,970,970.5,31185,130290
801031,980,980,962.5,973.25,27410,132695
801103,974.5,995,971.25,994.5,18715,139075
801105,1000,1010,991,1008.5,32570,140170
801106,997,998.5,978.5,978.5,34340,142460
801107,969,979,962.5,974.75,38515,137270
801110,974.5,976,964.5,971.75,20190,138215
801111,969,976,949,949.5,38825,135405
801112,956,979,953.5,972.5,36845,140580
801113,969,981,963.5,972.5,27085,147585
801114,968,992,967,991.5,28990,144860
801117,988,997,983.5,988.25,22200,146390
801118,998,1007,992,998,27500,148365
801119,999,1002,990,993.5,30150,153930
801120,991,1015,991,1007.5,29725,154105
801121,1001,1014,1001,1012.5,2315,153815
801124,1007,1008,982.5,982.5,36935,154525
801125,975,989,972,988,42425,150370
801126,993,1004,988.5,1003.25,35425,150345
801128,1004,1024,1003,1018.5,38585,158520
801201,1020,1023,988.5,988.5,54195,169415
801202,976,979,958.5,968.75,58345,170210
801203,970,973,945,946.5,48865,169350
801204,948,957,939,947,56185,172450
801205,942,945,920,930.5,58390,174775
801208,927,941,909,910,39865,176420
801209,905,905,880,880,67015,179495
801210,855,875,850,850.5,59760,176015
801211,833,842,820.5,820.5,31640,173740
801212,790.5,840,790.5,817.5,46795,174165
801215,836,847.5,834,847.5,41755,175805
801216,835,862,826,853.5,44075,178420
801217,857,869.5,850,863,29975,180385
801218,862,865,852,859,32300,185670
801219,862,867,856,864,34970,188120
801222,867,872,861.5,865.5,19820,187820
801223,870,875,867,872.5,29225,191665
801224,870,870,862,864.75,10065,192625
801229,860,860,844,845,30025,191745
801230,840,847.5,831,836.5,33885,196730
801231,831,866.5,830.5,862,28705,198015
810102,860,886.5,858.5,885,45430,190880
810105,894,898,875.5,876.25,42985,184905
810106,868,885,865,882.5,39350,178200
810107,873,880,863,875.75,48455,178495
810108,868,876,864,865,30620,176530
810109,861,871.75,856,861.5,35460,174920
810112,860,876,860,874.75,34725,170910
810113,872,877,865.5,868.75,36615,171155
810114,867.5,879,866,867.75,33940,169730
810115,837.75,847.75,837.75,837.75,29235,168850
810116,846,848.5,838,839.5,43085,167190
810119,838,845.75,828.5,828.75,30560,166560
810120,825,837.5,825,833.25,25065,165410
810121,834,837.5,825,825.75,21940,164950
810122,821,821,797,798.25,45885,161465
810123,799,803,777,778,40950,158900
810126,770,789,762,780.5,48275,154270
810127,789,796,784,793.25,26065,152055
810128,788.5,794.5,785,787.25,18345,153580
810129,778,779,757.5,763.25,29440,153900
810130,765,774,763,771.75,19855,155255
810202,776,785.5,775.5,780.75,20745,152935
810203,795,810.75,792,810.75,28160,152595
810204,807,816.5,797,802.75,28535,152630
810205,796,805,790.5,803.75,19680,153145
810206,800,821.5,798,818.5,26015,155115
810209,803,807.5,788.5,788.75,32505,151680
810210,789,800,783,793.5,27495,152025
810211,796.5,802.5,795,800.75,18850,154505
810212,792,793,779.5,789.5,25440,156275
810213,783,804.5,782,800,28380,156165
810217,803,819.5,797.5,812.75,40565,160885
810218,807,809.5,795,801.25,36475,163485
810219,807,816.5,805,812,34355,164595
810220,817,822.5,811.5,815.5,34530,166785
810223,803,806,798,804.5,35295,167525
810224,809,814,804,804.75,67645,171670
810225,801,802.5,796.5,797.75,32715,170935
810226,789.5,792.5,785.5,789,41565,173485
810227,790,796.5,785,785.75,46160,183415
810302,774,774,756,756.5,52645,182720
810303,762,769,757.5,767.5,50990,183705
810304,763,764.5,744,753.5,56900,181735
810305,759,762,749,749.5,46825,179385
810306,752,759.5,751,755.5,36080,178580
810309,759,774,759,770.25,45760,179865
810310,776,778,759,759.5,44730,182480
810311,751,758.5,744.5,758,45205,183330
810312,755,773.5,755,773,47730,188515
810313,776,781,769.5,774.25,46700,187505
810316,779,782,767,774,50405,190505
810317,773,789,769,788.25,46370,192140
810318,787,794.5,785,792.5,55850,194030
810319,787,795,787,793.75,45065,193195
810320,781,786,774,783.5,55360,195425
810323,780,811,780,804.25,70605,198545
810324,805,808,799,804,49540,197635
810325,794,802,788,800,44660,197000
810326,795,805.5,783,784,73040,198405
810327,780,791,776.5,790,46645,196500
810330,777,796,775,794.5,64695,201185
810331,793,808,791,806.75,91960,206830
810401,804.5,811.5,797,797.5,111890,204990
810402,797.5,821,797.5,819.5,122005,213345
810403,812,812,797,802,115280,212735
810406,799,823,797,807,143290,216885
810407,817,835,816,833,156280,227975
810408,825,836,824.5,830.25,136415,232675
810409,829.5,839,824,836.5,122275,239600
810410,828,828,812,812.5,119325,232715
810413,792,796,785.5,795.25,92090,230995
810414,796,799.5,792.5,793.5,91835,231975
810415,791,799,791,797.75,84420,229940
810416,803,806,797.5,805,87640,225275
810420,808,818,806.5,814.5,103440,226815
810421,811,818.5,810,811.25,98370,228500
810422,809,817,804,804.75,101750,231140
810423,809,821,807,810.25,157215,233670
810424,804,820,801,815.25,151910,235505
810427,817,823,813,813.5,95020,241325
810428,809,810,798,799,139260,243950
810429,798,802,792.5,794,176935,249075
810430,797,805,794,801.25,172040,249410
810501,805,809,800,801,150330,251710
810504,794,794,777.5,782.75,162165,244700
810505,780,784,775,780.5,156200,238530
810506,785,790,784.5,787.5,117505,235425
810507,789,792.5,785.25,787.25,130330,236415
810508,786.5,789,784.75,787.5,71605,238665
810511,787,787,770,770.5,130240,236405
810512,765,766.75,753.5,760.25,143560,234790
810513,766,766,756,760.75,88735,236920
810514,761.5,768,758.5,766.5,109275,237450
810515,768,770,759,759.75,95365,236160
810518,764,769,759.5,767.75,124725,233590
810519,767,768,753,765.5,144510,229755
810520,765,775.5,759.5,774.75,131435,235010
810521,770,770.5,755.5,756.25,119165,231915
810522,760,764,754,754.5,81565,231545
810526,749,757,745,755.25,123900,223145
810527,754,763.5,753,762.5,104545,218575
810528,769,771,763,764.75,90265,211525
810529,763,768,760.5,764.75,71940,210595
810601,767.5,768,752.5,753,89725,209910
810602,753,756.5,744,748,109990,204315
810603,750,751,728.5,732.25,164010,192020
810604,728,734.5,722.5,730.25,128700,191230
810605,729,735.5,727,728.25,92875,188015
810608,732,738,725,725.75,101300,178720
810609,723.5,731,722.5,729.5,96280,178585
810610,732,738.5,732,737.75,82910,173045
810611,734,735,723,724.5,83860,167015
810612,722,744,718,741,124455,158985
810615,738.5,749.5,738.5,740.75,96030,150750
810616,737,739.5,734.5,735.5,58070,151080
810617,731,733,724,725,47730,146560
810618,721,724,716,720.5,66725,143830
810619,721,725,718.5,720.25,41285,136505
810622,721,723.5,712.5,713.5,69120,128230
810623,715,717.5,709.5,712.25,60025,120870
810624,711,715.5,706,707,54330,114045
810625,704,708,690,691,95280,97135
810626,690,693,682,683,87540,80650
810629,681,681.5,673,678.25,116025,53395
810630,682,694,680,686.5,83000,38875
810701,689,701.5,688.5,700.75,56680,26295
810702,701,705.5,695,701.5,38930,22205
810706,699.5,731,691.5,729,31140,17515
810707,726,736,721.5,722.25,25320,15905
810708,727,740,725.5,736,21940,13040
810709,729,739,728,732.5,17380,13810
810710,735.5,751,735.5,750.5,16750,11125
810713,757,758.5,748,755.25,13505,9265
810714,750,750,734,734.25,10990,6805
810715,729,731.5,725.5,729.25,9970,6545
810716,731.5,746,731.5,744,6860,6405
810717,746,749,738.5,742,7430,4160
810720,735,735,712,718,4010,2830
810721,719,720,710,719.5,1675,1455
810722,723,724,718,723,1135,975
