810323,879.5,894,879.5,892,285,220
810324,887,891,886.5,887,530,585
810325,879,883.5,878,883.5,5,590
810326,881,885,867,867,5,595
810327,862,872,859,871,315,750
810330,866,876,866,876,160,850
810331,875.5,888.5,875.5,888.5,180,955
810401,880.5,883,879.5,879.5,10,950
810402,881,902,881,902,1580,2155
810403,890,890,882,885,185,2265
810406,894,904,892.5,892.5,170,2395
810407,905.5,921,905.5,921,490,2775
810408,915.5,919,914,916,635,3310
810409,911.5,922,910,920.5,210,3410
810410,907,907,895,895,110,3340
810413,874.5,882,873,880,280,3575
810414,883,887,881.5,883,340,3765
810415,883,888,883,888,1120,4670
810416,889.75,893,888,892.5,565,4935
810420,898,902,896,900.5,310,5050
810421,898.5,904.5,897.5,897.5,45,5060
810422,900.5,900.5,893.5,893.5,775,5555
810423,899,903.5,894,895.25,720,5555
810424,890,904,890,903,165,5560
810427,904,904,900,900,105,5585
810428,894,894,881,881,190,5825
810429,878,879.5,872,872.5,1740,6595
810430,878.25,879.5,873,873,1340,7185
810501,879.5,883,876.5,876.5,800,7870
810504,870,870,859.5,866,920,8125
810505,862.5,874,862.5,874,1110,8905
810506,879,879,871.5,871.5,370,8770
810507,871,871,864,866,620,8840
810508,864.5,869,864.5,866.5,80,8780
810511,865,865,856,856.5,630,9115
810512,849,851,841.5,845.5,1165,9640
810513,850,850,842,849,550,9890
810514,845,847.5,843,847.5,1300,9845
810515,849,849,834,834,365,9815
810518,837,840,827,829.5,440,9845
810519,831,832,825,832,840,10000
810520,834,836,825,836,535,10125
810521,831,833,828,828,655,10130
810522,832.5,832.5,828.5,828.75,405,10225
810526,822,827.5,820,826.5,1560,11780
810527,828.5,832,826,831,1665,13290
810528,837.5,839.5,830,830,750,13375
810529,830,833,829,829,8320,17975
810601,832.5,832.5,816,817,1605,18390
810602,818,822,812,815.5,1315,19160
810603,810,811.5,795,796.5,1725,19615
810604,794,794,787.5,793.5,3460,19995
810605,795,796,787,788.5,1550,20530
810608,794,797,788,788.5,3885,21955
810609,788,802.5,788,801.75,1820,22165
810610,808.5,812.5,807,812.5,1780,22390
810611,810.5,814.5,806,806,1230,23305
810612,806,827,801,827,5440,23445
810615,828.5,832,823,825.75,1915,24090
810616,821,821,816,817,365,24095
810617,812.5,814,807,808.5,1600,24425
810618,805,811,803.5,809.5,700,24610
810619,812,812.5,808,809.5,3005,25500
810622,813,817,805,805,2265,25060
810623,808,812,804,805.5,3745,25990
810624,806,810,802.5,804,4490,27325
810625,804,804.5,785,785,4395,28525
810626,788,789,781,785,3350,28435
810629,780,783,772,781.5,5205,30630
810630,786.5,795,784,788.5,11030,34875
810701,789.5,799,789.5,799,2705,35075
810702,797,799,791,796.5,1130,35165
810706,787,824.5,787,824.5,2535,36060
810707,819.5,828,817.5,819,6110,36670
810708,824.5,838,823.5,834.5,1810,36865
810709,827,831.5,826,827,1205,36915
810710,830,844,825.5,842.5,2475,37075
810713,848,853.5,841,853.5,2280,37350
810714,844,844,827.5,827.5,2175,37175
810715,821,823,818,821,635,37175
810716,828,828,820.5,825.5,1205,36590
810717,826.5,826.5,820,820,250,36685
810720,805,805,795,799.5,870,36990
810721,799.5,807,794,805,990,37435
810722,812.5,818,809,818,920,37885
810723,812,823,812,817,1780,38480
810724,826,826,817,822,450,38725
810727,823,823,812.5,813,535,38835
810728,811,833,809,829,1795,39525
810729,826.5,826.5,816.5,816.5,1780,39285
810730,817.5,820.5,805,806,870,39495
810731,809.5,814,802,812.5,3810,40560
810803,798,805.5,797,800,2970,40040
810804,801.5,807,799,800,4365,40335
810805,801,806.5,794,796,4480,39980
810806,798.5,803.5,796.5,801.5,6965,39715
810807,805.5,806.5,793,795.25,5500,41530
810810,784,785,778,782.25,3755,41020
810811,784.5,787,781,783.5,4640,40595
810812,788.5,791,784.5,786.75,3245,40485
810813,765,765.5,758,758.25,1955,40060
810814,761.5,763,753,758.5,1915,39570
810817,765,767.5,762,763.75,3305,39050
810818,771.5,771.5,762,762,5130,37820
810819,760,771,758,771,5915,37665
810820,771.5,772,760,762,2275,37325
810821,758,760,744.5,745.5,6950,36355
810824,740,740,728.5,732,4825,36895
810825,732,737,728,731.5,8895,35345
810826,738,738,733.25,735,2595,35135
810827,733,734,724,726,8775,35990
810828,730,737.5,726,726.5,3520,35950
810831,733,733.5,703,730,5835,35820
810901,729,737.5,727,732.5,2190,35800
810902,735,742,731.5,735.5,2480,36530
810903,736.5,745,736.5,745,3525,37000
810904,744,745,735.5,737,2130,36705
810908,732,733.5,721.5,725.5,4490,35595
810909,725,730,721,729.5,4405,36700
810910,733,737,727.5,729.5,6450,37870
810911,728,730.5,725.5,728.5,4470,39335
810914,720.5,742.5,720.5,740.5,4535,39760
810915,741.5,748,737,747.75,5415,38490
810916,745,751,741.5,742.5,3615,37685
810917,742.5,745,735,739.5,2305,37350
810918,735,738,730,730,4045,37370
810921,729,732.5,724,726.75,2390,36550
810922,728,732,725,728.5,3395,36620
810923,730,730,722.5,722.5,1790,36630
810924,719,725,716.5,722.5,3760,37350
810925,722.5,722.5,712,713,6035,39950
810928,705,715.5,703.5,711.25,8650,39865
810929,713,716.5,713,713.5,1985,40195
810930,713,718.5,711,715.25,2510,40570
811001,715.5,719,710.5,712.25,1940,40545
811002,713.5,717,712,714.75,4345,39935
811005,722,733.5,721.5,728,7830,41395
811006,730,733.5,724,730.25,4805,41310
811007,732,734.5,729,732,8720,40295
811008,730,732,728,728.5,2315,39935
811009,729,730.5,728,729.75,4795,41855
811012,726,739,724.75,733,4555,42780
811013,733.5,738,730.5,737.5,3520,43900
811014,738,738.5,734,736,3880,44230
811015,736,736,727.5,729,2430,43960
811016,726,727,720,720.25,2170,44055
811019,718.25,721,716,718,7155,44680
811020,719.5,719.5,712,712,3910,44815
811021,708.5,719,708,715.25,6020,44790
811022,717,717,710,710,2750,45015
811023,711,716,709,713.25,3870,45130
811026,709.5,710,706,706,4940,44340
811027,708.5,711,705,706,4040,44425
811028,707.5,710,706,707.5,7790,44635
811029,710,712.5,707.5,710.25,12485,45145
811030,710.5,716,710.5,714.25,8245,47575
811102,716.5,721,716,718.75,7035,47485
811103,719,719,715.25,715.75,4945,48645
811104,718,718,712,712.75,9325,49860
811105,712.5,714.5,711.25,712.75,4175,50275
811106,712,714,708,708.25,7675,50925
811109,709,711.5,705,705.25,10040,50330
811110,704,704,689,689,20345,51725
811111,688,693.5,687,692.5,9245,52115
811112,693,696.5,693,693.25,5665,52830
811113,697,697,687,687.25,7165,54325
811116,684,685.5,677.5,681.75,9805,53780
811117,682.5,684.5,678,678,9195,54590
811118,679,683,676.5,677.5,8875,54540
811119,678,682.5,676.25,682.25,6915,53850
811120,685,688.5,683.5,684.25,10725,53600
811123,682,682,672,674.75,13465,55585
811124,677,677,670,670.25,8325,56340
811125,673,677,672,672.5,8765,57860
811127,672.5,677.5,672.5,675,7295,59255
811130,676.5,679.5,674.75,678.25,8680,61230
811201,677,691.5,674.5,687.25,19095,58855
811202,685.5,690.5,684.5,685,7000,57940
811203,685.5,689.25,683.25,688,8700,57015
811204,692,696.25,692,696,16685,59455
811207,693.5,693.5,678.5,681.75,18015,60950
811208,680,683.5,660,661,21095,60755
811209,666,666.5,656,662.75,17630,63410
811210,660.5,662.75,650,652.25,28055,67735
811211,655,662.5,654,659.5,19580,66790
811214,653,659,647.5,651.75,22870,67750
811215,653,654,642,646,23725,66285
811216,640.5,651,619,643,26740,68680
811217,645,650,642.5,643.5,9775,66505
811218,641,645,636.5,644.25,15920,68190
811221,641,644,632.5,632.75,11520,68680
811222,633.5,640,630,638.75,13625,70405
811223,633,637,631.5,636.75,10465,69305
811224,639.5,648,639.5,643.5,5595,70555
811228,644.5,651,643.5,650.75,12530,70485
811229,651,651,639,643.25,17655,70190
811230,639.5,648.75,639.5,643.75,11065,70265
811231,645.5,648.5,641,641.25,6255,70495
820104,642,645.5,638.5,643.25,13275,69625
820105,640,643.5,637,643.5,13550,70685
820106,647,653,646.5,651.75,19710,71185
820107,652,656.5,649.5,653.25,12085,69390
820108,653,654,649,649.5,15620,71310
820111,650,652.5,645,645.25,16295,73510
820112,644,648.5,641,648,22240,72620
820113,648.5,652.5,646.25,651.25,15495,74495
820114,655,658,653.5,656.75,20715,72055
820115,660,660.5,654,658,29370,72240
820118,661,662.5,659.5,661,22030,71440
820119,656,656.5,650.5,650.75,19425,72150
820120,651.75,654.5,647,653.75,18420,73905
820121,655,660.25,654,655.25,24595,72850
820122,655.25,658.5,653,655.75,13225,72610
820125,654,654.5,650.5,652.5,15445,73790
820126,656,662.5,655,661.25,29090,77715
820127,661,672.5,661,671.5,34080,84540
820128,673,673.5,666,666.5,40680,89090
820129,669,677,669,674.5,41970,86845
820201,670,683,667.5,678.25,40800,92920
820202,677,678.25,670,671.5,43760,93160
820203,668,668,663,664.75,37245,94555
820204,665.5,669.5,664.5,667,38975,96835
820205,665,666.5,661.5,663.25,23750,98940
820208,660,660,653,653.5,29515,98635
820209,653,657,647,647.75,57150,94630
820210,649.5,651.75,647,649.5,30515,96440
820211,652,654.75,646,646.5,40175,102490
820212,644,649.5,642,642.25,34690,101110
820216,640,643,633.5,640,39575,104720
820217,643,644,636,637.25,43260,106105
820218,638.5,641,634,634.25,46295,108725
820219,633.5,635.5,630.5,630.75,73140,114955
820222,633.5,637.5,625,626.5,106860,118575
820223,624.5,630,617.5,628.25,106500,124820
820224,628,631.5,623,624.5,85475,132180
820225,623.5,630.5,622.5,627.5,122120,147925
820226,625,637,624.5,632.75,129900,151655
820301,635,636.5,631,635,94420,161730
820302,636.5,637.5,631,634.5,121005,165725
820303,633,633.5,620.5,621,145505,168295
820304,616.5,623.5,615,622.75,153035,170480
820305,624,625,617.5,618.5,103630,169685
820308,618.5,618.5,610,611.25,116645,168835
820309,611,616.5,610,614.5,130715,163690
820310,617,621,614,618,125330,168490
820311,616.5,619,614,616.5,102420,166635
820312,614,616.5,608.5,609.25,132730,164035
820315,607,629,605.5,627.5,162245,159585
820316,624.5,629,617.5,618.25,143665,153625
820317,623,633,623,627,137450,152810
820318,628,634.5,628,631.5,100285,149700
820319,628,633,626,632,85205,149150
820322,637,639,633.5,637.5,92425,154230
820323,641,641,634.75,636,124925,155735
820324,636,642,633.25,641,109825,163065
820325,640,640,632.5,636.5,109585,162595
820326,633,633,629,631.25,88450,159470
820329,630,634.5,626,634,80035,157650
820330,635,639,633,633.25,86830,154730
820331,634,642,633,640,100350,156415
820401,640,647,639.5,643.5,120110,155700
820402,643.5,649.5,641,648,104385,158835
820405,651,661.5,651,660,136095,160395
820406,660,663,655.5,658.5,110580,156120
820407,654,657,650.5,651,63310,149390
820408,655,664.75,655,659.5,74100,147415
820412,656,658,650.75,657,50365,147500
820413,662.5,667,651,652.25,72790,141985
820414,657,659,650,651.75,51065,140605
820415,649,655,647.5,649.25,47915,136240
820416,649.5,652,645.75,647.5,34420,131500
820419,648,648,641.5,646.5,42205,124660
820420,650,654,649,653,37425,120445
820421,651,656,651,652.25,38365,116605
820422,650.5,650.75,649,650.25,33165,110170
820423,657,665.5,657,663,66130,103160
820426,663,668,659,659.5,55575,100440
820427,658,658,651,651.25,58400,87825
820428,654,654.5,650,652.25,68635,67420
820429,650,662,648.5,661.75,95230,48175
820430,665,670.75,643,651.75,66175,36565
820503,655,655,648.5,649.75,49465,24910
820504,647,655,647,653.75,31340,21135
820505,654.5,657.5,653.5,655.75,18870,18455
820506,654.5,654.5,651,651.75,10180,16490
820507,655,656,652.5,654.25,4655,15100
820510,652,657,652,657,7670,14215
820511,661,663.5,656,663.25,7630,10610
820512,663,667,661,666.25,4855,9455
820513,664.5,664.5,655.5,656.5,4605,8285
820514,660,667,659,663.25,2330,5345
820517,664,669.5,659.5,661.5,2280,3990
820518,663,665,656,662.75,3935,2035
820519,661,661,661,661,1915,710
