820223,694,698,689,698,25,25
820224,695.5,695.5,695.5,695.5,0,25
820225,701,701,701,701,0,25
820226,707.5,707.5,707.5,707.5,0,25
820301,713,713,705,705.5,10,35
820302,709,709,709,709,0,35
820303,703.5,703.5,703.5,703.5,0,35
820304,691,691,691,691,0,35
820305,690.5,691,681,681,80,100
820308,671,671,671,671,0,100
820309,671,675,670,675,15,90
820310,676.5,676.5,676.5,676.5,0,90
820311,676.5,676.5,676.5,676.5,0,90
820312,667.5,667.5,667.5,667.5,0,90
820315,675,680,675,680,50,140
820316,686.5,686.5,677,677,5,145
820317,679,684.5,679,683,5,145
820318,688,688,688,688,0,145
820319,686,686,686,686,0,145
820322,690.5,690.5,690.5,690.5,0,145
820323,689.5,689.5,689.5,689.5,0,145
820324,691.5,691.5,691.5,691.5,0,145
820325,689.5,689.5,689.5,689.5,0,145
820326,685,685,685,685,0,145
820329,684.5,689.5,684.5,689.5,10,155
820330,690.5,690.5,690.5,690.5,0,155
820331,696,696,696,696,0,155
820401,698,698,698,698,0,155
820402,707,707,707,707,0,155
820405,718,718,718,718,0,155
820406,720,720,711.5,714.5,5,155
820407,710,710,707,710,10,150
820408,717,723,716,723,10,155
820412,715,718,710,718,10,150
820413,714.5,714.5,713.5,713.5,5,145
820414,711.5,711.5,711.5,711.5,0,145
820415,712,712,706,706,10,145
820416,706,706,703,703.5,5,150
820419,704.5,704.5,704.5,704.5,0,150
820420,713,713,713,713,0,150
820421,713,713,713,713,0,150
820422,710,713.5,710,713.5,30,165
820423,722,729.5,722,729.5,5,170
820426,724.5,724.5,724.5,724.5,0,170
820427,720,721,716,716,15,175
820428,719.5,719.5,719.5,719.5,0,175
820429,726.5,726.5,726.5,726.5,0,175
820430,716.5,716.5,716.5,716.5,0,175
820503,717.5,717.5,717.5,717.5,0,175
820504,714.5,714.5,714.5,714.5,0,175
820505,710.5,710.5,710.5,710.5,0,175
820506,707,707,705.5,705.5,15,190
820507,707,709.5,707,709.5,5,195
820510,703,707.5,703,707.5,15,205
820511,708.5,717,708.5,717,15,220
820512,712.5,717,712.5,717,60,250
820513,709.5,709.5,709.5,709.5,0,250
820514,717.5,717.5,717.5,717.5,0,250
820517,722,722,716,716.5,230,330
820518,719.5,719.5,719.5,719.5,0,330
820519,723,723,723,723,0,330
820520,719.5,721.5,719.5,721.5,380,440
820521,719,723.5,719,721,35,470
820524,718,718,713.5,714.5,5,470
820525,716,716,708.5,708.5,330,625
820526,707.5,707.5,707.5,707.5,0,625
820527,703.5,705,694.5,694.5,80,685
820528,693.5,693.5,687.5,687.5,90,775
820601,682,682.5,674,677.5,380,1015
820602,679.5,685.5,679.5,683.5,35,1015
820603,685.5,685.5,679,679.5,40,1030
820604,678.5,685,673,680,225,1140
820607,680.5,692,679,692,70,1165
820608,688,698,688,695.5,60,1175
820609,691,691,691,691,0,1175
820610,691,692,689.5,690,60,1195
820611,702.5,704.5,702.5,704.5,5,1200
820614,695,695,688,688,265,1405
820615,690,690.5,685.5,690.5,25,1420
820616,691.5,691.5,683.5,688,40,1450
820617,677,677,675,676,10,1460
820618,678.5,678.5,678.5,678.5,0,1460
820621,684,688,670,685.5,80,1490
820622,688,690,685,689.5,25,1505
820623,686.5,693,686.5,693,10,1515
820624,691.5,691.5,688,688,25,1540
820625,688,688,685,685,20,1545
820628,680,682,679.5,679.5,15,1545
820629,679.5,684,679.5,681.5,50,1585
820630,674,678,670,671,265,1680
820701,673,674.5,670,673,105,1655
820702,671.5,671.5,663,663,130,1700
820706,662,662,654.5,654.5,315,1755
820707,658,658,651,653,45,1755
820708,657,664,655.5,663.25,100,1755
820709,667,671.5,666.5,666.5,180,1745
820712,671.5,671.5,666.5,666.5,40,1735
820713,668,676,664.5,675,105,1760
820714,676,678.5,669,669.5,60,1755
820715,673,674,666,668,115,1825
820716,672,672,668,668,610,1910
820719,668,668,658,658,120,1960
820720,659,664.5,659,663.5,205,1945
820721,668,673,665,667,100,1975
820722,668,670,665,669,120,1935
820723,672,672.5,669.5,671,345,1835
820726,667,667.5,663.5,666,200,1970
820727,664.5,669,664.5,667,400,1945
820728,663,663,655,655,175,1960
820729,655,661.5,651.5,658,255,2005
820730,660,660,654.5,654.75,245,2045
820802,658.5,663.5,658.5,662.5,920,2810
820803,663,664.5,660.5,660.5,840,3560
820804,659,662.5,657.5,659.25,350,3540
820805,652.5,653,649,649,245,3490
820806,643,644,637,637,275,3485
820809,631,634.5,628.5,630,770,3455
820810,631.5,633.5,629,633,75,3460
820811,632.5,632.5,629,629,280,3525
820812,608,612,603.25,610.25,2220,3675
820813,611,616,611,611.75,540,3795
820816,614,615.5,595.5,596,1975,4755
820817,596.5,600.5,593.5,600,1465,5170
820818,610,610.5,605,609,1775,5635
820819,602.5,609,602.5,603.25,380,5655
820820,609.5,609.5,605,607,675,5695
820823,609.5,615.5,609.5,613.5,430,5730
820824,617.5,623,617.5,621,845,5890
820825,618.5,625.5,616.5,622,1095,5875
820826,626,626,611.5,612.5,3255,5935
820827,609,609,602.5,604.25,995,6340
820830,601,601,594.5,597.25,1150,6450
820831,600,602.5,598,601,685,6345
820901,602,605,596,604,710,6320
820902,606.5,608.5,604.5,607.5,975,6505
820903,611,611.5,599,599,1095,6870
820907,596,597.5,588.5,588.5,1325,6930
820908,588.5,592.5,586.5,588,1945,7095
820909,586,590,586,588,1325,7510
820910,586.5,588.5,585,588,995,8070
820913,589,598,588.5,597,1500,7950
820914,599,601,593,596,3495,8120
820915,601,601,593.5,599,4195,9860
820916,601.5,607,596.5,605.75,1075,10100
820917,602.5,604.5,597,597,2440,10735
820920,592.5,596,588.5,593,2775,11655
820921,593.5,595,590,593,5155,13485
820922,593.5,593.5,586,586,2425,14210
820923,583,588.5,582,582.5,4925,15130
820924,582.5,584,578.5,581.25,6290,16615
820927,582.5,584,581,582,1590,17345
820928,583.5,585.5,577,577.25,2210,18130
820929,576.5,579.5,572.5,577,7695,18385
820930,578,579,574,574.25,3655,19460
821001,573,574,567,567,4975,20655
821004,560.5,564.5,558.5,558.75,3000,21055
821005,560.5,563.5,560.5,561.5,2970,22230
821006,565,568.5,564.5,565.5,3375,23275
821007,570.5,574.5,570,573.75,4465,22175
821008,574.5,575.5,566,567.5,2980,23090
821011,572.5,576.5,570.5,573.75,5040,24395
821012,573,575,570.5,574,3710,24340
821013,571.5,584.5,568,582.5,4770,25390
821014,583.5,588,581,583.75,3125,25650
821015,583.5,585,575.5,575.75,4335,25010
821018,572,577.5,571.5,571.75,5310,25635
821019,575,575.5,571.5,572.5,2700,26260
821020,575,577.5,574,577,3380,25945
821021,576,579.25,569.5,570.25,4270,25905
821022,567.5,570.5,566.5,568.5,6860,25030
821025,565.5,566.5,564,564.75,7035,26605
821026,566,571,562.25,570,16670,29275
821027,571,575,568.5,570.25,14725,31130
821028,573.5,577.5,573,573.5,10770,31000
821029,572,573.5,568,568.25,6770,29980
821101,571,574,570.5,571.25,12855,31600
821103,575.5,580,575.5,578.5,10640,30915
821104,579.5,588.5,577,588,7270,32110
821105,587.5,600.5,586,600,9600,32910
821108,593.5,602.5,593,593.75,6135,33030
821109,596,600,591.75,597.25,9350,31660
821110,601,604,596.75,600,10275,34670
821111,596,606.5,596,597.25,8325,36725
821112,599,599,590.5,591.75,9530,37205
821115,588.5,590.5,586.75,588,5295,36535
821116,589.5,599.5,589.5,597.75,9015,39220
821117,600,604,596,596.25,14360,39095
821118,597,603,594,602.25,9030,41085
821119,607.25,607.75,596.5,597,13975,45190
821122,598.5,604.75,596.5,598,13785,44110
821123,596,597.5,592,593.5,11895,46450
821124,595,598.75,594,594.25,9795,48555
821126,595,600,595,598.5,10880,46325
821129,601,601.5,589,589.75,10750,47895
821130,591,595,589,594,7570,49215
821201,595.5,595.5,589.5,591.25,8110,49865
821202,592,593,582.5,583.5,15815,52030
821203,584,586,579.5,580,17200,53150
821206,582,586.5,578,585.75,8235,52385
821207,587,592,585.25,591,13290,51855
821208,587,589.75,584.25,587.25,8240,52890
821209,587.5,594.25,585.5,593.75,14150,50595
821210,592,593,587.75,588.25,10010,51655
821213,587,592.75,586,590.5,7875,52780
821214,593,594,582,582.25,14115,55415
821215,582.25,586,579.25,585.25,11375,57315
821216,584,585.5,582.5,583.5,10145,57135
821217,585.5,586,584,584.5,8475,58275
821220,583.75,587,583.5,583.75,5135,58375
821221,585,586,583.5,584,7530,58085
821222,584.5,584.5,582,582,6280,57840
821223,582,582,578.5,579.25,6815,58000
821227,579,585.5,576.25,582,15900,61970
821228,582,586,582,585,10650,60765
821229,586,586.5,581,581.75,12325,63465
821230,581.75,582.25,579.75,581.75,7575,63770
830103,581,583.75,579.25,580.75,12695,66315
830104,580,580,577,579.25,9955,66345
830105,580,583,579,581,8665,66845
830106,580,583.5,579.5,582.5,11140,69225
830107,585,590.75,585,589.5,24515,75665
830110,592,600,592,598.5,30265,75525
830111,596.5,599.5,594.5,596.25,16500,75540
830112,597,606,596.5,604.75,33855,76425
830113,602,606,602,605,26155,77405
830114,603,611,603,609.5,28325,77415
830117,612.5,616,605.25,606.75,28100,79820
830118,603.5,611,600.5,609.75,26040,80830
830119,605.5,609.75,598,599.5,29085,78800
830120,600.5,604.5,597.75,601.25,14010,77555
830121,596,603.5,595.75,602.25,15005,77910
830124,600.25,612,599.5,610.5,24400,83485
830125,613.5,614,607,607.5,45965,92225
830126,608,611.5,604,610.75,38820,94075
830127,615,615,610.25,611.25,33530,99820
830128,609,609.25,606.25,607,26775,107020
830131,606.75,620,606.5,618.25,35535,112765
830201,622,622,614.25,616.5,42605,117720
830202,615,618.5,612,615.75,34770,119635
830203,615,617.5,610.25,610.5,32515,121385
830204,611.75,613.25,608,608.75,31580,124635
830207,608.75,610.25,603,603.5,34605,124780
830208,606.5,606.5,601,601,34580,121890
830209,601.5,604.75,598.75,600.75,38025,123520
830210,604,610.5,604,606.75,42760,127585
830211,609,610,606.5,609.5,24510,129040
830214,609,617,608.5,615.5,42045,135340
830215,616.5,619,612,612.25,66360,142835
830216,614,614.25,608.5,608.75,72600,145810
830217,608,614.5,607.5,612.5,72735,152950
830218,616,618.5,612.5,614.75,90465,154350
830222,610.5,612.25,602.5,603.25,111655,159435
830223,596,605.5,596,601.5,110885,164245
830224,602,605.5,596.5,596.75,131320,175190
830225,595,596.5,587.5,588.5,159105,185045
830228,578,583,572.5,575.5,186180,182265
830301,578.5,582.25,577.5,578,128035,183385
830302,581,586.75,581,584.5,117595,177295
830303,586.5,586.5,582.25,585.75,85055,179930
830304,583,590.25,581,588.5,120280,173950
830307,590.5,590.5,585.25,589,78960,173640
830308,586,588.5,584,584.25,85020,172835
830309,585,591.5,584.5,590.75,80840,166305
830310,594.5,594.5,587,587.25,88260,171605
830311,585,587.75,582.5,584.25,90695,168280
830314,585.5,593,584,591.25,84130,164690
830315,590.5,590.5,586.5,587.25,98855,166635
830316,585,599.5,585,596.75,159435,162115
830317,596,609.5,596,605.75,161595,157255
830318,606,609,603.75,608.25,106060,160230
830321,610,615.5,608,612.5,109235,166280
830322,614,615,610.5,611,87855,161885
830323,626.5,637.5,626.5,634.5,135985,165050
830324,633,635.75,629.5,634.25,73170,163150
830325,633,633.5,627,627.25,45910,165320
830328,627,639.5,626.75,636.25,64025,164960
830329,638.5,643.5,638,638.5,61910,166780
830330,638.5,638.5,629.5,630,54120,162410
830331,630,637.75,629,637,45310,160170
830404,639,647,639,643,47310,156090
830405,642,646,637.25,638.5,44915,155885
830406,639.5,640.5,632,636.5,46390,151380
830407,637,644,634.75,643,37570,148700
830408,644,650,644,648.25,44490,147320
830411,653,655.5,642.5,642.75,49590,139675
830412,642,644.25,637,637.5,47520,135400
830413,637.5,641.75,634,639.5,40180,135695
830414,642,643,628,628.75,57045,129995
830415,629,631.25,622,623.25,43525,120385
830418,624,626.5,620.25,624.75,44695,116955
830419,626.5,629,623,627.25,44860,106675
830420,627.5,628,621.5,624.5,36820,102145
830421,624.5,628.5,623.25,627,26350,100995
830422,638,649.25,638,645.25,54290,92095
830425,644,645.5,641,642,34200,84060
830426,640,645,638.5,644,45395,75240
830427,646.25,647,633,633.25,46440,60750
830428,634,636.5,630.25,635,75485,47280
830429,634.5,641,633.25,640.25,61535,32405
830502,642.75,643,636,636.25,40705,24445
830503,637,642,630,630.25,34060,19220
830504,630,632,627.5,630.25,24560,17735
830505,631,633.5,627,630.5,18815,14955
830506,631.5,632,627.75,628.5,14105,12110
830509,628,628,617,617.25,16300,11290
830510,618.5,623.75,616,623.5,12810,9370
830511,621,623,613,613,13350,9050
830512,613,617,610.25,616.25,9710,7230
830513,618.5,619.5,616.25,618.25,6700,5280
830516,615.5,623.25,614,621.5,5455,4610
830517,622.5,626.25,620,620.5,5230,3425
830518,624.5,625,619.5,622.5,3075,1920
830519,625,625,620.5,621.5,2455,1265
