820414,722,722,721.5,721.5,20,25
820415,721.5,722,716,716,10,30
820416,714.5,714.5,712,712,5,35
820419,706,714.5,706,714.5,5,35
820420,719,722.5,719,722.5,5,40
820421,722.5,722.5,722.5,722.5,0,40
820422,720.5,722.5,720,722.5,15,45
820423,738.5,738.5,738.5,738.5,0,45
820426,733.5,733.5,733.5,733.5,0,45
820427,731.5,731.5,725,725,5,40
820428,727,728.5,727,728.5,5,45
820429,735.5,735.5,735.5,735.5,0,45
820430,725.5,725.5,725.5,725.5,0,45
820503,726.5,726.5,726.5,726.5,0,45
820504,723.5,723.5,723.5,723.5,0,45
820505,725,725,719.5,719.5,10,50
820506,714.5,714.5,714.5,714.5,0,50
820507,718.5,718.5,718.5,718.5,0,50
820510,716.5,716.5,716.5,716.5,0,50
820511,726,726,726,726,0,50
820512,726,726,726,726,0,50
820513,718.5,718.5,718.5,718.5,0,50
820514,726.5,726.5,726.5,726.5,0,50
820517,725.5,725.5,725.5,725.5,0,50
820518,728.5,728.5,728.5,728.5,0,50
820519,732,732,732,732,0,50
820520,728.5,730.5,728.5,730.5,20,60
820521,730,730,730,730,0,60
820524,724.5,724.5,724.5,724.5,0,60
820525,722,725,718.5,718.5,15,55
820526,715,718.5,715,718.5,10,65
820527,710,710.25,704.5,704.5,40,95
820528,701.5,701.5,697.5,697.5,10,105
820601,693,693,684,687.5,15,120
820602,688,695.5,688,693.5,15,120
820603,693,693,689,689.5,15,125
820604,688,694.5,683.5,690,95,185
820607,698,702,698,702,25,180
820608,705.5,708,702,705.5,55,230
820609,701,701,701,701,0,230
820610,702,703,699.5,700,15,230
820611,713.5,715,711,715,15,245
820614,707,707,698.5,698.5,35,265
820615,700,702,696.5,701,135,385
820616,698.5,698.5,698.5,698.5,0,385
820617,688,689,686,686.5,5,385
820618,689,689,689,689,0,385
820621,695,699,684,696,30,395
820622,700,700,700,700,0,395
820623,704,704,704,704,0,395
820624,698.5,698.5,698.5,698.5,0,395
820625,695.5,695.5,695.5,695.5,0,395
820628,694,695,690.5,690.5,25,410
820629,692,694,692,692.5,95,480
820630,685,689,681.5,682,45,500
820701,684,684,684,684,0,500
820702,683,683,674,674,30,510
820706,668.5,668.5,665.5,665.5,50,520
820707,665,667.75,662,663.5,30,515
820708,671,675,666.5,674,120,520
820709,678,684,676.5,676.5,35,525
820712,683,683,677.5,677.5,40,555
820713,676,686,676,686,95,575
820714,685,689,680,680,15,575
820715,686.5,686.5,677,679,15,580
820716,681,682,679,679,30,595
820719,679,679,669,669,60,595
820720,677,677,677,677,10,600
820721,680,683.5,678,678,20,590
820722,680,680.5,676,680.5,65,595
820723,683,684,681.5,683.25,270,765
820726,679,679.5,676.5,678,35,735
820727,679,682.5,678.5,680,190,830
820728,674.5,674.5,667.5,667.5,80,820
820729,668,676,666,670,160,855
820730,671,671,666.5,666.75,115,845
820802,671,676,670.5,675.5,215,800
820803,674,677.5,674,674,80,845
820804,672,672,672,672,0,845
820805,665.5,665.5,662,662,220,870
820806,656,657,649,649,220,905
820809,642,647,641,642,680,1050
820810,644,645,642,645,715,1540
820811,643.5,646,641.5,641.5,660,1710
820812,620,622,615.5,622,945,2030
820813,622,628,622,624.5,450,2160
820816,626,627,607,607,1320,2560
820817,607.5,610.5,604.5,610.5,925,2880
820818,622,622,615.5,619,895,3000
820819,613.5,620,613.5,614,920,3385
820820,619,619,615.5,617.5,2510,4875
820823,615,626,615,625,390,4800
820824,628.5,633.5,628.5,632.5,790,4655
820825,630,636,628,633,540,4595
820826,636,636,622,622.5,570,4565
820827,619,619.5,613.5,614.5,395,4620
820830,611,611,605,607.5,545,4825
820831,610,613,609,612,950,5080
820901,612,616.5,608,615.5,510,5205
820902,617.5,620.5,617,618.5,865,5750
820903,622,622,611,611.5,745,5670
820907,608.5,608.5,599,599,1015,5930
820908,598.5,603,597.5,599.5,575,6260
820909,597.5,601,597.5,598.75,970,6440
820910,597.5,598.5,595.5,597.5,1920,7315
820913,600,609,599.5,607,815,7285
820914,608.5,611.5,603,605.5,1465,7510
820915,610.5,610.5,604,609,1485,7710
820916,611,617,606.5,616,660,8250
820917,613.5,615.5,607,608,1280,8695
820920,601.5,606,599,602.75,2235,9785
820921,604,605,600,603.75,2615,11080
820922,604,604,597,597,3385,11105
820923,594,599,591.5,592.5,3830,12200
820924,592.5,594,588,590.25,3830,13055
820927,592.5,594,591,591,2025,13915
820928,594,595,585.5,585.5,2830,14050
820929,585,586,580,584.25,2855,14420
820930,584.5,587,582,582.25,3140,14865
821001,580.5,581.5,574.5,575.5,3180,15355
821004,569.5,572,566.5,566.5,2030,16085
821005,568.5,571.5,568,569.25,1720,16050
821006,572.5,576,572,572.5,1685,16480
821007,578.5,582,578,581.5,4330,18245
821008,582.5,583,573,574,4045,19405
821011,579,582,576,580,6215,20805
821012,578,581.5,576,579.5,3085,21045
821013,576.5,589,575,589,6590,22810
821014,589.5,594,587.5,591.25,8495,23840
821015,589.5,592.5,582.5,582.75,4675,23870
821018,579.5,584.5,579,579.25,3485,24055
821019,583,583,579,580.25,3385,24650
821020,582.5,585,581.25,584.75,6215,25470
821021,584.5,586.75,577,578,6320,25875
821022,575,577,573.5,575.25,7530,28825
821025,572,573,571.5,572,6280,30925
821026,572.5,577.5,569.5,577,4485,32325
821027,578,582,576,578,7075,32135
821028,580,584,580,580.5,8765,34795
821029,579,582,575,575.25,4895,36080
821101,578.5,581.25,577.5,578,5465,37465
821103,584,587.5,582,586.25,8030,37875
821104,584.5,596,583.5,594.75,10685,38340
821105,593.5,607.5,592.5,606.25,9630,39015
821108,601.5,609,600,601.5,8715,38910
821109,603,606.5,598.5,604.75,9170,39860
821110,609.5,611.5,604.5,607.25,7840,41200
821111,604,615,604,606,6690,42730
821112,606.5,606.5,598.5,599,6170,43775
821115,595.5,598,594,595.5,5350,43565
821116,597,607,597,606.25,7745,44880
821117,610.5,612.5,604,604.25,4335,45270
821118,606,610.5,601,610.5,6915,46410
821119,617,618,605,605.5,6465,46610
821122,607.5,612,604,606.25,7440,47755
821123,604.25,606.5,601,602.75,7250,49675
821124,605.5,607.5,603.5,604.5,5415,51195
821126,606,609,605.5,608.75,7465,50415
821129,610.5,611,599,599.25,10205,51135
821130,601.5,604,599,603.5,8180,52740
821201,604,604.5,598,601,10150,53810
821202,601.5,602,591,591.25,16020,53750
821203,593.5,593.5,587.5,587.75,14930,53345
821206,588,594,586,593.75,9745,54960
821207,595,600,593,598.75,10280,56150
821208,595,598,591.5,594.25,8265,57195
821209,595,602,593,601,10810,55790
821210,599.5,600,596,596.75,8725,57060
821213,595.5,602,595,598.75,5160,57115
821214,602,602.5,591,591.75,10275,58475
821215,592.5,595,588,594.25,8565,58590
821216,594,594,590.25,591.25,9615,58730
821217,592.5,593.75,591.5,592.5,7585,59285
821220,592.5,595.25,591,591.5,4425,60465
821221,593,594,591,591.75,4275,61115
821222,592,592,589.5,589.75,5100,60605
821223,590.5,591,587,588.75,8585,60005
821227,585,594,584,591,12820,61390
821228,590.5,594.75,590.5,593.25,9015,62430
821229,595,595,589,589.25,6670,63265
821230,589.25,590.5,588,589.5,4705,63335
830103,589.5,591.75,587.25,588.5,7355,64775
830104,587,587.75,584.5,586.75,13870,66175
830105,586.5,590.5,586.5,588.75,9805,67715
830106,587.5,591,587,590,11220,68565
830107,593.5,598,593,596.75,18715,73165
830110,600.5,607.5,600.5,605.25,27145,78885
830111,603.5,606.75,602.5,604,11105,78770
830112,604.5,614,604.25,613.25,19175,82235
830113,610,614.5,610,613.25,14615,84020
830114,614,619,611.5,618.25,24675,85175
830117,619.5,624.5,613.5,615.25,26175,86150
830118,611,619.5,609.25,618.75,18730,86400
830119,613.5,617.75,608.5,608.75,24060,85990
830120,609,613,606.75,610.5,11770,86040
830121,608,613,605,612.5,15830,86660
830124,610.5,622,609.75,621.25,23085,87680
830125,624.5,625,618.75,619.25,35570,86470
830126,619,623,615.5,622.5,38320,85075
830127,624.5,625.75,622.25,623.25,34180,80495
830128,621,621.25,618.25,619,18800,80585
830131,618.75,632,618.5,629.75,27390,84025
830201,631,634,627.5,628.75,32955,82455
830202,627.5,631,624.5,628,21875,81455
830203,627.5,629.75,623.5,623.5,18350,83030
830204,624.25,626.5,621,622,16335,84085
830207,622.5,623.5,616.5,616.75,16870,84130
830208,618.25,619,614,614.25,20325,85440
830209,614,617,611.25,613.25,20735,86525
830210,619,624.5,617.5,620.5,21230,90595
830211,623,624,620,623,13325,90940
830214,623,630,621.75,629.25,21565,94380
830215,629,632,626,626.25,26590,99095
830216,627,627.5,622.25,622.5,17345,100710
830217,621.75,627.5,621.25,626,18495,106150
830218,631,632,627,628.75,32730,111335
830222,625,626.5,616.5,617.25,31400,112925
830223,614,619.5,612,615,28955,114670
830224,617,620,610.5,610.75,34500,115660
830225,607,610,601.5,602.25,51460,119690
830228,590,596,585,588,57380,117660
830301,592,595,590.5,590.75,28675,118935
830302,595,600,594.25,597.25,32525,118715
830303,598,599,595,598.25,18330,121610
830304,594.5,601.5,592.25,600.5,40160,123425
830307,601,602.5,596.75,600.75,21635,122535
830308,597.5,600.25,595.75,596,23170,125515
830309,597,603,596.5,602.5,25590,127915
830310,606,606,599.5,599.75,33080,128050
830311,596,599.25,594,595.75,29500,125750
830314,596.5,605,595.5,603.75,28845,122905
830315,603,603.75,599.5,600.25,29675,126345
830316,599,612,597.5,609.75,52970,124460
830317,612,624,610,620.75,63805,124310
830318,624,624,618,622.25,41070,126265
830321,623.5,630,622,627.75,45720,128840
830322,629.5,630.25,625.5,626,47385,131195
830323,644,653.5,642,650.75,73280,143695
830324,650,652,645.25,650.5,98970,149360
830325,649,649.5,642.5,643,77365,153705
830328,644,655.5,642.25,652.75,100435,162945
830329,657,659.75,654,654.25,103240,169955
830330,652.5,654,645.5,645.75,81460,171760
830331,643.5,654,643.5,653.5,80635,175660
830404,656,664,656,660,96275,181540
830405,660.5,663,653.5,655,111280,189260
830406,655,657,648,652.75,109195,188660
830407,651.5,661,651,659.75,101620,193005
830408,660.5,667,660.5,665.5,96145,199985
830411,669,673,659,659.5,123980,206535
830412,658,660.75,653.5,653.75,119305,206805
830413,655,658,649.5,655.5,112950,210665
830414,658.5,660,645,645.25,154280,207655
830415,645,647.25,637.75,639,145210,204335
830418,637,642.5,636,641.25,111450,208755
830419,644,645.5,639,643.25,118225,219410
830420,644,644.5,637,640.75,125890,221830
830421,639.5,644.5,639,643,92730,224010
830422,653.5,666,653.5,662.5,176580,232100
830425,660.5,662.5,657.5,659.25,96315,237840
830426,657.75,662,655.5,661.25,115385,253360
830427,662.5,663.5,649,650,181020,261095
830428,650,653.5,647.25,652.5,148100,273385
830429,652,658.5,650,657.25,142330,279955
830502,659,660,653,653.25,133650,277950
830503,653,659,646,647,179805,280570
830504,646,649,643.5,647,148060,280695
830505,647,649.5,642,646,163345,273485
830506,647.5,647.75,643,644,92685,272240
830509,642.5,642.5,631.5,632,190315,259035
830510,633,639,631,638.75,143345,251740
830511,636,638.25,627,627.5,182670,248935
830512,627,631,624.5,629.25,135300,246450
830513,632.5,633.5,629.5,631.75,75685,243610
830516,630,637,627,634.75,117620,241860
830517,636,639.5,632,632.5,112365,244740
830518,635.5,637.5,631,634.5,123330,244275
830519,636,636.75,628,628.75,124010,243090
830520,627.5,627.5,618,618.75,169310,235145
830523,618,623.5,618,622.75,104085,231795
830524,624.5,628,615.5,627,159255,234710
830525,627.5,628,620.5,621,116350,234770
830526,622,623.5,612,613.5,132395,230975
830527,614,615,609.75,610.5,79470,223425
830531,610.5,614.25,607,607.5,98065,214725
830601,606,610.5,605,607.25,120015,201570
830602,611,617,610.75,616.25,123390,197075
830603,615.5,618.25,612.5,618,98685,192245
830606,617,623.75,615.5,622.25,127325,191105
830607,620.5,621.25,615.5,616,87920,188775
830608,614,614.5,604.75,608,148200,177950
830609,609,613,608,612.5,88485,176850
830610,611.5,611.5,601.5,602,75145,169070
830613,603,604,594.5,599.5,64960,161295
830614,595,601.5,591.5,593.25,64295,155520
830615,591,594.25,588.5,590.75,56055,154595
830616,593,599,591,595.25,59965,147665
830617,595.5,597.25,592.75,593.25,42785,139660
830620,592.5,599,592.5,597.5,42535,134770
830621,599,607.25,599,605.75,56000,127545
830622,608.5,611,607,609.75,59445,116595
830623,609,609.75,605.25,608.25,37520,115440
830624,607.5,607.5,602.5,603,38275,110145
830627,596,598,584,584.5,80475,93210
830628,585.5,587.75,583,584.5,73990,82875
830629,584,587,575.5,576,101810,61315
830630,606,606,599,606,86535,53055
830701,602,611,600,610.25,76580,37740
830705,601,610.5,597,607.25,53090,27085
830706,609.5,618.75,609.5,617.75,36190,24045
830707,616,624.5,615,622.5,31360,23970
830708,620,622,616,618.25,29095,18200
830711,628,645,628,639,18370,15280
830712,642,644.5,637,641.25,18190,13360
830713,637,640,632.25,634.5,17185,11755
830714,633.5,637,632.5,632.5,12385,10995
830715,634,652,632.5,642,12480,8650
830718,655,655.5,647,651,8015,5115
830719,652.5,665.5,652.5,665,4180,2490
830720,680,694,680,692.5,1635,1145
