830112,632,641,631.5,641,155,355
830113,639,642,639,642,50,380
830114,641,647.5,641,645.5,25,385
830117,648.5,650.5,645,645,35,395
830118,641,650,641,650,40,435
830119,645.5,647,642,642,185,480
830120,642,645,639,643,335,805
830121,645,645,645,645,0,805
830124,645,654,645,653.5,10,815
830125,655,659,654.5,655.5,195,935
830126,655,660,653,658,205,970
830127,660.5,662,658.5,660,115,995
830128,658.5,658.5,655,657.5,50,1025
830131,656.5,667,656.5,667,95,1040
830201,666.5,670,664,667,215,1155
830202,664.5,669,662,666,170,1245
830203,664,666,661,661,45,1280
830204,661,663.5,660,660,50,1310
830207,659.5,661,656.5,656.5,130,1315
830208,657,658.5,655.5,655.5,200,1375
830209,654.5,655.5,652.5,654.5,65,1420
830210,658,666,658,662,80,1450
830211,662,663,661.5,662,70,1500
830214,668,670,667.5,670,10,1500
830215,669.5,669.5,665.5,666,90,1520
830216,663,665,661,661,20,1530
830217,660,664.5,659.5,664.5,80,1545
830218,670,672,667.5,669.5,155,1550
830222,664,667,658.5,658.5,45,1575
830223,653,658,653,655,85,1580
830224,655.5,660,653,653,45,1575
830225,653,653,645.5,645.5,80,1610
830228,633,637,631,632.5,185,1580
830301,636.5,637,634,634.5,300,1695
830302,640,642,640,641,55,1715
830303,641.5,642,638.75,640.5,350,1710
830304,637,644,636,643,185,1725
830307,644.5,645,640.5,644.5,75,1705
830308,640,641,638.5,638.5,80,1770
830309,638.75,647,638.75,647,190,1875
830310,649.25,650,643.5,645,75,1920
830311,641.5,641.5,637,639,80,1960
830314,639.5,649,639,649,180,2035
830315,646.5,648,644,644.5,10,2040
830316,642,654.5,642,654.5,35,2060
830317,654,666.5,654,665,405,2230
830318,664,668,662.5,668,420,2405
830321,668.5,678,668.5,678,1150,2915
830322,677,678.5,675,675,375,2910
830323,699.5,702,692.5,700,495,3085
830324,697,702.5,695.5,701,710,3335
830325,697.5,700,693.5,693.5,305,3455
830328,693,702,693,701,610,3875
830329,705.5,706,701,702,385,3935
830330,701,701.5,695,695.5,230,4015
830331,694,704,694,704,305,4160
830404,706.5,714,706.5,712,390,4275
830405,710,715,707,707.5,620,4520
830406,709,709.5,701,704.5,555,4680
830407,704.5,709.5,702.5,709,785,4585
830408,712.5,716.5,712,715,195,4680
830411,719,721,711,711,305,4765
830412,708.75,711,705,705.5,365,4895
830413,706,709.25,701,707.5,235,4900
830414,710,710,696,696.5,725,5530
830415,694,697.5,687,688.5,330,5540
830418,690,693,687,693,145,5640
830419,693,696,690,692,355,5605
830420,693,693,686,690,215,5605
830421,687,691,687,690.5,330,5500
830422,702,715,702,713,365,5550
830425,712.5,712.5,707.5,709.5,195,5615
830426,705,711.5,705,711,1115,5865
830427,712.5,713.5,700,700,200,5855
830428,699,702,695.5,701.5,225,5900
830429,701.5,708,700,708,50,5920
830502,709,710,703,703.5,190,5975
830503,704.5,709,697,698,180,5975
830504,695.5,697,693.5,696,265,6110
830505,695,695,690,693.5,95,6085
830506,693.5,694,691.5,691.5,255,6030
830509,688,689.5,680.5,680.5,240,6155
830510,682,689,681,688.75,630,6040
830511,684.5,687,676,677,940,6005
830512,675,679,674.5,679,515,5985
830513,681,682.5,679,681.5,380,5685
830516,677,685,675,683,430,5795
830517,686,688.5,680,680.5,440,5750
830518,683,685,678,680,225,5825
830519,681,681.5,675.5,675.5,495,5890
830520,673,673,662,662,1295,6305
830523,662,666.5,662,666,550,6265
830524,667.5,672.5,662,672.5,1030,6195
830525,671,674,667,667,380,6285
830526,666.5,669.5,657.5,659.25,765,6175
830527,658,659.5,654.5,656,385,6265
830531,655.5,659.5,647.5,649,905,6260
830601,648.5,651.5,644.5,648,1030,6250
830602,652.5,658.5,650,658.25,555,6180
830603,658,660.5,656.5,660.5,290,6210
830606,660.5,668,659.5,666.5,590,6030
830607,665,665.5,661.5,662,445,5975
830608,656.5,658.5,644,651,1660,6295
830609,652.5,655.5,652,654.5,1535,6580
830610,653.5,654,644.5,644.75,560,6635
830613,646,646.5,636,642.5,780,6565
830614,637,644,634,634.5,720,6510
830615,633.5,636,631.25,633,565,6490
830616,635.5,641,635.5,638.5,1080,6600
830617,637.5,639.5,634.5,635,75,6645
830620,634.5,640.5,634.5,639,285,6745
830621,642,650.5,642,648.25,665,6925
830622,652,655,650,653.5,500,6930
830623,653,653,648.75,652,525,6910
830624,649,650,645.25,645.25,205,6985
830627,640,640,626,626,1570,7080
830628,628,628.5,624.5,625.5,935,7215
830629,628,628.75,621,621,2040,8025
830630,651,651,647,651,1605,8145
830701,652.5,663,650,663,2930,8750
830705,651,666,650.5,662.5,1735,9080
830706,665.5,673.5,665.5,672,1500,9285
830707,672,677.5,668,677.25,1660,9370
830708,671,672,668,671.25,2860,9185
830711,693,700.5,689,695,2275,10150
830712,698,701.5,693,698.5,2590,9465
830713,694,697.5,689,692,1760,9365
830714,689,693.5,687,687,1350,9410
830715,690,710,688.5,700.75,3820,10270
830718,712,713,706,707.5,1965,10700
830719,711,725.5,711,724.5,3100,11885
830720,739,754.5,739,754.5,3350,12950
830721,775,783,740,757.25,5160,13560
830722,769,776,762,766.5,3485,14270
830725,736.5,766.5,736.5,764.25,4820,15110
830726,773,775,738,745,4075,15695
830727,752,754,742,751,6155,17335
830728,772,774,761,764.5,5615,19090
830729,757,762,741,752.75,5645,21435
830801,749,781,749,781,8575,22805
830802,790,801,788,793.25,6790,24290
830803,795,817.5,791,814,9850,26810
830804,818,819.5,805.5,812.5,10525,28495
830805,807,838,807,835.25,16020,31780
830808,831,850,814,822.5,8775,34155
830809,824,832,820,825,10430,35405
830810,838,855,838,855,5795,37810
830811,865,881,860,880,13850,40365
830812,884,905,873,896.5,10295,42255
830815,914,926.5,910,926.5,8225,43325
830816,956.5,956.5,900,946,18900,46965
830817,943,951.5,921.5,934.5,16475,51635
830818,913,918,904.5,904.5,13275,50760
830819,875,894,874.5,874.5,12920,52585
830822,904.5,904.5,904.5,904.5,4200,54320
830823,934.5,934.5,925,934.5,13355,54845
830824,937,958,932,957.5,17290,55780
830825,987.5,987.5,949,961.5,18980,57700
830826,932,967,932,965.5,20120,61260
830829,960,964.75,937,939,12320,62070
830830,916,924,909,909,12190,62865
830831,904,934,903.5,931.5,18830,63685
830901,933,938,901.5,901.5,20320,64015
830902,907,931.5,905,931.5,14595,66220
830906,937,955,933,954,17715,65880
830907,955,964,946,955,30545,71900
830908,953,955,946,953,16600,72470
830909,968,976.5,965,971.5,23930,70865
830912,968,974,963,963.5,19930,76115
830913,988,993.5,936,938,45255,78325
830914,933,943,912,916.5,38355,77885
830915,909,922,886.5,886.5,26890,78960
830916,878,906.5,869,901.5,28050,80400
830919,910,931.5,907.5,931.5,19560,82370
830920,939,940,917,929,22865,82370
830921,959,959,959,959,8155,84590
830922,977,983,948,949,35010,90385
830923,949,956,928,935,18275,90260
830926,933,934,905,905,25415,91530
830927,895,921,895,919,24135,92720
830928,929,932,889,889,30710,92930
830929,878,882,860,873,35395,93250
830930,880,892,867,890.5,22685,97445
831003,888,888,866,880.5,21375,100880
831004,884,887.5,851.5,852.25,27710,101105
831005,847,865,841.5,864,34215,106780
831006,867,888,862,884,34495,111605
831007,882,887,870,871,25130,113585
831010,865,875,846,874.5,20285,115700
831011,872,884.5,869,877.5,25755,117820
831012,873,875,863,864,27745,120615
831013,881,894,878.5,894,31255,127525
831014,901,918,898,917,40165,133730
831017,914,926,909,912,40000,138400
831018,911,914,898,901,47180,144850
831019,895,898,871,873.5,48515,147415
831020,865.5,865.5,844,848,66960,151100
831021,851,866,837,863.5,61110,148715
831024,861,866,853,853.5,24520,151040
831025,868,876.5,867,872.5,40630,153980
831026,867,867,842.5,842.5,54855,154450
831027,835,863,828,861.5,45250,157930
831028,865,866,855,859.5,46195,160455
831031,852,871,845,845.5,43760,157925
831101,850,858.5,843,857,33470,159270
831102,862,879,862,877.5,44870,163690
831103,872,890,864.5,888.5,47570,164190
831104,884,893.5,881.5,892.5,54890,162365
831107,890,897,885.5,894.5,38850,161665
831108,890,890.25,885,886.5,46125,162400
831109,883,896.5,880.5,888,45945,164365
831110,887,888,882,884.5,27830,164760
831111,880,887,860,862.5,64805,166405
831114,859,862,842,857,60435,166410
831115,858,863,847,848.5,58835,169025
831116,846,846,818.5,818.5,84520,163800
831117,817,825.5,797.5,821,85345,163560
831118,816,817.5,797,798.5,48560,162130
831121,792,797,780,782,64850,161005
831122,795,801,782,791.5,60690,163365
831123,788,801,786.5,798.5,35740,164455
831125,801.5,815,801.5,812.5,26845,163995
831128,823,825,810,811.75,52455,167875
831129,821.5,824,806.5,823.5,50940,172780
831130,832,832,811,812.75,64410,174355
831201,811,830,805,829,65510,172745
831202,821,822,800.5,801.25,61600,175255
831205,794,794,772.5,782,70505,175340
831206,786,792,777.5,780.5,56490,174160
831207,778,798.5,775,797.25,66835,179550
831208,794,806,783,784.5,69540,187780
831209,788,799,783,797,53985,185015
831212,802,808,793,796.5,50540,186315
831213,793,793,777,788,168865,191890
831214,784,793.5,782,791.5,137135,194095
831215,793,793.5,770,771.5,197735,199185
831216,770,800,764,798,191080,204785
831219,799,816.5,795,801,176155,208430
831220,804,809,795,801,132405,207240
831221,802.5,803.5,795,796.25,88060,209845
831222,801,814,801,812.5,105900,220875
831223,816,824,814,823,92935,227480
831227,823,844,823,843,135280,236115
831228,838,839.75,826,829.5,145605,246130
831229,832,837,826,827,146470,262525
831230,825,833.5,822,832.75,88780,264665
840103,820,820,802.75,802.75,151740,259610
840104,797,802.5,787,792,223710,253220
840105,796,809,795.5,805.75,191155,257560
840106,803,803,780,780.5,238280,252205
840109,776,787,761,768.75,294420,245370
840110,785,790,780.5,784.75,195070,243340
840111,780,789.5,776.5,787.75,221015,241290
840112,791,799.5,788.5,790.75,180075,235185
840113,795,796,788,791,161365,232590
840116,761,761,761,761,36415,232550
840117,749,749,739.5,742.75,197765,229510
840118,746,749.5,733.5,739.5,189780,224095
840119,746,751,742,744.75,143810,225550
840120,738,738.5,731,732.25,143720,218845
840123,733,735.5,729,730.75,76470,214985
840124,760.75,760.75,756.5,760.75,67090,216710
840125,757,759.5,745.5,746,150785,216590
840126,739,740,721.5,725.75,194580,208925
840127,737,742,731.5,732.5,116080,207660
840130,735,735,720,733,122895,209340
840131,736,738,729,730.75,123655,206705
840201,732,741,727.5,738.75,129160,207075
840202,745,748,741,744,122340,203680
840203,738,738,732,734.75,123250,200925
840206,724,730.5,719,726.25,154610,195400
840207,725,726.25,718,718.75,128730,194880
840208,722.5,730,717.5,726,118160,191610
840209,725.5,725.5,707,708.25,164695,181565
840210,710,714,703.5,706.75,109130,175880
840213,703,703,689.5,694.5,111350,173155
840214,696,705,688.5,694.5,175960,163320
840215,699,707,696.5,705.75,69320,155455
840216,707,708.5,702.5,703.25,54800,144415
840217,710,720.5,707.5,717,67605,135005
840221,711,712,701,708.75,60980,124935
840222,718,738.75,717.5,734.75,88375,110830
840223,730,741.5,728.5,735.25,88575,97650
840224,737,743.5,734.5,738.25,67355,86675
840227,731.5,737,728.25,736.25,72250,78685
840228,738,742.5,726.5,727.75,107115,59920
840229,729,753,726,750,83440,48205
840301,751,755,746,750.5,57180,34045
840302,760,766,755,759.25,40765,27560
840305,763,768.5,749,768.25,34350,24010
840306,765,772,761,765.25,31205,23210
840307,759,760,751,759.5,31710,20940
840308,756,770,752,769.5,28335,21145
840309,769.5,784,769,783.5,28180,19200
840312,776,783,773.5,774.5,22265,17640
840313,781,781.5,770,770,25450,17165
840314,770,777,767,777,22940,15710
840315,777,787,776,786.75,16945,14655
840316,786,790,770,772.75,17100,14065
840319,770,777,765,777,15720,11120
840320,772,798,766.5,798,12225,8600
840321,796,801,790,796,7395,5820
