831129,723.5,723.5,723.5,723.5,0,500
831130,721,721,713,713,100,600
831201,721,721,721,721,0,600
831202,705,705,705,705,0,600
831205,694,694,694,694,0,600
831206,695.5,695.5,692,692,330,930
831207,694,694,694,694,30,930
831208,689,689,689,689,0,930
831209,694,695,694,695,70,930
831212,699.5,699.5,699.5,699.5,0,930
831213,699.5,701,698.5,701,55,985
831214,700,711,700,711,35,990
831215,712.5,716,710,710,35,1010
831216,713,718.5,713,718.5,130,945
831219,726.5,726.5,720,720,100,940
831220,718.5,718.5,718.5,718.5,0,940
831221,718,718,718,718,5,940
831222,725,725,725,725,0,940
831223,725.5,728,725,728,155,1095
831227,729,745,729,745,35,1125
831228,742,745,742,744,70,1135
831229,746,746,746,746,10,1140
831230,745,751,745,751,125,1235
840103,735,735,731,731,25,1235
840104,729,736,729,736,30,1235
840105,740,746,740,746,60,1265
840106,746.5,746.5,746.5,746.5,0,1265
840109,742,746,741,744,50,1305
840110,750,750,747,747,330,1430
840111,748,751,748,750.5,120,1340
840112,752,753,751.5,751.5,10,1350
840113,751,752.5,748,752,255,1160
840116,727,730,724,726,195,1250
840117,730,733.5,730,733.5,65,1305
840118,735.5,735.5,735.5,735.5,0,1305
840119,740,745,739.5,744,110,1400
840120,741,743,741,743,95,1455
840123,741.5,742,739,740,175,1560
840124,753,758,748.5,757,75,1580
840125,752,755,751,751,230,1550
840126,747,747,739.5,743,85,1620
840127,746,747,742.5,742.5,125,1700
840130,741.5,743,739,743,65,1740
840131,742.5,743,740,740,50,1750
840201,737.5,744,737.5,743.5,65,1810
840202,745.5,750,744,749,235,1725
840203,744,748,744,745.5,155,1820
840206,741,744,740,742.5,50,1870
840207,741,741,738.5,738.75,190,1935
840208,740,743,738,742,55,1990
840209,735,738,727,729,160,2000
840210,729,734,728.5,732,150,2100
840213,729,729.5,724,727.5,160,2115
840214,730,733.5,725,730.5,105,2100
840215,731,733.5,727,727.5,1085,2865
840216,728.5,728.5,722,722,975,2250
840217,731.5,738,730.5,737,100,2245
840221,734,734,725,730.5,70,2265
840222,735.5,745,734,738,290,2385
840223,735,738,733,738,95,2420
840224,735,736,733.5,734,40,2425
840227,732.5,734.5,732.5,734.5,30,2415
840228,732,738.5,732,733,215,2590
840229,731.5,744.5,731.5,744.5,265,2645
840301,744,751,744,750,465,2890
840302,754,756.5,753,755,75,2935
840305,757,763,754,763,315,3075
840306,760,766,759,766,170,3105
840307,756,763,756,763,150,3140
840308,761,764,758.5,764,340,3180
840309,765,765,761,761.5,200,3050
840312,757,759,754,755.5,30,3060
840313,756,757,746,747,320,3210
840314,746.5,749.5,746,747,85,3220
840315,744,748,744,747,120,3155
840316,747,752.5,747,752.5,160,3265
840319,750,751.5,748,749,25,3265
840320,748.5,754.5,745,754.5,300,3255
840321,752.5,756,752,752,110,3235
840322,753,760,753,760,215,3285
840323,758,762,757,762,60,3295
840326,761.5,763,761.5,762,25,3300
840327,762,762,755.5,755.5,350,3510
840328,756.5,756.5,756.5,756.5,0,3510
840329,759.5,761,758.5,759,165,3495
840330,755.75,762,755.75,762,45,3500
840402,762,769,762,763.5,120,3515
840403,763.5,766.5,761,766.5,65,3545
840404,767.5,768,764,765,155,3575
840405,761,763,754.5,754.5,735,3825
840406,751,756.5,751,756,120,3900
840409,756.5,759.5,756,758.5,165,3915
840410,754.5,755.5,751,751,175,3860
840411,752.5,754,744,744.5,285,3875
840412,743,744.5,740.5,741,130,3910
840413,742,743,739.5,740,285,4045
840416,738,738.5,736,738.5,105,3965
840417,740,740,737.5,737.5,265,3925
840418,736,744,736,744,315,3845
840419,742.5,743.5,740,743.5,45,3870
840423,744.5,749,744.5,749,155,3870
840424,754.5,754.5,746,746,225,3820
840425,746,748.5,745,748.5,235,3800
840426,742,744.5,733.5,733.5,205,3740
840427,733.5,735.5,732,734,175,3805
840430,732,739,727,728.5,355,3705
840501,729,736,728,736,655,3875
840502,736,741.5,736,741.5,525,3900
840503,741,742,739,740.5,505,4015
840504,739,745,739,744,75,4010
840507,740,744,737,743.5,60,4020
840508,744,752,743.5,747,355,4115
840509,747,747,744,746.5,805,4440
840510,745.5,745.5,740.5,741,800,4510
840511,749.5,752,747,747,490,4465
840514,747.5,751,746,750.5,1420,5540
840515,751,758,751,754.5,1140,6320
840516,756,764.5,756,764.5,1220,7240
840517,762,767,761,762.25,850,7580
840518,762.5,771,762.5,770.75,1960,8090
840521,769.5,770.5,765.5,767.75,1205,8270
840522,766,766.5,760,761.5,1185,8465
840523,758.5,759,756,759,1075,8920
840524,761,766.5,752.5,765.25,490,9090
840525,766,770,765,765,725,9250
840529,765,765,755,761,560,9505
840530,759,766.5,757.5,766.5,675,9580
840531,767,776,764,766.75,875,9425
840601,765.5,766,750,750,825,9290
840604,751,757,745,745,405,9330
840605,745.5,751,743,750,540,9240
840606,749,753.5,748,753.5,550,9135
840607,749.5,749.5,738,743,430,9095
840608,744,744.5,733.5,733.5,590,9190
840611,732.5,739,726,738,725,9125
840612,738,740,730,730.5,260,9085
840613,731,750,729.5,750,1100,9270
840614,745,750,742,744,390,9195
840615,739,742,737,737,180,9220
840618,741,755,740.5,755,1060,9175
840619,755.5,785,755.5,778,1305,9370
840620,765,790.5,765,781,1525,9910
840621,778,784.5,774,784.5,825,10005
840622,774,786,769.5,769.75,1365,10470
840625,765,769,759.5,761,2130,11525
840626,762.5,763,736,738,1560,11455
840627,737,740.5,726,735,1765,11815
840628,736.5,741.5,734,734,1185,11860
840629,744.5,758,744.5,751,1400,11725
840702,751,755,726,727,825,11740
840703,721.5,723,707.5,709,2695,12750
840705,695,697.5,679,679,2565,13865
840706,680,693,676,686,1585,13675
840709,694,711,694,706.25,2535,13930
840710,695.5,696,676.25,676.25,1425,14240
840711,668.5,674,654,660.5,3830,14750
840712,672,676.5,660,669.25,1305,14625
840713,677,681.5,656.5,665,1790,14805
840716,663,664,652,661,1020,14895
840717,656,667,647,647.25,1465,14610
840718,643.5,667,642.5,667,1335,14695
840719,671.5,682,659,664,2590,15285
840720,656.5,660,651,654,1475,15150
840723,648.5,660,646.5,658,1925,15075
840724,660,663,645,645,800,15085
840725,647.5,651,633.5,643,1895,15555
840726,642.5,651,633,634.25,1830,16185
840727,635,638.5,629,634,1930,16270
840730,634,640,630,636,1820,16570
840731,641.5,644,632.5,636.5,1090,16650
840801,641.5,644,637,644,840,16850
840802,651.5,667,651,660.5,2190,17285
840803,667,667.5,654,660.25,1730,17665
840806,664,666.5,654.5,663.5,875,17645
840807,659,669,656,660.5,920,17270
840808,655.5,657.5,650,650,1275,17315
840809,650,652,639.5,650.5,2695,18100
840810,650.5,654,643.5,644.25,1010,17880
840813,653.5,669,650,668.25,770,17905
840814,674.5,687,672,686.75,2260,18190
840815,682.5,688,677,686.5,1450,18055
840816,682.5,690.25,678,690,1120,18445
840817,678.5,679,667.5,667.75,2470,18770
840820,659.5,660,639,639,1620,18810
840821,634.5,644.5,633,642.5,2610,18750
840822,646,665,642,661.5,2250,18865
840823,660,661,649,650.5,1610,18610
840824,649,664,647,660,3970,17375
840827,668,687,667,682.5,3265,16890
840828,684,685,672,676,3175,16875
840829,682,683.5,667,668,2630,17760
840830,665,680,663,679.5,3740,18210
840831,677,681.5,657.5,665,2330,18775
840904,648,655,638.5,654.5,4655,19185
840905,661.5,664.5,651,664.25,4855,20210
840906,661,664,657,657.5,2985,20710
840907,654,665,652,660,6475,22330
840910,657,664,655.5,661.5,2975,22535
840911,660.5,663,657,658.5,2610,22630
840912,660,661,658.5,660,2085,22530
840913,635,638,630,630,6875,23255
840914,634,639.75,630,633,4670,23165
840917,625,625.5,614.5,614.75,5015,23265
840918,618,620.5,615,620,8155,23950
840919,623,624,621,623.75,7190,24195
840920,624,624,614.5,616.75,5350,24905
840921,598,631,593.5,622.5,6050,24035
840924,626,627,615,615.5,3895,24450
840925,615,621,613,619.75,5140,24380
840926,620.5,632,617.5,619.5,5515,24410
840927,622,629.5,620,629.25,4180,24865
840928,627,627.25,614,616,7570,25825
841001,616,619,612,616,7785,26245
841002,614,623,613.5,614.75,6285,27660
841003,616,619.5,614,615,7195,29345
841004,617.5,621.25,616.5,618,7035,30135
841005,617,622.5,614,614.25,8350,30815
841008,617,621.5,617,620.5,6800,33010
841009,619,624.5,618,624.25,9370,33655
841010,626,632.5,625.25,631.75,4580,33795
841011,634.5,637.5,630.25,637,10380,33705
841012,649,651.5,644,649.25,7615,35015
841015,651,658.5,649,655.5,8145,36375
841016,653.5,658,650,657.75,11495,39165
841017,657.5,657.5,650,653.25,8055,39370
841018,651,652,646,648,9225,39945
841019,651,656.75,649.5,655.75,9550,41295
841022,655.5,665.5,648.5,649,12560,41360
841023,650.5,655.5,645.75,655.25,8065,41565
841024,658,662.5,641,645.5,11735,43305
841025,648.5,654.5,648.5,653.25,6015,43780
841026,649.25,654,648.25,651.25,6980,44735
841029,644,644.5,638,638.75,12140,45755
841030,644,646,636,640.75,16630,47990
841031,643.5,649,642.5,645.25,12930,48540
841101,654,663.5,652,657.25,19350,49755
841102,655,655.5,650,650.5,15215,52740
841105,643,646.5,640.5,645.25,8800,54210
841106,644,656,643.25,650.25,14505,55750
841107,652,655.75,647.5,655,13505,57155
841108,652,653,648,648.5,7160,57250
841109,651,651.5,646,646.5,11945,60240
841112,658,659,651.5,651.75,14630,61580
841113,650.5,653,645,645.5,17915,62215
841114,645,647,640.5,641.75,17125,63715
841115,639.5,642.25,637.75,639.25,9560,64775
841116,645,646,638,638.5,13190,66290
841119,636,637.5,628,628.25,17035,66965
841120,626.5,632.5,626.5,630.25,14500,67180
841121,628.5,633.5,627,630.75,12010,67235
841123,631.5,632.25,625,625.25,13595,67565
841126,620,622.5,617,617.25,17225,67675
841127,619,621.5,609,609.5,30705,71275
841128,613,620,608.5,617.5,28195,70975
841129,620,621.5,616.25,619.25,19445,71205
841130,616.5,623.5,616,622.25,22055,70525
841203,625,627,619,625,23515,72380
841204,627,627,620.5,621,18585,75180
841205,620,621,613.5,613.75,21610,75710
841206,612,619.75,610.5,618.75,23250,76835
841207,616,616,607,608.25,27050,80235
841210,609,611,599.5,607.75,32425,83205
841211,611,611,605,605.5,24775,86375
841212,602,603.75,597.5,598.25,29595,88995
841213,598,601.75,596.25,599.5,26095,89885
841214,601.5,609.5,600.5,604.5,26510,90775
841217,600,605.25,599.5,602.75,20540,94575
841218,606,609,603.5,607.25,27875,94510
841219,608,608.75,603.75,603.75,47025,99305
841220,605.5,606.25,599.75,600,50115,105690
841221,601.5,602.5,598.5,600,40125,107270
841224,600,601.75,598.75,600.75,12155,108265
841226,602,606,601.25,602.75,34890,111420
841227,602,602,590,590.25,89735,135275
841228,591,592.5,586.5,587,83140,150290
841231,588,589,584.5,585.25,36075,153115
850102,582,586,579,581.75,80240,154900
850103,582,587.75,581.75,586.5,79400,157135
850104,587.5,588.5,573,573.5,123395,160165
850107,571.5,587.5,569.5,586,145385,159590
850108,582,586,577.5,578.25,139590,164320
850109,583,589.5,581,588.5,105450,165155
850110,587,596.75,586,591.5,109875,161950
850111,591.5,591.5,587,588.5,81340,161295
850114,585,591.25,584,589.25,87355,163335
850115,592,595.25,591,594.25,71165,165215
850116,597,599.5,592.25,594.75,88985,166460
850117,595,600.5,594,599.75,78205,167915
850118,603,609,600.25,606,140110,166660
850121,606,609,604,608.75,67090,166360
850122,608,608,594.5,596.5,100255,165435
850123,594.5,601.75,592,601,91445,163665
850124,602.5,608.5,593,593.25,148255,164380
850125,592.75,598.5,592.75,597,60185,161725
850128,602,612.5,602,608.25,129885,162755
850129,606,608.5,598,598.5,117425,159485
850130,602,607.5,600,604,90765,155535
850131,608,609,599.5,601.25,104540,154740
850201,598.5,607,596,606.75,97975,151025
850204,599,603.5,593,594,102345,147965
850205,594.5,603,593.75,601.75,84015,148495
850206,602.5,603,597,597.75,83720,143880
850207,597,601,595.5,599,71540,142170
850208,599.5,599.5,595,596.75,66065,139330
850211,593.5,593.5,586,589.75,83765,137230
850212,587.5,588,576.5,577,97815,132900
850213,577.5,581.25,576.25,579.25,63695,133230
850214,578,581.25,571.5,573.5,79840,132195
850215,576,582,574.25,581,73630,127690
850219,576,579,569,578,92750,126845
850220,578.5,580.5,573.5,579.5,74240,122045
850221,577,579,570.75,578.5,86665,120160
850222,575,576.5,571.75,572.75,43685,110495
850225,565,565,559,562.75,57065,98130
850226,562.5,568.5,561.75,564.75,73740,80915
850227,569,570,562.5,564.25,98435,56595
850228,562,564.25,560.5,560.75,43235,47985
850301,562,567,560.5,565.5,40085,40540
850304,564,566.75,560,566.25,30250,28280
850305,565.5,571.75,564,571.25,29535,19955
850306,574,576.5,571.25,573.75,22495,16695
850307,576,576,569.75,572.75,13905,13420
850308,574,578,572.75,575.25,9980,11440
850311,579,579.5,578,578.75,6060,10810
850312,577,577.5,574.5,574.75,6270,10035
850313,576,580.5,576,576.75,4905,9020
850314,579,583.25,576.25,582.5,4025,7080
850315,585,587,584,584.25,5650,4275
850318,587,593,585,591,4475,2885
850319,596.5,604,594.75,604,3025,1565
850320,595,599.25,595,597.75,1665,380
