840127,754.25,754.25,754,754,15,25
840130,751.5,751.5,751.5,751.5,0,25
840131,750,750,750,750,5,30
840201,752,752.5,752,752.5,10,40
840202,757,757,757,757,0,40
840203,755.5,755.5,753.5,753.5,5,45
840206,751,751,747,750,15,60
840207,748,748,746,746,30,80
840208,750,750,750,750,0,80
840209,744,744,736,736,50,125
840210,739,739,739,739,10,135
840213,735,735,731,734.5,145,215
840214,735,741,735,737.5,30,245
840215,740,740,735,735,40,230
840216,734,734,729.5,729.5,25,255
840217,740,746,740,745,65,255
840221,732.5,738.5,732.5,738.5,35,260
840222,742.5,750,742.5,745,170,385
840223,744.5,744.5,744.5,744.5,5,385
840224,742,742.5,742,742.5,5,380
840227,740.5,742.5,740.5,742.5,10,390
840228,741.5,745.5,741,741,65,355
840229,743,753,743,752,90,355
840301,755,758,754,757,15,360
840302,763,765,760,762,90,330
840305,763,768,763,768,10,335
840306,770,771,770,771,5,340
840307,763,769,763,769,15,350
840308,768.5,771.5,767,771.5,25,355
840309,771,773,770,770,45,390
840312,769,769,764,764.5,20,395
840313,755,755,755,755,0,395
840314,755,756,753.5,755,35,410
840315,756,756,754,754,100,405
840316,753,760,753,757,15,400
840319,754,754,754,754,0,400
840320,753,760,753,760,5,400
840321,760,761,759,759,20,410
840322,764.5,767,763,767,10,410
840323,768,768,765,768,5,415
840326,770,770,770,770,0,415
840327,770,770,763.5,763.5,205,465
840328,764.5,764.5,764.5,764.5,0,465
840329,767,767,767,767,0,465
840330,764,768.5,764,768.5,10,470
840402,772,776,771,771,70,460
840403,771,774,770,773.5,50,510
840404,777,777,773,773.5,30,535
840405,767,767,763,763,30,510
840406,760,764.5,760,764.5,15,515
840409,765.5,768,765.5,767,15,525
840410,764,764,760,760,130,500
840411,761,761,752,752,55,550
840412,751,752,749,749,25,545
840413,751,751.5,749,749,15,560
840416,745,747,745,746.5,10,550
840417,745.5,745.5,745.5,745.5,0,550
840418,744.5,752,744.5,752,25,550
840419,750,752,750,752,10,555
840423,754,757,752.5,757,20,560
840424,760,762,754,754,25,570
840425,753.25,756,753.25,756,10,575
840426,752,753,741.5,741.5,95,580
840427,743,743.5,741,742,100,545
840430,741,747,737,737,40,565
840501,744.5,744.5,744.5,744.5,0,565
840502,746,748.5,745,748.5,60,560
840503,750,750,747.5,748.5,70,595
840504,751,751.5,750,751.5,55,600
840507,750,751,749,751,5,605
840508,750,760.5,750,754,90,655
840509,755,755,752,753.5,120,700
840510,750,751,748,748.5,160,755
840511,758.5,758.5,754.5,754.5,20,750
840514,754.5,758.5,754,758.5,1030,1505
840515,760,767,760,762.5,160,1610
840516,764,772,764,772,895,2475
840517,773.5,776.5,771,771,130,2475
840518,775,779,773.5,779,55,2480
840521,778,778,774,775.5,285,2735
840522,774,774,767.5,769,100,2770
840523,766,767,765.5,767,80,2775
840524,768,774,762,772,45,2815
840525,776,779,773,773,40,2825
840529,765,769,764,769,15,2840
840530,768,775,768,775,320,3040
840531,775,784,773,777,175,3135
840601,774.5,777,759,759,230,3100
840604,759,765,755,755,150,3155
840605,754,760,754,760,25,3150
840606,759.5,763.5,756.5,763.5,20,3155
840607,755,756,748,752.5,105,3205
840608,750.5,754,743,743,155,3200
840611,740,748,736,748,55,3195
840612,750,750,740.5,740.5,70,3190
840613,745,759,745,759,220,3185
840614,753,753,753,753,0,3185
840615,748.5,752,746,746,85,3225
840618,748,764,748,764,90,3255
840619,768,794,768,786.5,260,3260
840620,774,797,774,789.5,510,3310
840621,790,793,783.5,793,230,3445
840622,783,795,778,778,215,3405
840625,775,778,770,770.5,280,3590
840626,771,772,745.5,748,580,3785
840627,745.5,750.5,737,745,245,3825
840628,748,750,744,744,60,3870
840629,757.5,767,756,761,330,3975
840702,761.5,764,736,737,150,3950
840703,732,732,717,719.5,235,3945
840705,704,707,689.5,689.5,280,4005
840706,690,702,686,696,480,4010
840709,707,720,705,716.5,450,4260
840710,703,705,686.5,686.5,235,4305
840711,677.5,685,665,669.5,940,4890
840712,679,689,670,680,295,4940
840713,691,691,667,675.5,245,4975
840716,674,674,663,671,300,4925
840717,667,675,656,657.5,610,5035
840718,654,677,652,677,450,5050
840719,682,689.5,668,674.5,270,5040
840720,666.5,670,661,663.75,255,4995
840723,658,670,656.5,669,120,5015
840724,670,673.5,655,655,265,4950
840725,656.5,658,644,654,340,4925
840726,652.5,661,643.5,644.5,190,5000
840727,643.5,649,640,644,1040,5465
840730,644,650,641.5,645.25,2715,5925
840731,651,654,643,646.5,1155,5520
840801,651,654,648,654,155,5560
840802,661,677,661,672,355,5460
840803,677,677.5,664,670,620,5765
840806,673.5,676,666.5,673,305,5905
840807,669,679,665,670.5,785,5835
840808,665.5,667.5,660,660,250,5840
840809,660,662,650.5,661,935,5940
840810,660,663.5,654,654,395,5765
840813,663.5,679,660.5,679,480,5960
840814,684.5,696.5,683.5,696.5,695,5995
840815,692.5,698,688,696.5,1205,5960
840816,691,700,688,700,305,5990
840817,687,688,677.5,678,445,6190
840820,670,670,649,650,655,6200
840821,645.5,653,643.5,652.5,1085,6045
840822,656.5,674.5,652.5,671.5,530,6115
840823,669,671,660,660.5,430,6165
840824,664,673,662,669.5,1875,5900
840827,678.5,695,678.5,692.5,1170,5700
840828,693.5,694,682,685.5,1035,5950
840829,693,693,677,678,790,6080
840830,675,689,674,688.75,450,6080
840831,687.5,691,669.5,675,810,6105
840904,656.5,663.5,649,663.5,1025,6050
840905,669,673,662,673,685,6055
840906,670.5,673.5,668,668,600,6420
840907,665,674.5,662.5,670,825,6335
840910,668.5,675,666,670.5,510,6445
840911,669.5,673,666,668.5,530,6550
840912,670,671,669,670,790,6690
840913,650,650,640,640,2305,5835
840914,640,649.5,639,641.25,1775,6025
840917,634.5,635,624,624.5,1425,6415
840918,629.5,629.5,624,629.5,2135,6855
840919,633,635,631,635,1635,7040
840920,632.5,633,626,627.5,2350,7795
840921,602,640.5,601,632.5,2400,8205
840924,634.5,635.5,625,625.25,2050,9030
840925,626,631.5,624,631,3265,9995
840926,631.5,641,627,627.25,2625,10165
840927,631,639,629.5,638.75,2260,10545
840928,637,637.5,625,627,4695,12465
841001,626,630,623,626.25,3215,12975
841002,624.5,634,624.5,626,3145,12335
841003,627,631,625,626.75,1800,12080
841004,628.5,633,628.5,629.25,2655,12495
841005,629,634,626,626.25,2770,13050
841008,630,633.5,629.5,633.25,1515,13140
841009,631,637,630.25,636.5,4080,15160
841010,638.5,644,637,644,2455,15880
841011,646.5,650.5,643,650.25,5895,16635
841012,661,663.5,656.5,661.25,4805,17500
841015,664,670.5,662.5,668.75,3495,16985
841016,667,671,663,670.75,8600,20090
841017,670,670,662.5,666.25,4110,20365
841018,664,664.5,659.5,659.75,3245,20460
841019,663.5,669.5,663,668.25,5535,21405
841022,668.5,678,662,662.25,7940,20560
841023,662,670,659.5,669.75,4730,22285
841024,671.5,676.75,655.5,659,4645,22590
841025,661.5,668,661.5,668,2135,22685
841026,663,667.5,662,663.5,3215,23885
841029,655.5,658.5,653,654,6345,24225
841030,657,659,651,654.75,8455,26315
841031,656.5,662.5,656.5,659.75,5590,26765
841101,669,676.5,666,671,8300,29885
841102,668,669,664,664.75,8290,30780
841105,656.5,661.5,655.25,659.5,6050,32670
841106,658,670,657.5,662.5,5610,33570
841107,666,670,662,667.75,4370,34995
841108,663.5,667,661,661.5,2535,35965
841109,663,664.5,659.5,660,7715,38875
841112,674,674,664,664.25,7075,39915
841113,664,665,658.5,658.75,9670,40120
841114,659,659.5,653,653.75,7645,41190
841115,652,655.5,651,651.5,7325,42395
841116,658.5,659,650.5,650.75,9010,42665
841119,650,650.5,641,641.25,6770,42910
841120,640.5,645.5,640.5,643.25,7530,42990
841121,642,647,641.25,644,4435,42645
841123,644.5,646,640,640,4625,43215
841126,637,637,631,631.5,11025,46345
841127,633,635.5,624.5,624.75,10830,47385
841128,627.5,633.5,623,631.5,12965,47105
841129,633,635,630,632.25,8415,45525
841130,631.25,635,629,634.25,9295,44725
841203,636,638,631.25,636.75,6930,45215
841204,640.5,640.5,634,634.25,6040,45245
841205,632.5,634,626.5,627,5645,45530
841206,625,632.75,624.5,631.25,7765,46300
841207,628,628.5,620,621.25,9160,47025
841210,621,624,612,620.75,12085,48355
841211,624,624.5,618.25,618.5,6665,49230
841212,616.5,616.5,610,610.25,9390,50770
841213,609,614.5,608.5,612.5,8115,50025
841214,615,622,613.5,617.5,8490,50555
841217,615,618,612.5,616,5720,51225
841218,616.5,622,616.25,620.25,6835,52020
841219,620.5,621.5,616.5,616.75,7400,53960
841220,618.5,619,612.5,612.75,12310,55710
841221,615,615,611,611.75,8005,56445
841224,613,614,611.5,613.25,1330,56780
841226,614,618.5,613.75,615.5,6040,58030
841227,614.75,614.75,603.5,603.75,16430,62765
841228,605,605.5,600,600.25,17550,63990
841231,601,601,597.25,599,8440,64190
850102,595,599.25,593.5,595.25,14435,64475
850103,596,601,595,599.75,10080,64790
850104,601,601.5,585,585.25,14240,66270
850107,584,599.5,581.75,597.5,25840,67075
850108,594,597.5,588.5,589,17525,68985
850109,594,601.5,592,600.5,20840,69830
850110,598,608.5,598,602.5,18710,71540
850111,604,604,598.75,600,13995,71660
850114,598,603,596,600.75,12420,73220
850115,603,607,603,606,14025,75155
850116,609,611,604,606.25,13215,76310
850117,607.5,610,605,609.75,16120,78470
850118,612,620,611.5,617.25,28120,81915
850121,618,620.5,616,620.25,14130,84030
850122,621,621,605.75,607.5,16505,84610
850123,606,612.5,603.5,612,16820,85555
850124,612.5,619,604,604.25,23720,86115
850125,603,609.5,603,608.75,9675,86225
850128,614,624,614,620.5,22385,87985
850129,618.5,620.5,610.5,610.75,24485,89100
850130,614,619,612,616.5,15345,90435
850131,620.5,620.5,612,613.25,18230,92780
850201,609,619.5,608.5,618.75,20180,94815
850204,611,615.25,605.5,606.75,19860,94010
850205,608.5,614.5,605.75,613.75,13705,94510
850206,611.5,615,609.5,610,13715,94260
850207,609,612.75,607.5,611.25,12820,94955
850208,612,612,607.25,609.25,14440,95335
850211,606,606,598.5,602.25,23790,95710
850212,601,601,589,589.25,33875,99155
850213,590.5,593.75,589,591.75,17620,99590
850214,591.5,594,584,585.5,26700,102245
850215,591,594.5,587.25,593.75,25645,104190
850219,588,591.5,583,590.75,31190,104965
850220,590.5,593.5,587,592.5,25325,107235
850221,590,592,584,591.25,30375,109760
850222,587,589.5,584.75,586.25,55885,110940
850225,579,579,572,575.75,86215,116365
850226,576,581.5,574.5,577.5,91055,126010
850227,582,583,574.5,576.75,103280,143985
850228,576,576.5,572.5,573,67900,149210
850301,573,578,572.5,576.5,86330,147700
850304,573,576.25,570.75,575.75,83390,146205
850305,576,581,573.25,580.25,88055,148845
850306,584,586,581,582.5,91375,148395
850307,583,584,578.5,582,71160,150520
850308,583,589,581.5,585.25,77665,151405
850311,588,589.5,587.5,588.25,50685,150330
850312,584,587,582.5,582.75,62170,150810
850313,584,589,584,584.75,70085,147660
850314,585,591,583.75,590.25,66845,147975
850315,593,594.5,590,591.5,81590,144445
850318,594,599.5,592,597.75,77655,143775
850319,603,610,602,609,131675,150275
850320,604,607,601.25,603.25,92355,147880
850321,608,611.75,603.5,604.5,92840,148300
850322,603,609,600.5,604.5,75280,147720
850325,604,606.5,602.5,606.25,57095,143705
850326,610,612,605.25,607.25,95560,142215
850327,613,614,607,608,98705,141130
850328,607,608.5,604,607.25,74365,142770
850329,610,610.5,604,605.5,65595,141930
850401,601.5,602.25,599,599.75,61685,142970
850402,601,601,597,600.75,63800,139985
850403,600,603.75,598.75,601.75,69650,135250
850404,599.5,604.5,598.75,604,62490,134090
850408,603,608.5,602,607.5,73810,128925
850409,605.5,609.75,604.25,604.5,43530,126765
850410,606.5,607.5,601.25,601.75,46805,121885
850411,605,608.5,604,608,48890,122905
850412,606,609.75,598.5,599.25,59725,117560
850415,600,602,594,595,46660,112080
850416,592,597,592,594.5,41610,105640
850417,594.5,596.5,591,592,35565,100950
850418,594.5,596.75,593.5,595.75,30295,100370
850419,595,598.5,591.5,597.5,43040,93770
850422,598,600,595.75,597.25,26285,88990
850423,595.5,597.25,592.25,595,29975,85600
850424,595,599.75,595,599.5,40760,83060
850425,598,604,597.5,598.25,49985,75200
850426,597,598,595,595.75,39165,67820
850429,594.5,598,592,592.75,65795,49890
850430,593,594.25,585,588,43440,42410
850501,587.5,590.75,585.25,589.25,24070,37310
850502,588,588,580.25,581.25,30140,27210
850503,583.5,583.5,577.25,577.5,14280,24440
850506,578.5,584,577,583.75,8590,22315
850507,585,586.5,574.5,576.75,18660,18255
850508,576,583,574.5,579.5,8675,15480
850509,579.5,583,578,582.25,7370,13430
850510,584,590.5,584,590.25,7505,10835
850513,588,589,582.75,584.75,4660,9650
850514,585,587.75,582.25,584.5,1610,8925
850515,584,587.5,582.5,585,2070,8090
850516,585,586.5,580.5,581,4575,5475
850517,582,582,575.5,577.25,3710,3350
850520,579,580,575,579.25,2085,1540
850521,579,580.25,568,568,1575,360
