850703,578,578,576,576,20,5
850705,599,599,599,599,0,5
850708,600.5,600.5,600.5,600.5,0,5
850709,589,589,589,589,0,5
850710,591,599.5,591,599.5,5,10
850711,600,600,596,599,15,20
850712,617,617,617,617,0,20
850715,607,609,605,606,285,240
850716,605,605,591,591,215,375
850717,599,599,584.5,587,155,445
850718,582,585,582,582.5,30,415
850719,575,576,572,573,130,505
850722,573,581,573,579,80,515
850723,581,583,565.5,565.75,60,540
850724,566.5,566.5,564,564,105,625
850725,565,569.5,565,565.5,40,640
850726,565.5,567,560,560,125,675
850729,556,564,555.5,555.5,140,800
850730,554,554,544,544,80,865
850731,549.5,550,544.5,550,95,945
850801,551.5,555,551.5,555,40,925
850802,556.5,556.5,550,550,10,930
850805,544,548,544,548,70,930
850806,547,547,545,546,75,935
850807,549,551,549,549,50,915
850808,548,548.5,540,540,30,935
850809,540,541,535.5,535.5,95,940
850812,537,541,537,540.5,80,955
850813,537,537,537,537,0,955
850814,540,545,540,542,360,1310
850815,542,546,542,546,240,1305
850816,547,547,538.5,538.5,300,1570
850819,537.5,537.5,537.5,537.5,5,1570
850820,536.5,537,536,536,10,1575
850821,539,541,539,540.5,10,1575
850822,541,543,537.5,543,320,1785
850823,543,543,538.5,538.5,105,1885
850826,538,539,536.5,536.5,190,1920
850827,535.5,540.5,535.5,540,110,1870
850828,544,544,538.5,538.5,25,1875
850829,538.5,542,538.5,541.25,110,1905
850830,544,544,541.5,543,15,1910
850903,541.5,544,539.5,539.5,670,1945
850904,540.5,547,538.5,547,285,2175
850905,548,553.5,544,551,10,2175
850906,548,550,545,545,25,2200
850909,542,543,540,540,30,2195
850910,539.5,544,539.5,543,80,2215
850911,544,544,541,542.5,100,2220
850912,543.5,545,539,545,50,2240
850913,547,547,542.5,543,20,2250
850916,543.5,550,543,549,85,2285
850917,551.5,555,550.5,554,100,2310
850918,554.5,554.5,551,552,110,2320
850919,552,554,548.5,548.5,160,2325
850920,547.5,547.5,543.5,545,45,2355
850923,555,562.5,553.5,562.5,215,2385
850924,559,565,558,562,310,2450
850925,562,566,560,560.5,205,2555
850926,560,560,558,558,45,2530
850927,556.75,558,556,556,575,2005
850930,557.5,559,553,553,400,2080
851001,555,555.5,554,554,380,1930
851002,552,553,550,550,215,1865
851003,550,553,549.5,549.5,125,1795
851004,550,550,547,548,55,1905
851007,545.5,546.5,541.5,544.5,305,1950
851008,546,547,546,546,290,1995
851009,548.5,551,547,547,240,2000
851010,551,551,547,547,895,2295
851011,545,545.5,543,543,155,2365
851014,543.5,545,543,545,155,2350
851015,547,547,545.5,545.5,90,2405
851016,543,544,542.5,542.5,85,2425
851017,544,548,544,548,110,2470
851018,549.5,551.25,548,548.5,285,2330
851021,549,549,547.5,549,140,2360
851022,549.5,553,548,551.5,195,2445
851023,549.5,551.5,548,548,180,2440
851024,547,548.5,546.5,546.5,160,2505
851025,545.5,545.5,544.5,544.5,45,2460
851028,544,548.5,544,544,180,2515
851029,547,547.5,546.25,546.5,45,2550
851030,548.5,548.5,546.5,546.5,195,2685
851031,551,556.5,551,554,580,3040
851101,556.5,557.5,553.5,554,1190,3035
851104,554.5,555.5,553,553,60,2975
851105,552.5,558.5,552,558.5,425,3055
851106,559,559,552,553.5,430,3115
851107,552.5,552.5,550,550,310,3230
851108,552.25,555,551,551,330,3285
851111,553,553,551,551,160,3360
851112,551,551,548.5,548.5,1210,3355
851113,548,550.75,544,544,420,3555
851114,543,544.5,539,539,865,3790
851115,538.5,541,531,531.25,915,3760
851118,529,529,513,513,1395,3910
851119,520.5,522,515,520,665,4185
851120,520,520,507.5,508.5,1060,4235
851121,500,506,498.5,506,1975,5290
851122,509.5,512.5,509,512.5,460,5255
851125,508,508,503,506.5,1695,5405
851126,509.5,513,508.5,513,100,5420
851127,514.5,517.5,514,517.25,660,5530
851129,522.5,523,518.5,518.5,840,5520
851202,520,520,512,514,350,5480
851203,512,523.5,512,523.5,1095,5190
851204,530,533.5,528.5,533,940,5070
851205,528.5,534.5,528.5,531.5,1710,5340
851206,531,533.5,530.5,530.5,405,5435
851209,530,534.5,530,534,1815,5825
851210,537,540.5,535,540.5,1405,5430
851211,540,543.5,538,538,780,5510
851212,544.5,551,544.5,550,1080,6075
851213,542,547.5,542,547.5,340,6150
851216,547,554.5,546.5,552.5,305,6130
851217,553.5,558,551,552.5,310,6130
851218,551.5,554,549.5,551,455,6230
851219,553,567,553,567,445,6155
851220,564,571,564,567.75,610,6015
851223,566,567,565,566,435,6255
851224,566.5,568,562,568,360,6225
851226,570,572,567.5,567.5,260,6445
851227,564,564.5,558.5,558.5,230,6415
851230,564.5,564.5,562,563,395,6560
851231,563,563.5,563,563.5,460,6595
860102,561,569,559.5,566.25,1180,6555
860103,563.5,564.5,556.5,558,155,6605
860106,557,561.5,555.5,560,170,6615
860107,567,572,567,570,385,6660
860108,570.5,572,567,572,525,6605
860109,570.5,572.5,564,570,730,6845
860110,566.5,566.5,563.5,563.5,655,7315
860113,554,554.5,550,550,80,7320
860114,546.5,553,546,552,410,7465
860115,561,565,560,563,475,7245
860116,565.5,565.5,558,558,555,7275
860117,555.5,562.5,555.5,556,1250,7620
860120,552,564,552,562,145,7615
860121,562,562,553,553,755,7840
860122,554,557.5,553,556.5,855,8015
860123,559,559,553,553,265,7920
860124,550.5,557.5,550.5,554.5,160,7895
860127,555,557.5,554.5,555,50,7895
860128,556,556.5,554.5,556.25,150,7895
860129,555,556,553.5,554.75,280,7990
860130,555,558,554.5,556.5,65,7990
860131,553,553,549,550.25,1265,8685
860203,546,547.5,544.5,544.75,215,8745
860204,543,544,541.5,543,390,8560
860205,548,550,548,549.75,675,8410
860206,550,550,545,546,245,8575
860207,544.5,548.5,543.5,543.5,530,8565
860210,543.75,546,543.75,546,70,8580
860211,543,549.25,543,545,670,8465
860212,544.5,546.5,536.5,536.75,480,8405
860213,538,540,536.5,539.5,725,8275
860214,539.5,540.5,537.5,537.5,1020,8310
860218,538,540.5,536.5,536.5,420,8290
860219,540.5,541.5,535,535,1990,9385
860220,535,535,529,530,295,9435
860221,531,534,528.75,533.75,2225,10355
860224,534,534,531,532.25,1585,10920
860225,532.5,532.5,529,529.25,755,11145
860226,529.5,530,527,528,2060,11430
860227,532.5,534,527,530,1705,11775
860228,531,531,528.5,529.75,1685,11300
860303,530.5,530.5,528,528,480,11235
860304,529,535,529,533.5,1840,11200
860305,533.25,535,532,533,1340,11515
860306,533.5,539.5,533.5,539.5,1330,11540
860307,540,541,535.5,535.75,1400,11965
860310,534,539.5,534,538.5,900,12065
860311,539,539.75,537,538,1495,12545
860312,538.5,542.5,537.75,542,1320,12595
860313,542.25,544,539.5,539.5,1780,12190
860314,539.5,540.5,538,538,255,12160
860317,540.5,541.25,539,539,955,11960
860318,540.5,542,540.25,541.75,570,11825
860319,539.5,542.5,536.5,538.75,1250,12150
860320,539.5,539.5,533.75,534.25,2885,12385
860321,533,535,531.5,533.25,2300,13095
860324,532,532,529,529.5,3035,13075
860325,528.5,531,526,531,4025,15240
860326,532.25,536,531,535.5,5865,16610
860327,536.5,537,532,532.25,6645,17845
860331,532,545,531.75,540.5,3710,18925
860401,540.5,545,539.5,543.5,2845,17975
860402,541,543,538,538.25,1390,18050
860403,536.5,537,525,525,2680,18295
860404,526,526.25,520,520,5325,19510
860407,522,524.5,521.25,523.25,1575,19385
860408,525.5,526.5,523,526,1195,19635
860409,522,522.25,517,519.25,2825,19490
860410,519.5,526,517.5,521.25,2840,19170
860411,520.75,523,518.75,519.5,2235,18755
860414,519.5,520.75,517.5,520,4090,17795
860415,519.5,521.75,519.5,520,2905,17225
860416,522,522.25,515,515.75,5420,18755
860417,515.75,518.5,512.75,518.5,4570,18610
860418,518.25,520,517.25,518.25,1475,18505
860421,517.5,518.25,515.5,518,2290,19050
860422,518,525,518,521.25,1470,19285
860423,522.25,522.25,518.75,520.75,1275,19665
860424,520.5,521,519,519.25,4320,19900
860425,520,521,519,519.25,2275,20180
860428,518.5,522.5,518.5,522.25,1740,21030
860429,523.5,537,523,532,8300,21040
860430,536,562,533,550.25,17110,25005
860501,548,548.5,531,532,6880,23515
860502,530.5,534,529,531.5,5350,24685
860505,533.5,535.75,532,535,3900,23970
860506,534,535.75,530.5,534.5,3195,24460
860507,533.5,534.5,529.5,532.25,4385,25155
860508,536,553,536,539.5,11055,25730
860509,540.5,542.5,537,539.75,4335,25760
860512,533,536.5,530.25,533.75,5060,25375
860513,535,540,535,536.75,3865,25945
860514,535,537.5,535,536.25,1300,26045
860515,536.5,539,526.5,526.75,5730,25610
860516,524.5,528,524.5,527,2785,25995
860519,525.5,527.75,523,527.25,3175,25805
860520,526.75,529,525.25,527.5,3005,25550
860521,528,529,525.25,525.5,5045,25835
860522,524.25,527.25,524.25,526,4775,25030
860523,526,528,525.5,526.5,4235,25645
860527,526.5,529,524.75,526.5,3895,25475
860528,527,527.25,525,526,4055,25905
860529,525,526.75,525,525.25,4345,26310
860530,524,524.5,519.25,520.25,6875,28830
860602,519,521.5,518,519.25,5070,28970
860603,520.5,522.5,519.5,520.25,7890,28470
860604,520.5,522.75,519.75,521.75,6520,29935
860605,521.5,524.25,521,524.25,8885,31580
860606,525,526.25,525,525.75,9305,32175
860609,526,526,521.5,522,9215,33535
860610,522.5,525.25,521.25,524.75,6030,32660
860611,525.5,526,523.5,525.25,8705,34620
860612,524.5,525,523.5,524,5935,35165
860613,524.5,524.5,519.75,520,10165,35735
860616,520.5,522.25,519,519,7005,35655
860617,519,525,518,520.25,17595,37950
860618,520,524.25,520,523,6965,39675
860619,522,525,522,524.75,16150,41090
860620,523.5,524.25,521.75,522.75,15390,43075
860623,522,522,520.25,521,12320,46060
860624,520,520.75,516,516.25,20165,50330
860625,516.5,517,512,512.5,21690,52215
860626,511,513.75,511,511.25,21630,54395
860627,511,512.25,509.25,510.75,21955,55760
860630,509.25,509.25,502,502.25,19590,57070
860701,501,502.75,498.75,499.25,23845,58295
860702,500.5,505,500.5,504.75,24640,58760
860703,507,508.5,506,506.75,25065,60010
860707,505.5,505.5,499,502.5,25175,61205
860708,501,509,501,505.5,35090,61680
860709,509,510.5,506.5,506.75,27185,60740
860710,506,507.5,504.5,507.25,34700,60625
860711,507,511.5,507,508.75,34990,60075
860714,506,510.75,506,510,35495,54815
860715,513.5,516.5,513.5,516.25,52980,54690
860716,520,529,517.25,527.5,70690,52600
860717,525,526.75,521,521.25,38570,52735
860718,519.5,522.5,518.25,520.5,28500,53125
860721,523.5,528.25,523.5,527.25,27605,51715
860722,525,525,519,521.25,27860,47525
860723,524,525.5,522,522.75,12660,46000
860724,523.5,523.75,519.25,519.5,17520,46370
860725,518.25,523,517.5,522.25,15380,44050
860728,523.5,525.25,520.5,521.25,19720,41065
860729,521.5,522,518.25,519,22265,38550
860730,522,525.25,520.5,521.5,40310,34745
860731,519,519.5,513.5,515,28775,33365
860801,515,519,508.75,513.25,24280,33085
860804,508,509.5,506.5,508.25,12365,30595
860805,507.5,507.5,504,504.5,18340,27985
860806,501.75,505.25,501.5,504.75,10485,25550
860807,505,506,502.5,503.75,19390,23430
860808,504.5,507.5,502,502.5,16465,19510
860811,502,503.75,500,501.75,9985,18670
860812,502,503,500.5,501.25,9285,16585
860813,496,500.5,496,500,7380,15250
860814,504,512,504,511.75,10440,12715
860815,514.5,516,512,513.5,8505,9060
860818,514.5,531,514,529,7500,4705
860819,535,538.5,515,515,6360,1330
860820,515,521,508,519.25,1980,515
