850724,540,543,538.5,538.5,295,250
850725,539,541,538,540,200,335
850726,540,543,540,540,215,450
850729,537,540,537,538,75,440
850730,538,538,533.5,535,240,525
850731,537,539,533,536,140,515
850801,538,539,536,538,145,635
850802,541,541,535,535,130,745
850805,534,534,531,533,110,800
850806,533,534,530,531,285,795
850807,535,536,533,533,95,805
850808,533,533,528,530,540,880
850809,530.5,533,530,530,105,940
850812,530.5,533.5,530.5,533,380,1125
850813,530,534,530,531.25,380,1180
850814,531.5,537,530.5,535,115,1195
850815,537,541,536,541,290,1405
850816,540,540,535,535.75,105,1465
850819,533,535,530.5,532,665,1655
850820,531.5,534,531.25,533,235,1880
850821,535,538.5,532,538.5,195,1805
850822,537,540,535.5,539,165,1855
850823,538,539.5,535.5,535.75,470,1945
850826,535.5,535.5,533.5,534,435,2125
850827,533.5,536,531.5,536,455,2265
850828,537,538,533.5,535,315,2430
850829,534.5,537,533.5,535.5,395,2450
850830,537,538.25,535.5,538,610,2610
850903,536,540.5,536,536.75,360,2740
850904,538,545,535.5,545,395,2850
850905,545.5,548,541,547,270,2975
850906,544,545.5,542.5,543.25,390,2950
850909,540,541.5,538,538,490,2985
850910,538.5,541,536,539,1205,3315
850911,539,539,535,536.5,900,3440
850912,537,538,532.5,534,1025,3635
850913,535,537.5,534,536.5,710,3555
850916,535.5,539,534.5,538.5,970,3580
850917,539.5,542,538,542,590,3615
850918,540.5,543,539,542,745,3920
850919,541.5,541.5,538,538,540,4155
850920,540.5,541,533,536.5,520,4260
850923,542,552,542,551.5,825,4500
850924,547.5,552.5,546.5,552.5,880,4785
850925,550,556.5,549.5,551,510,4865
850926,550,551,548,548,290,4795
850927,547.25,548.5,546.5,546.75,255,4815
850930,546,548.5,545,545.5,385,4960
851001,546,548,544,546.5,300,4980
851002,546.5,547,543,543.25,1105,5395
851003,543,546.5,542.5,543.25,870,5500
851004,543,544.5,541.25,543.25,1565,5295
851007,541.5,541.5,535.5,538,1085,5535
851008,539.5,541,536,537.5,2035,6220
851009,538.5,538.5,531.5,534,3085,6405
851010,534,536.5,532.5,533,1245,6940
851011,532.5,532.5,528,529,3040,7775
851014,527,531,527,531,480,7770
851015,531,534.25,530.25,533,1510,8065
851016,531.5,532.75,530,531.75,965,8215
851017,533,537,532.5,536.5,755,8315
851018,537,539.5,536.5,537.5,700,8575
851021,538,538,534,537,2155,9600
851022,536.5,536.75,532.25,535.75,3280,10730
851023,535,535.5,532.5,532.5,1455,11275
851024,531,532,527.5,528.75,3050,12235
851025,527.25,530,526.5,529,3790,13820
851028,527.5,532,527.5,529,2795,13830
851029,531,532.5,530,531,1595,14350
851030,532,532,530,531.25,2595,15640
851031,534,539,533,535.25,4410,16840
851101,536.5,536.75,532,533,3350,17510
851104,531,534,530.25,532,2700,18165
851105,531,536,529,535.5,3845,18875
851106,537,538,532,534.75,5435,19755
851107,533,534.5,531.5,531.75,4195,20095
851108,532.5,535,531,531.75,2915,20495
851111,532,532,528.5,528.5,4270,21460
851112,528,530,526.5,528.75,6615,22790
851113,528.5,528.5,523,523.75,8060,25265
851114,523,523,519.5,519.75,7635,26595
851115,518.5,523,512.5,512.75,11240,27805
851118,512,512.75,500,500,11220,26700
851119,505,509,503.5,507,7900,27600
851120,506.5,508,502,504.75,9180,27510
851121,498.5,505,498,505,14555,27935
851122,507,510,506.5,509.25,7240,26805
851125,507,507.5,503.75,505.5,8320,28000
851126,507,507.5,505.5,507.25,5090,28420
851127,508,508.5,505,507.75,7550,29685
851129,511,512,509,509.5,6550,32030
851202,509.5,510,507,507.25,5420,33035
851203,506.5,512.5,505.5,512,8195,33150
851204,514.5,517,512.5,514.5,9965,35155
851205,513,515,512,512,5260,35680
851206,513,513,509.5,509.75,3660,36310
851209,510,510,506,508,11390,35130
851210,510,516,510,516,7550,35515
851211,516.5,519,516,516.25,5905,35075
851212,516.5,525,516.5,524.5,10930,36510
851213,518.5,523,518,522.5,7390,37940
851216,522,531,521,528.25,7125,36380
851217,530,538,528.5,534.25,12040,34600
851218,533,538,532.5,535,9320,33390
851219,535,551,535,550.5,13970,34055
851220,552,554.5,548.5,553.5,11090,33855
851223,552.5,555,551,552.25,4560,34175
851224,550,550.5,541,548.25,9780,34775
851226,547,549.5,545.5,545.75,5830,34845
851227,546.5,546.5,539.5,539.75,5075,34225
851230,543,544.75,542,544.5,3145,33780
851231,545.5,546,544,545.5,2875,34040
860102,545,550,543,547.25,7170,34765
860103,545,546,538,538,5590,35820
860106,540.5,540.5,533.5,537.25,8845,35455
860107,540,546.5,540,542.25,13620,36040
860108,542,545,541,544.5,6680,37370
860109,542,545.5,539.5,544.25,9760,37210
860110,542.5,543.5,540.5,541,7925,36800
860113,535,535.5,526.5,527.25,12455,37790
860114,520,526,520,525.25,13950,37930
860115,526,537.5,525.25,525.25,11150,38400
860116,536,537,532,532,5340,38840
860117,530,533.5,529,530.25,8075,39260
860120,528,536.5,527.5,536.25,6160,39325
860121,535,535.5,527,527.5,8990,39865
860122,526.75,531.5,526,530.75,8500,40780
860123,530.5,532.75,528.5,529.75,5120,41310
860124,532,534,528.5,533.25,7510,41565
860127,535,536.5,533.5,535.5,8645,42760
860128,535,535.5,531.5,534.75,5850,43510
860129,534,534.5,531.5,534,5990,44620
860130,533,536,533,533.5,9130,46795
860131,531.5,533,529.25,529.75,9255,48000
860203,528.5,529,525,525.25,9340,49400
860204,524.5,525.5,521.5,522,8800,51275
860205,524,526.5,524,525.75,9440,52325
860206,526,526.5,524,524.25,7005,53905
860207,524.5,526.5,522.5,522.75,8580,54675
860210,522.5,523.75,521.25,523.5,3795,55195
860211,521.5,524.5,520.25,522.25,10345,55365
860212,521.75,523,515,515.25,11520,56975
860213,516,516.5,512,515,15420,57665
860214,514.75,515,509.5,510.25,18245,57860
860218,510,513,508.5,510.25,10795,57700
860219,512.5,516,511,511.25,11835,59335
860220,511,511.5,507,508.25,12040,61960
860221,510,511,507.5,510.25,8215,63100
860224,511,513.75,509,511.75,11695,63760
860225,512,512.5,508,508.25,9890,65185
860226,508.25,510,507.5,507.75,7450,66195
860227,509.5,511.5,505.25,508.75,12270,68930
860228,509,510.5,506.75,510.5,9160,69130
860303,509,510,507.5,507.75,4575,69640
860304,508,511.25,507.25,509.75,15430,71030
860305,509.5,513,509.5,512,14625,72830
860306,513,517.5,512.5,517.5,14355,73755
860307,517.5,519,514,515.75,12380,75475
860310,514.5,518.75,513.25,518.5,7100,75115
860311,518.75,523,518.25,521,18285,78880
860312,522,527.25,521.5,526.25,19835,79150
860313,526,526.25,521.25,521.75,11565,80380
860314,523,523.5,521.25,521.5,9520,80890
860317,522.5,527,522.25,525,10935,82400
860318,526,527.5,525,527.25,11995,81310
860319,523,524.25,519.75,521.75,25550,88215
860320,520,522,514,515.5,21570,85455
860321,514,514.75,511.5,512.5,15195,83535
860324,510,513.75,509.75,511.25,14620,85490
860325,510.5,513,509.75,513,8270,86670
860326,515,518.75,513.5,518.5,18625,87400
860327,518.5,518.5,515,515.25,8440,86570
860331,513,528,512.5,522,28995,88765
860401,522.5,528,521,527.25,17395,89840
860402,525.5,526.5,522.5,522.75,16035,90625
860403,519.5,520.5,511,511.5,32985,89705
860404,512,513,508.25,509,29595,93630
860407,509,514,509,512.75,10340,93905
860408,516.5,517,513,514.75,15895,96055
860409,513.5,513.5,507,508.75,21105,95465
860410,508,511.75,504.5,507.75,25180,97155
860411,507,509.75,506.25,508.5,8135,96715
860414,507.5,509.5,506.5,508.5,7755,96895
860415,508.5,510,506.75,507.75,11435,95810
860416,509,509.75,500.25,500.75,31000,97800
860417,500,503.75,497.25,503.5,32020,96340
860418,504,505,502,503.75,10600,97580
860421,503,504,499.75,503.5,9305,99045
860422,502.5,508.5,502.5,507.5,15675,97880
860423,508,508,504.75,507,8945,98155
860424,507,507.5,504.75,506.75,7560,98635
860425,506.75,508,505.75,507.5,6245,98305
860428,506.75,510,504.5,509.75,12720,97740
860429,512.5,529.5,512.5,522.25,84550,106640
860430,527,552.25,523.5,541.75,95750,116735
860501,540,540,522,524,63430,116810
860502,522,524,517,518.5,44260,115550
860505,520,524,517.5,523.5,26225,118040
860506,522.5,528,519.25,526.75,46210,125920
860507,524,527.5,521.5,523.25,35530,126760
860508,530,552,530,538,96105,136805
860509,538,544,534.5,538.75,45920,137285
860512,534,534,523.5,528,65165,130590
860513,529,536,529,532.25,54765,137990
860514,530,533.25,528,530,41045,139440
860515,530,531,518.5,520.5,88160,135055
860516,517,520,515.5,518.25,52840,132450
860519,515.5,518.25,512.5,517.75,49105,130855
860520,516.5,519.5,513.75,516.25,38665,128725
860521,516.5,517,512,512.75,38130,127725
860522,512,514.5,510.75,512.5,35610,125760
860523,512.5,516.25,511.5,514.75,32915,128775
860527,512.5,515,511.25,512.75,27720,127175
860528,513,514,510,510.75,37880,126375
860529,510,513,509.25,511.25,40205,128900
860530,510,511.5,506.5,506.75,37600,126195
860602,506,507,503,505.25,40345,127160
860603,506.5,508.5,505.25,506.75,28105,129400
860604,507,508,504.75,506.75,24890,129990
860605,507,508,504.25,507.75,30220,129020
860606,509,511.75,509,510.75,39495,132030
860609,510.5,510.5,504,504.5,60430,131890
860610,504,508.75,502.5,508.25,44820,132615
860611,509.5,509.5,505.5,506.75,33025,129150
860612,505.5,505.5,503.5,504.5,29165,128920
860613,503,506,498.5,499.5,56160,132250
860616,500,502,498.25,498.75,39115,135865
860617,499.5,512,499,505.25,99740,138610
860618,505,510,504.25,506.75,48745,141140
860619,506,512,506,511,71020,146315
860620,508,509,506,507.25,43215,140285
860623,504,504.75,502,503.75,49110,140685
860624,502,504.25,498.5,500.5,74935,146355
860625,500,501,494,494.25,88580,148095
860626,494,497.25,493,493.25,51020,151990
860627,494,495,491.75,493.25,46425,152410
860630,491,491,484.5,484.75,48460,151170
860701,484,488.5,483.5,484,62950,154225
860702,485,489.5,485,488.25,36195,155545
860703,489.5,491.5,488.75,490.75,33455,158955
860707,488.5,488.5,481,484,59575,161970
860708,486,494,486,488.25,112050,151885
860709,490,492,485.5,485.75,54635,149130
860710,484,484,479.5,482.75,58170,146100
860711,486,489,485.25,488,49610,148125
860714,484,490,482.5,489,90300,152550
860715,495,503.5,495,501.5,133135,156115
860716,510,518,506.5,516.5,172995,163265
860717,516,516.5,508,508.75,121440,165500
860718,506,508,503,505.25,90910,165335
860721,510,519,509.5,515.75,110150,178015
860722,511,511,503.5,506.5,105105,165365
860723,513,513,506.5,507,62635,165960
860724,507.5,508.5,500.5,501,73460,160460
860725,498.5,506,497,505.75,75240,163525
860728,506,510.5,503.5,506.5,63845,165415
860729,507.5,508,503.75,505.5,53940,165335
860730,512,514.5,510.25,512.25,83795,173510
860731,508,508,497.5,500.5,129295,172460
860801,497.5,505.5,491,499.5,142235,168350
860804,491,492,486,489.5,75010,162805
860805,486,488,480,480.5,97690,163265
860806,477,482.5,477,480.75,77450,167870
860807,481,482.75,474.5,474.75,94135,176510
860808,475,478,473.5,474.75,64560,177530
860811,472.5,480,472.5,478,52660,176030
860812,478,479,475,475.75,38935,178070
860813,468,470.5,466,470.25,89530,178005
860814,472.5,479.5,472.5,476.25,71055,179300
860815,480,480,473,474.5,42985,181685
860818,474.5,479.75,472.5,477.75,59095,185320
860819,481.5,482,471,471.25,92765,190855
860820,470,471.5,468,468.5,50765,189745
860821,468.5,473.75,468.5,471.25,51850,191695
860822,474,474.5,466.75,468.5,79220,194895
860825,468,471,465.25,468.25,57660,197330
860826,469.5,471.5,467.75,468.75,44555,198360
860827,469.5,472.5,467.25,470.75,68780,199140
860828,471.5,472.5,469.5,469.75,39375,199015
860829,473,480,473,479.5,87890,195455
860902,473,473,467.25,470,90325,191070
860903,470,473.75,468.5,473,56555,190575
860904,476.5,477.5,473.75,477.25,58835,190540
860905,480,480,475.75,478.25,64535,189370
860908,475.5,477.75,473.5,477,44790,189450
860909,480,481,475.5,478.5,65105,186190
860910,477.5,480,473,473.25,80620,186500
860911,473,474.5,471.25,474.25,43835,183065
860912,477,477.5,474.25,476.5,51500,184170
860915,474,474.75,472.5,473.25,35600,185400
860916,473,476,472.5,475.25,46365,187785
860917,477,477.5,475.5,477.25,45125,186520
860918,479.5,482,479.25,481.75,83815,189045
860919,483,488.5,483,486.5,115460,192670
860922,487.5,490.5,485,486.5,84935,196140
860923,487,490.5,484.5,488.5,65125,191465
860924,491,494,484,484.25,99925,192545
860925,482,483,479,480.5,75930,188675
860926,482,483.25,479.5,481.75,48600,185915
860929,486.5,490.5,486,490,82740,190150
860930,495,495,486,486.5,81270,186835
861001,487.5,489,484.75,488.25,61280,187505
861002,487,490,485,487.25,70380,193790
861003,488,489.5,481.5,482,91345,193030
861006,477.5,477.5,469.75,470,132055,192110
861007,470,472,469,469.5,84015,187205
861008,469,473.75,469,472.75,62800,184420
861009,473.5,476.25,471.5,471.75,80880,187595
861010,473,474,471.5,472.25,46385,185760
861013,469.75,474,469,472.25,62455,183225
861014,470.5,474.5,470.5,474.25,60190,181425
861015,473,473.5,471.5,472.75,56775,184075
861016,471,477.25,471,476.75,93810,181815
861017,478,478,473.75,474,101490,183640
861020,472,481,472,480.5,127825,179585
861021,481,483,477.5,482.5,98330,165915
861022,485,489.5,483.5,487.75,141900,152980
861023,486.5,487.25,484,485.25,94430,141060
861024,484.75,489,484,486.75,80460,131585
861027,488.5,495,487,494.75,94695,132685
861028,497.5,498.25,491.75,493.75,116010,120205
861029,490,490.5,487.25,488.25,73545,101665
861030,487,498.5,487,497.25,68405,93960
861031,496.5,502,495.5,498.25,70975,81495
861103,498,502,497,501,47480,77570
861104,503.5,504.75,500,500.75,50160,65760
861105,499.5,505,498,504.5,32295,59160
861106,502.5,503,498.25,500.75,40965,46695
861107,499.5,500.25,496,497.25,41295,37775
861110,496,497.5,494.5,495.75,33565,31630
861111,495,500,494.5,498.25,24320,28860
861112,500,500,495.25,496.75,16885,23645
861113,498.5,503.25,498,502.75,17355,20550
861114,502,508,500.5,504.25,21560,13140
861117,502.75,504,499,500,11445,8360
861118,500.5,501,492,494,9955,2390
