870724,530,530,530,530,10,10
870727,537,537,537,537,0,10
870728,540,549,540,549,75,75
870729,545.5,545.5,545.5,545.5,0,75
870730,534,535,534,534.5,10,80
870731,540,540,532,532,5,85
870803,524,524,524,524,0,85
870804,525,525,513,513,45,110
870805,516,518,511,511,95,180
870806,511,511,510.5,510.75,20,195
870807,508,508,500,500,95,235
870810,507,508,505,505,150,345
870811,510,510,505.25,506.5,415,590
870812,501,502.75,499.25,500,610,990
870813,503,507,502,505.5,165,1050
870814,506,511,505.5,510,70,1115
870817,511.5,516,511,514,285,1305
870818,515,515.5,512.5,514,510,1505
870819,515,523,515,520,200,1625
870820,522,524,518.25,518.25,290,1715
870821,518.5,520,514.5,520,505,1835
870824,518,518,515.5,516,355,2140
870825,517,520,516,519.5,805,2230
870826,521,524.5,521,522,340,2470
870827,524,525,521,524,455,2795
870828,524.5,524.5,518.5,519,600,3050
870831,519,519,514.5,515.75,625,3220
870901,516.5,517.5,514.5,517.25,675,3735
870902,519,521,516.75,520.5,825,3915
870903,520.5,524,520.5,522.25,720,4210
870904,521.5,526,521,524.25,815,4515
870908,523.5,529.5,522.5,529.25,590,4545
870909,531,531.5,527,529,730,4690
870910,528.5,534.5,528.5,534.25,1595,5270
870911,535.5,539,534,536.5,900,5555
870914,536,540.5,534.5,538.75,870,5790
870915,540,542.5,535,535.5,325,5925
870916,535,544,534,540.5,650,5950
870917,541.5,542,536,536.25,1200,6085
870918,536,537,530.5,530.5,3800,7480
870921,529,529.5,526.5,527,1950,7715
870922,528,530.5,527,529,1180,8395
870923,529,532,528,531.5,770,8630
870924,532.5,533.75,530,530.25,1375,8895
870925,531.5,533.25,529,529.5,2650,10030
870928,530,532,529,531.25,2535,10940
870929,531,534.5,530,533.75,1925,11710
870930,533,534.5,530,530.5,2190,12310
871001,535,547,534,545,5570,13855
871002,544.5,547,540.5,541.75,5005,16180
871005,540.5,543,540.5,541.75,3820,17740
871006,541.5,542.5,540.5,541.25,1840,18380
871007,541.5,548,540.75,545.5,3410,19660
871008,545.5,550.5,545,548.5,4320,22160
871009,552.5,552.5,546.25,549.75,6465,24240
871012,548.5,551.25,547,548.5,5175,25905
871013,548.5,556.5,548,555.5,4225,25655
871014,558,565.5,557,563.75,6870,26810
871015,564,565,560,561,5340,27995
871016,559,560.5,557,560.25,3585,27890
871019,563,564.75,543,552,11105,29490
871020,551,555,540,554.5,11730,27255
871021,555.5,558,551,551.25,4200,27855
871022,544,550,538,544,9315,27430
871023,544.5,546,541,546,7815,30325
871026,544,544.5,537.5,544,4145,30225
871027,546,548,538.5,539.75,5980,31545
871028,539,543.75,539,540.25,3210,32460
871029,540.5,542.5,536.5,538.25,4360,32130
871030,540.5,543,538,538.25,2305,33065
871102,536,538.5,534,536.75,4285,33150
871103,535.75,537.75,533,533.25,5610,32315
871104,533.5,537,532.5,535.25,5570,33420
871105,537,547.25,537,542.75,4535,33575
871106,544.5,550,542.5,548.5,5225,34730
871109,549,551.75,548.5,551.25,4765,33950
871110,552.5,555.75,550.5,554.25,3935,33115
871111,555.5,565.25,555.25,558.5,12230,31965
871112,558.5,565.5,556,565.25,8275,32950
871113,569,579,568,571,9285,34445
871116,568.5,572,567.75,570.25,7365,33875
871117,571.5,578.5,568.5,578.25,5110,35040
871118,579.5,580.5,575,575.25,6820,36555
871119,573,580,569,577.25,7860,36505
871120,583,586.5,576.5,586.25,15665,37330
871123,583,588,582.5,584.75,5465,37720
871124,581,593,580.5,590.25,9060,38480
871125,591.5,591.5,586.5,589,9755,40925
871127,592,597,591,594.25,13120,41995
871130,589,593.5,577.5,584.5,11600,43575
871201,584,592,581,587.75,15960,45475
871202,589,589.5,578,582.75,12530,45665
871203,578.5,580.25,570,578.5,15425,45150
871204,577.5,581,570,570.25,6765,45935
871207,565.5,568,562,566.75,9280,45345
871208,567,571.5,564.5,569.25,8645,45910
871209,567.5,574,566,572.25,5835,46255
871210,570,579,569,579,6120,46840
871211,577.5,587,577.5,584.5,17485,50705
871214,585,589.5,584.5,586.75,12970,50645
871215,584.5,586.5,582,584.25,15270,48210
871216,581.5,584,579,581.5,9820,46900
871217,579.5,585.5,578,584.25,10935,46715
871218,585,593,585,590.75,10555,47680
871221,592,599.5,592,599.25,9055,47565
871222,597.5,605,596,598.25,7995,48115
871223,596.75,604.5,596.25,604.25,6100,47840
871224,604,606,602.5,604.25,3575,48260
871228,606,607,594,596.25,6375,49235
871229,595.5,601,592.5,600.5,6940,50275
871230,599.25,608.5,599.25,607.5,6625,50190
871231,606.5,611,603,609.5,7710,51625
880104,609.5,622,608.5,620.25,14310,53540
880105,621.5,622,616,616.25,15720,56660
880106,618,633,617.5,632.75,21345,58305
880107,629,635,625.5,625.5,19855,62940
880108,625.5,625.5,618,625.25,13565,63780
880111,623,627.75,615.5,621.25,17715,64610
880112,618,627,616,617.5,20275,65085
880113,617.5,626.5,616.5,626.25,11335,65350
880114,626.25,630,624.5,627.75,16575,66205
880115,647,654,643,645.5,58370,79560
880118,642,656,641.5,651.5,42355,82815
880119,647,651,640.5,642.5,44170,80530
880120,644,649.5,634,635.25,31845,83195
880121,633.5,642.5,631.5,640.25,28865,86140
880122,640.5,650,638,648,20240,86350
880125,652,653.5,643.5,644,19360,88795
880126,643,647,638,638.5,19900,90910
880127,636,642,634.5,636.5,19755,92930
880128,638,640,628,628.5,30250,94095
880129,626.5,632,623,630.5,21100,96000
880201,628,637,626,633.5,17985,98950
880202,632.5,632.5,621,621.5,26145,99675
880203,627,631.5,620.5,627,33700,102015
880204,627,635,625.5,634.5,22115,101690
880205,636.5,639.5,631.25,633.25,20800,104825
880208,632,634,628.5,630.75,9205,105180
880209,628,637,628,636.75,16310,108115
880210,637.5,638.25,633.5,637.5,17670,108645
880211,640,644.5,639,644.25,17580,110605
880212,644,651,641.5,648.5,30680,114290
880216,645,648.25,642.5,642.75,18250,116615
880217,643.5,656,638.5,655,37245,115475
880218,651.5,658.5,648.5,649.5,32930,121140
880219,650,666,649,653.5,44825,130060
880222,656,662,654,654.5,32270,134510
880223,652.5,655,642.5,651,46590,134490
880224,652,653,644.5,650.5,31730,137275
880225,648.5,652,645,646,18550,140195
880226,644,650,643,649.75,17200,141575
880229,651,661,650,660.25,32935,145035
880301,659.5,662.5,657,659.25,29870,149880
880302,661,661,654.25,655,18435,152380
880303,654,656,648,648.5,34075,151175
880304,647.5,647.5,640,640.5,65820,154640
880307,640.5,644.5,639,642,29910,157815
880308,644,647,642,645.5,26750,161245
880309,646.5,646.75,634,634.5,34845,160360
880310,633,636,626.5,628.5,37565,159700
880311,630,634,625.5,633.5,25515,159770
880314,638,645.5,637,645,31580,161160
880315,645,645.5,642.75,645.25,25415,165175
880316,646.5,647,639.5,641.25,27430,165570
880317,641,657.5,640.5,656.75,45560,166780
880318,655,659.75,651,651.75,42260,171825
880321,654,661.5,654,659,37495,173845
880322,657,666.5,656,665.75,44020,179605
880323,665,667,657,661.5,50420,182150
880324,661.5,671,658.25,669,53090,186935
880325,666.5,672,665.5,667.75,44795,190880
880328,668.5,673,665.25,672.5,52530,194645
880329,672,672,667.75,668.25,34545,198190
880330,664,670,663.5,668,36265,196185
880331,668,671.5,665.25,671,32450,196625
880404,685,698,683,687.5,86160,202705
880405,687.5,695,683.5,693,60570,211920
880406,691,697,687,688.5,53910,217525
880407,686,696,684.25,695,53850,221990
880408,698,706,691,703,69235,224105
880411,703,706,700,705.5,51545,227255
880412,703,703,696,702.5,51285,227935
880413,703.5,704,693.5,694.25,63395,227425
880414,693,702,685,699.5,100180,232090
880415,698,699,681,684.5,106685,239905
880418,683,691,682,690.5,78320,247230
880419,690.5,698.5,689,698.25,83040,252065
880420,696,698,691,691.75,82110,254670
880421,686,686,679,682.25,118225,258160
880422,681.25,688.5,679,688,73615,264455
880425,690,690.75,684.5,685,64710,268615
880426,683,703,681.5,702,152295,279970
880427,699,704.5,697,703.5,131645,290075
880428,701.5,705.75,699.5,701,94145,291375
880429,699.5,714,698.5,713.5,125235,293445
880502,716,721.5,709.5,713.5,147900,298030
880503,713,717.75,710,711,96450,299360
880504,709,712,706.5,708.75,98810,300585
880505,709,719,706.75,714.25,128475,308625
880506,715,720.25,715,718.5,98325,311525
880509,713,727,713,726.5,158250,319860
880510,727,734,725.25,733.5,133420,324535
880511,744,745.5,735,741,196425,326350
880512,737,739.5,733,733.75,114775,326230
880513,733,748,731,747.25,157405,340250
880516,768,777.25,767,777.25,168505,339775
880517,780,782,771,778.75,177765,343245
880518,773.5,786,771,783,192385,354005
880519,795,808,781,782,269255,360495
880520,781,792,778.5,790.5,158685,358685
880523,768,779.5,762,769,177235,362315
880524,774,799,772,798.5,219100,366715
880525,804,807,775,777,260660,372360
880526,772,782.5,758.5,770.5,233550,359880
880527,780,789,777,786,170295,363285
880531,816,816,814,816,55985,358075
880601,815,821,805,817,229030,363900
880602,816,842,814,834,239850,377765
880603,848,864,848,864,168435,379200
880606,894,894,894,894,32450,379545
880607,915,918,875,890.5,288840,390320
880608,874,886,861,862,266545,388595
880609,861,895,855,891.5,252835,386820
880610,906,917,861.5,888,291480,396910
880613,898,898,868,881,185175,394150
880614,885,905,883,895.5,207355,403305
880615,922,925.5,918,925.5,72570,404730
880616,952,955.5,933,940,239530,408960
880617,925,958,925,954.5,245150,398495
880620,984.5,984.5,984.5,984.5,40000,387710
880621,1005,1028,984,1013.5,268920,385470
880622,990,1017,980,1010.5,242370,374135
880623,1018,1046,988,992,295440,377255
880624,978,999,968,992,187950,375185
880627,1022,1022,1022,1022,39080,367825
880628,1016,1027,977,977,220055,368710
880629,932,935,932,932,67990,357705
880630,948,977,945,971.5,189800,354085
880701,993,997,980,985,158490,365950
880705,992,992,955,958.5,186990,362635
880706,965,985,932,982.5,258670,363900
880707,980,985,952.5,952.5,178905,360900
880708,930,955,908,912.5,247885,357870
880711,867.5,882,867.5,867.5,74935,347015
880712,871,888,862,876,187020,347930
880713,906,906,906,906,25605,339585
880714,951,951,951,951,31940,336590
880715,942,974,942,972,219190,339950
880718,927,927,927,927,23250,331205
880719,882,882,882,882,30155,326740
880720,850,872,837,837,170045,331590
880721,847,851,815,837,224830,324685
880722,840,847,830,831,148100,321915
880725,823,826,801,801,159380,314185
880726,770,784,756,756,196875,310095
880727,770,788,754,764,247400,298765
880728,766,781,756,757.5,197035,291400
880729,763,787.5,763,787.5,134815,303860
880801,832.5,832.5,832.5,832.5,34600,296370
880802,862,867,847,848.5,197415,292410
880803,852,855,834,850.5,168055,297805
880804,865,880.5,862,877,147360,301745
880805,885,893,874,889,155455,308675
880808,868,872,859,859,111770,307730
880809,864,873,858,871,140775,314480
880810,871,882.5,867,878.5,115000,313345
880811,880,881,865,865.5,99365,314220
880812,895.5,895.5,853,856.5,199145,312395
880815,877,886.5,872,886.5,158805,320125
880816,890,903,875,879.5,216610,318540
880817,872,895,867,892,196340,327590
880818,890,896,884,892.25,140235,328960
880819,895,895,878,881.5,116730,325135
880822,868,868,851.5,851.5,82825,321145
880823,846,856.5,816,818.5,197815,323850
880824,823,852,812,845,207850,331120
880825,846,854,837,847,168750,328420
880826,846.5,851,841,845,113580,328605
880829,840,840,821,838.5,161730,323640
880830,839,860,838,859.25,170320,330435
880831,857,869.5,854.5,867.5,173795,333765
880901,876,888,876,881.5,188375,335925
880902,881,887,875.5,886,116235,336055
880906,890,903,888,900.5,174600,340235
880907,898,905,885.5,897,207150,338940
880908,893,906,887,905.5,164575,338230
880909,899,903,884,891.5,164615,332965
880912,888,889.5,880.5,882,92635,325320
880913,870,899,866,889,234930,332565
880914,889,898,887,893.5,148500,333885
880915,890,903.5,883,885.5,185280,334755
880916,883,884,858,859.5,173415,327995
880919,851,852,829.5,831,220745,310035
880920,833,840,827,831,150695,307365
880921,835,840,834.5,837.5,87030,306410
880922,840,843,815,842,260425,307560
880923,841.5,844,832,832.5,107590,305445
880926,818,822,805,806.25,157865,308345
880927,805,814.5,799,810,154015,310230
880928,812,821,808,812.5,132895,306015
880929,811,813.5,801,808,133875,304700
880930,808,818,806.5,813,121755,304270
881003,807,824.5,806,817,158290,301590
881004,817,830,817,829,165320,303960
881005,829,830.5,821.5,823,146675,298190
881006,811,815,803,812.75,197110,298710
881007,809,810,789,790,187160,292515
881010,793.5,796.5,788.5,791.75,112735,295040
881011,792,797,789,793.5,96370,288045
881012,793,795,789,790.25,92575,276560
881013,795,814,791,812,184775,279205
881014,805,811,801,804,136270,274420
881017,804,812,801,810.75,112330,270115
881018,812,816,804,805.5,153850,263980
881019,803.5,807,798.5,806.5,148785,253325
881020,805,806,784,784.5,169490,245850
881021,786,788,774,774.75,180475,234265
881024,773.5,773.5,755.5,765.5,179875,207075
881025,767.5,770.5,759.5,761.5,140690,176830
881026,761,770,752.5,768,169665,142455
881027,767,769,758,759,159510,113750
881028,754,769,751,768,144660,87400
881031,772,781.5,772,776.5,81615,54335
881101,776,779.5,770.25,776.75,48745,45885
881102,781,801,781,795.25,53280,35535
881103,799,801,791,794.25,31620,25590
881104,810,811,781,792,32655,21145
881107,787,789,779,788.5,12730,16400
881108,790,796.5,786,796.25,5895,15370
881109,793,797,790,796.5,6030,13630
881110,793,802,769,773,7530,13460
881111,771,774.5,755,761.5,10455,11235
881114,755,760,743,759,10105,10580
881115,759,759,743,743.5,12505,8700
881116,745,750,740,744.25,7945,7335
881117,743,744,719,719.5,5995,3830
881118,722,731,721,727.75,5050,1810
