880126,659,659,659,659,30,30
880127,656.5,656.5,656.5,656.5,0,30
880128,651,651,651,651,0,30
880129,651,651,651,651,0,30
880201,654,654,654,654,0,30
880202,642,642,642,642,0,30
880203,647,647,647,647,0,30
880204,654.5,654.5,654.5,654.5,0,30
880205,653,653,653,653,0,30
880208,650.5,650.5,650.5,650.5,0,30
880209,655,655,655,655,0,30
880210,656.5,656.5,656.5,656.5,0,30
880211,664,664,664,664,0,30
880212,668,668,668,668,0,30
880216,663,663,663,663,0,30
880217,672.5,672.5,672.5,672.5,0,30
880218,668,668,668,668,0,30
880219,674,674,674,674,0,30
880222,679,679,674.5,674.5,5,35
880223,673,673,667,671,5,40
880224,670,670,666.5,670,5,45
880225,668,668,665.5,665.5,10,55
880226,668.5,668.5,668.5,668.5,0,55
880229,674,678,674,677.5,5,55
880301,679,679,679,679,0,55
880302,675,675,675,675,0,55
880303,674.5,674.5,667,667,5,60
880304,661,661,661,661,0,60
880307,661,661,661,661,0,60
880308,665,665,665,665,0,60
880309,662,662,654.5,654.5,15,75
880310,654.5,655,648.5,648.5,45,115
880311,649.5,651,647,651,5,115
880314,657.5,664.5,657.5,664.5,5,115
880315,665,665,665,665,0,115
880316,662.5,662.5,660.5,661.5,5,120
880317,671,676,670,676,10,120
880318,672.5,672.5,672.5,672.5,0,120
880321,681.5,681.5,679,679,5,120
880322,678.5,686,678.5,686,20,120
880323,685,685,678,681,10,120
880324,690,690,690,690,5,120
880325,689,689,687,688.5,5,120
880328,689,691.5,688,691.5,5,125
880329,689,689,686.5,686.5,20,125
880330,689,689,689,689,0,125
880331,689,693,689,693,5,125
880404,707,716,707,708.5,350,420
880405,707,715,707,715,5,425
880406,711.5,717,711.5,712,65,475
880407,706,718,706,718,40,495
880408,720,724,718,724,20,500
880411,725,726,724,726,245,720
880412,720,724.5,720,724.5,150,755
880413,718,719,715.5,715.5,10,745
880414,709.5,719,708,719,30,775
880415,705,706,705,706,40,765
880418,712,712,712,712,0,765
880419,715,718.5,715,718.5,15,780
880420,713,713,713,713,0,780
880421,702.5,702.5,702.5,702.5,0,780
880422,706,708.5,706,708.5,5,775
880425,710,710,706,706,105,880
880426,720,722.5,720,722.5,30,910
880427,723,724,722,724,5,915
880428,721.5,721.5,721.5,721.5,0,915
880429,729.25,735,729.25,735,45,910
880502,737,740,731,734,150,1000
880503,735.5,735.5,733,733,15,1005
880504,728,731.5,727,729,210,1175
880505,733,737,733,734.5,85,1245
880506,736,739.5,736,738.5,670,1370
880509,737.5,748,736,748,20,1370
880510,747,755,746.5,755,805,1825
880511,764,764,759,761,1205,2215
880512,756,758.5,753,753.5,335,2490
880513,751,768,751,767.5,450,2775
880516,789,797.5,784,797.5,930,3345
880517,792,798,789,797.25,2110,4015
880518,790,803,790,801.25,1715,4915
880519,822,824,800,800,510,5300
880520,801,808,797.5,808,945,5010
880523,783,795,782,786.75,405,5215
880524,791,813.5,791,813.25,1730,5120
880525,816.5,819,789,789.25,2500,5660
880526,787,790,774,784,310,5695
880527,790,801,790,798,1900,5835
880531,828,828,828,828,1555,6465
880601,828,829,814,826,950,6715
880602,822,844,821,839.75,1725,7910
880603,869.75,869.75,859,868.5,2695,7935
880606,898.5,898.5,898.5,898.5,635,7870
880607,914,914,876,889.5,2215,7970
880608,874,883,864,866,850,8330
880609,865,891,856,887.5,2280,8945
880610,909,914,857.5,885,2360,9855
880613,883,886,870,876.5,725,10190
880614,884,894,882,885,1300,10515
880615,910,915,910,915,1155,11170
880616,936,936,918,918.5,1805,11915
880617,914,925,909,925,2880,12140
880620,955,955,955,955,1345,12090
880621,960,985,946,965,4475,13545
880622,945,975,945,972.5,4820,14695
880623,973,1003,950,952.5,2770,14545
880624,940,962,940,950.5,665,14690
880627,980.5,980.5,980.5,980.5,1395,15090
880628,977,985,935.5,935.5,4980,14835
880629,890.5,905.5,890.5,890.5,4805,15655
880630,924,935.5,911,935.5,4945,16210
880701,955,960,948,953,4585,14970
880705,953,953,923,926,2435,13775
880706,927,951,908,950.5,3150,14140
880707,950,955,920.5,920.5,1745,13655
880708,911,925,884,886,1710,13140
880711,845,847,841,841,750,13210
880712,841,859,841,851,3270,13260
880713,881,881,881,881,885,13565
880714,926,926,919,925,1180,13455
880715,915,933,914,932.5,4220,14810
880718,887.5,887.5,887.5,887.5,365,14700
880719,842.5,844,842.5,842.5,1045,14615
880720,840,840,797.5,797.5,4760,15565
880721,817,827,801,820,5730,15810
880722,824,837,820,822,3320,15850
880725,817,817,792,792,7475,16610
880726,769,778,747,747,5730,17425
880727,769,785,757,764,7045,17640
880728,767,783,762,765,1825,17105
880729,780,795,775,795,4110,16770
880801,840,840,840,840,1585,16525
880802,855,864,846,847,3310,16925
880803,848,856,836,850,3480,16760
880804,869,880,861,869,4005,17485
880805,873,882,868,880,2565,18245
880808,855,862,850,850,3150,18845
880809,860,862,849,859,3665,19730
880810,861,868,858,863,6040,20810
880811,862,864,846,846,2815,21770
880812,876,876,838,839,5450,22275
880815,869,869,857,869,2585,22535
880816,875,882,867,867,2525,22405
880817,859,873,852,871.5,3045,22845
880818,871,873,866,869,1915,23390
880819,868,872,861,861.5,1185,23780
880822,852,852,831.5,831.5,2750,24540
880823,833,841,810,810.5,2610,25540
880824,816,840,806,834.5,3135,25445
880825,836,845,831,839.5,4095,25610
880826,838,845,837,840,2330,25940
880829,835,838,824,837,2585,25375
880830,839,858,838,857.5,3165,24415
880831,858,870,856,870,1785,24990
880901,878,887,876,877.5,5525,26635
880902,877,885,873.5,885,2320,26545
880906,890,904,890,900.75,3330,27575
880907,899,909,890,902,4070,27755
880908,895,912,894,912,6595,27130
880909,907,908,893,897,2520,27525
880912,893,895,885,885.5,2940,27785
880913,873,904,872,895,2550,27985
880914,896,903,894.5,898,2000,28525
880915,895,908,889,891,2785,28960
880916,886,888,864,865,1920,29150
880919,857,858,838,840,5065,30585
880920,845,851.5,841,847,3770,29435
880921,851,854,850.5,852.5,3565,30160
880922,852,855,832,852.5,8255,29820
880923,853,856,845,845.25,1970,29525
880926,823,834,820.5,820.5,4395,29605
880927,818,830.5,816.5,826.5,6305,29240
880928,828.5,839,827.5,831.5,8615,30650
880929,829,831,819,825,3220,31025
880930,824,832,824,826.75,4185,30765
881003,820,837,820,829.25,3795,31105
881004,830,843,830,842.5,4625,31055
881005,843,843,834,834,1570,31025
881006,822,828.5,817.5,826,3805,29900
881007,823,826,806,806.5,5550,29940
881010,806,814.5,806,810.25,5710,30165
881011,811,816.25,809,814.25,5150,31375
881012,813.5,815.25,812,812,2860,31175
881013,818,833,813,833,4460,31500
881014,828,830.5,821,824,2300,31725
881017,824,832,823,832,2810,32500
881018,832.5,837.5,827.5,828.5,4285,33345
881019,825,831.5,822.5,831.25,5665,34425
881020,827.5,831,810,810.5,7330,33950
881021,809.5,813.5,801.5,801.75,6625,35745
881024,797,798,783,792.75,8800,35490
881025,795,798,788.5,789,8470,35770
881026,789.5,799.5,782,798.5,10310,37120
881027,797,799.5,789.5,790.25,7925,38720
881028,784.5,802,784.5,801,10805,42495
881031,803,807.5,800.5,802.25,13160,44090
881101,801.5,807,799,802.75,11405,46655
881102,807,820,807,814.25,12345,47870
881103,817,818.5,810.5,812.5,8065,49770
881104,825,826,805,812,14375,51155
881107,806.5,810,800,809.75,7945,50880
881108,813,820,808,819,10795,53585
881109,817,821.5,814,819,13310,56930
881110,815,826,791,792,11090,58185
881111,794,798,779,784.75,15675,58330
881114,778,787.5,771,785.5,19220,54500
881115,786,788,774,775,11420,54645
881116,774,781,773,775.5,11090,55705
881117,774,774,751.5,752.5,12740,56955
881118,752,761.5,748,749.5,9160,56490
881121,752,764,750,763,8570,56825
881122,766,770.5,761,767.5,5485,57085
881123,769,770,764,769.25,5085,58100
881125,774,780,772.5,779.5,5485,58360
881128,777.5,778,761.5,766.5,11315,60740
881129,765.5,772.5,757,770.5,9075,61520
881130,773,781,767,779.5,11980,62715
881201,779.5,779.5,767.5,775,11955,64820
881202,771,785.5,770,783.5,8470,64265
881205,786,789.25,773.5,774.5,11205,65745
881206,775,791.5,771,790.75,13320,68100
881207,787,794,785,786.5,11610,70920
881208,790,801,787,792,13270,71775
881209,789,793,786,788.5,11155,73685
881212,784,791,783,786,11635,73105
881213,784,784,775.5,782.75,11170,75260
881214,782.5,796.5,781.25,796,12020,76855
881215,795.5,799.5,791.5,793.25,16180,82140
881216,793,808,791.25,807.5,21825,85300
881219,806,817,804,816.5,24725,84130
881220,814,814,807,809.75,14255,86630
881221,800,823.5,798.5,820.5,30915,93845
881222,823,824,817,818.25,20895,94535
881223,820,825.5,816,824.5,17005,97465
881227,823,826,820.5,823.75,18090,103955
881228,820,827,816,817,24475,105775
881229,817,821.5,814,814.5,13290,107205
881230,814.5,828,814.5,827.25,15885,109975
890103,829,838,824,825.25,39285,114700
890104,824,841,823,838.25,27380,116630
890105,836,842,833,833.75,28665,120925
890106,835.5,841.5,834.5,838.75,21605,121605
890109,840,841.5,826,827,23165,124270
890110,824,833.5,824,824.75,24420,125230
890111,827,828,818,818.75,24175,125010
890112,819,822,817,820,17770,124595
890113,820,826,820,825.5,17740,124580
890116,815,815,795.5,795.5,28115,126440
890117,796,798,776,781,61590,128415
890118,783,787,766.5,782.5,66460,126720
890119,782,784.5,772,773.25,35330,129310
890120,770,770.5,756,762,54920,127770
890123,760,768,758,766,24430,129975
890124,770,779.5,770,777.75,26235,132625
890125,775,776,760,760.5,32270,132410
890126,764,778,752,771.75,53590,136630
890127,770,774.5,763,765.25,29540,135790
890130,764,775.5,762,771.75,25185,137435
890131,777,786,777,784.5,45425,138000
890201,784.5,788,777,778.25,38400,139800
890202,776,777,772.25,774,32020,141970
890203,773.5,781,772.25,780.5,29105,141215
890206,779,779.5,764,764.5,38355,140115
890207,763,769,762,768,29375,141370
890208,766,769.5,752,757,57950,141345
890209,755,758.5,753.25,756.5,32700,142370
890210,757,761,743.5,746.25,54445,146830
890213,742,744,733,734.5,48100,147495
890214,735,748,735,745.5,53120,149625
890215,745,749,741,748.75,42290,151565
890216,748,750.75,737,738,46910,155160
890217,736,761,732.5,756.5,70830,163450
890221,750,759,748,758.5,81925,170210
890222,757,769.5,754.5,767.5,131995,178105
890223,765,771,762,768,120695,176040
890224,768,775,764.5,768.75,138760,183715
890227,769.5,769.5,764.5,767.25,92300,193210
890228,769,775,768.5,773.5,127955,203765
890301,770,771.5,760,761,137005,210380
890302,761,783,758.5,781.5,143110,217905
890303,782,784.5,777,778.5,113905,218250
890306,778.5,784.5,774.5,783.25,143595,229840
890307,782,783.25,775.5,777,103045,231255
890308,777,777,764,766.5,148155,224465
890309,766.5,780.5,766.5,776.5,135010,228755
890310,777,788,766.5,769,199175,231505
890313,769,783,768,782,123370,229365
890314,782,784.75,775,781.5,126095,231080
890315,783,783,777.5,780,84480,226355
890316,780,782.25,776,780.25,81330,227145
890317,783.5,786,770,783.5,153740,223370
890320,784,792.5,780,790.25,162880,229450
890321,790.5,794.5,783.5,784,149240,228770
890322,782,792.5,780.5,792,136805,228675
890323,790,793,784,784.5,125440,227300
890327,782,783,768,768.5,127335,221415
890328,767,769.5,761,762.75,148565,213115
890329,762.5,765.5,760.5,761,78060,213465
890330,760,760.5,734,737,167505,203510
890331,737,743,733,738.25,126295,199780
890403,730,730,708.25,710,165605,197070
890404,715,719.5,714,714.75,106495,194390
890405,711,719.5,709,715,116825,193910
890406,715,718,708.5,714,122665,190585
890407,714,716.5,710.5,711.75,80885,181445
890410,710.5,724.5,704.5,719,145145,180775
890411,718,722,717.25,720.5,70015,172995
890412,725,730,724,727.5,93295,168360
890413,726.5,729.5,722.25,727,87985,164715
890414,728,737,728,733,105400,161260
890417,735,754,735,747.25,133925,150955
890418,742,749,740.5,748.5,64685,144100
890419,751,758.5,734,745,101110,141445
890420,747,753,742.5,747.5,63585,138130
890421,756,761,753,760,74205,138070
890424,747,752.5,739.5,744.5,65425,120975
890425,742,742.5,732,732.5,57740,110545
890426,736,741,734.5,740.5,58715,87960
890427,741,742,729,729.5,57565,71840
890428,723,724,720.5,722.5,47195,61070
890501,724,736,724,735.25,39230,53050
890502,732.5,736,731,734,33470,47535
890503,736,747,735,746.75,30425,42280
890504,747,753.5,746.75,750,21980,38590
890505,750.5,760.5,750,759.5,18690,36770
890508,758,767,757,764.5,19370,30635
890509,767,771,757,766.25,15080,25315
890510,768,768,758,758.25,5630,23825
890511,753,760,750,751.5,5465,22260
890512,755,761.5,751,757.75,2920,20790
890515,760,761.5,747,748,5115,18990
890516,748.5,748.5,732,732.25,8225,14835
890517,732,734.5,723.5,729.5,7335,10070
890518,729,737.5,729,736.75,6425,5140
890519,737,740.75,734,739,4405,2505
