880520,730,730,721,721,280,250
880523,715,715,710,712.5,150,350
880524,712.5,726,711,724.5,835,790
880525,725,727,694.5,694.5,995,1250
880526,694,695,677,680,645,1315
880527,690,692,684,685,480,1600
880531,700,706,691,703.5,3100,2630
880601,703,703,694,696,1060,2810
880602,697,705,695,695.5,1675,3285
880603,700,708,700,704.25,2290,3670
880606,725,734.25,715,734.25,10110,6800
880607,718,730,712,716,2820,7095
880608,707,722,707,708,3080,6410
880609,710,717,703,712.5,2710,6635
880610,721,721.5,709,718,2705,7100
880613,720.5,721,710,713.75,1800,7050
880614,712,718.5,712,715.5,1800,7530
880615,723,744,720,742.5,7305,9570
880616,740,743,727,735.5,4540,9420
880617,736,741,730,737,1605,9715
880620,755.5,767,755,767,9770,12760
880621,765,778,758,761,6935,11450
880622,744,763,744,755,3275,11025
880623,760,781,760,761.5,2240,11295
880624,750,775,750,763,1650,10735
880627,783,793,783,793,8035,13720
880628,785,793,765,767.25,4725,13265
880629,733,754,733,740,6060,12550
880630,751,785,751,779.5,3180,11375
880701,784,790,782,783,3105,11000
880705,780,784,764,771,2250,11210
880706,770,785,762,784,2555,11070
880707,790,790,758,758,2105,11530
880708,758,768,741,743,3510,11410
880711,730,733,698,699,3405,12020
880712,710,721,708,715,2495,10630
880713,735,745,735,745,3380,11140
880714,785,790,765,765,4100,12205
880715,765,772,762,770.5,3180,12550
880718,725.5,725.5,725.5,725.5,1295,12460
880719,690,720,690,719.5,4095,12875
880720,720,742,697,706.5,7115,12715
880721,718,728,708,712,3360,12660
880722,722,730,714,715.5,3120,11580
880725,715,715,691,693,4615,11380
880726,690,691,663,667.5,5755,11575
880727,679,697,675,680,3385,11555
880728,682,695,679,679.5,2085,11210
880729,690,691,673,688.5,8375,15180
880801,710,722,710,715.5,5045,14005
880802,720,724,704,704.5,4455,14275
880803,707,714,701,710.5,2125,14180
880804,721.5,728,715,715.5,3860,15060
880805,716,722,712,718,3865,16055
880808,703,712,701,704.5,1550,16150
880809,711,720,708,718.5,2380,16335
880810,715,720,715,715.5,1400,16495
880811,716,716,705,705,1785,16335
880812,735,735,706,706.5,5730,18435
880815,714,736.5,714,736.5,3955,19015
880816,730,738,728,729,3950,18490
880817,722,729,721,723,3105,18760
880818,725,726,722,723.5,1090,19115
880819,725,725,716,716.5,1890,19515
880822,710,710,690,693,6735,21465
880823,692,703,684,688,5095,22310
880824,691,716,685,708,5215,20395
880825,708,708,700.5,706.5,2145,20580
880826,703.5,709.5,702,707,1705,20590
880829,704,709,700,708.5,1735,20730
880830,710,729,709,728.5,3080,21285
880831,726,737.5,726,737.25,2575,21560
880901,739,745,736,736.25,2065,21835
880902,734,741,733,740.5,1525,21970
880906,743,759,743,755,4325,22925
880907,754,762,750,757,4250,24920
880908,753,772,752,772,5030,26470
880909,769,769.5,761,766,2390,26625
880912,762,767,755.5,766.5,2750,26525
880913,756.5,778,756.5,773,3860,26210
880914,773.5,777,768,768,3430,26860
880915,766,778,762,762,3030,27245
880916,760,760,744.5,745.25,3105,27730
880919,737,738,725.5,732.5,5370,27290
880920,734,739.5,732,735.5,2345,27155
880921,740,741,738,738,2310,27060
880922,739,742,727,740,4115,27305
880923,742,742,734,736,1050,27765
880926,727,730,723,723.5,5275,26380
880927,723,732,721,729.25,4280,26720
880928,731.5,733,727,727.25,2540,26955
880929,725.5,727.5,718,722,2280,27085
880930,720,721,717,720,4940,26895
881003,718.5,722,710,713.5,5945,26895
881004,713.5,725,713,724.5,3915,27435
881005,724,728.5,721,721.5,3250,27950
881006,717,725,717,724.25,7675,28300
881007,724,728,714,714.5,6630,29635
881010,717,719.5,715,717.5,3255,30255
881011,719,723,717.5,718.5,3250,31360
881012,717.5,722,717.5,719.5,5020,32925
881013,725.5,733,720.5,728.5,5470,33995
881014,726,728,721,723,3595,35275
881017,720.5,731.5,720.5,729.5,3065,36290
881018,730,732,724,724,4405,36535
881019,724,730,721,730,10040,37060
881020,727,730,719,719.5,7255,37520
881021,719,724,717.5,719.25,9405,38790
881024,718,723,712.5,717.5,15725,38670
881025,719.5,720,715.5,717.5,6080,38195
881026,716,725.5,712.5,725,6900,39235
881027,725,727,718,718.5,3560,39305
881028,715,729,714.5,728.5,4395,39515
881031,729,729,723,723.25,7600,41245
881101,723,728.5,718.5,727.5,6375,42035
881102,729.5,736,729,730.75,6405,42730
881103,732,734.5,729,733.5,5575,43660
881104,735,736,726,732.75,8640,44055
881107,731.5,735,726,734,6075,44135
881108,735,739.5,733,738.5,4280,44730
881109,736,740,735.25,738.75,3520,45495
881110,736.5,742.5,724,725.25,9600,44235
881111,726.5,728.5,721,723.75,8315,43665
881114,722,723,716,721.25,15005,42635
881115,721,723,717,717.25,7240,43145
881116,717,722.75,716,716.25,5660,44010
881117,716.5,716.5,698,698.5,12655,43230
881118,700,706,692,692.25,12235,46265
881121,693,694,687,693.5,11515,46810
881122,692.5,696,687.5,691.25,13385,46925
881123,694,695,691.5,693.75,4735,47085
881125,697,698.5,694.5,697.75,7695,49350
881128,697,697,683,685.25,10855,51580
881129,684.5,686.5,676,686.25,10375,53640
881130,686,686,677,681,14480,53520
881201,681.5,681.5,670,672.5,11285,54890
881202,672,684.5,670.5,681,10490,55405
881205,681.5,691.5,678,678,15725,55210
881206,678,695,677,693,14690,54525
881207,692,697,684,689.75,9625,54850
881208,693,700,690.5,695.25,6655,54715
881209,692,699,692,696.25,7240,55345
881212,695,702.5,694.5,701,6795,55785
881213,698.5,699.5,695.5,697.5,10255,56625
881214,699.5,707,698.5,705,9865,58555
881215,706,706,698.75,702.75,11360,57595
881216,702.5,710.5,702.5,706.25,9680,56565
881219,706,716,705,715.75,11670,59080
881220,714.5,715,710,711.75,8295,60355
881221,700,720,700,717.75,13515,61890
881222,720,725,716,724.5,9275,61730
881223,723.5,734,722.5,729.5,11900,62220
881227,732,735,730.5,735,7960,64225
881228,731,740,731,733,14310,66965
881229,733.5,736,725.5,728.25,11935,69085
881230,728,736,727,735.5,8150,69275
890103,736,740,728.5,732.25,13085,70185
890104,732,743,731,741.25,13540,72305
890105,737,750,736,741.5,16920,75435
890106,745.5,750.5,744.5,748.25,12190,76105
890109,746.5,754.5,744.5,745,17085,74600
890110,743.5,749,743,744.75,17750,75680
890111,745,745.5,739,740.25,10020,76315
890112,739.5,743,739.5,741.25,10125,77080
890113,740.75,744,740.5,742.5,8090,78160
890116,736.5,737,719,723.5,32895,82895
890117,725,730,718,722.5,41085,86095
890118,725,733,722.5,731.25,34965,82830
890119,730.5,738,730.5,735.75,27895,83350
890120,733.5,735,724,724.25,25970,81715
890123,725,726,715,721.5,15975,79920
890124,723,729,723,726.75,12005,77930
890125,725,728,721,723,14475,78665
890126,724,738,721,731.75,20720,81425
890127,730,736.5,730,733.5,11615,82265
890130,732,742,732,740.75,14170,83090
890131,743.5,749.5,743.5,747.25,23640,84390
890201,746.5,747,737.5,737.75,15740,85805
890202,735,735,728,728.75,15735,85125
890203,728,739,727,738.75,13575,87555
890206,736,737.5,724,726.75,17465,87300
890207,725,730.5,725,727.75,10835,87600
890208,727,728,715.5,718.5,22815,87100
890209,718,722,716,717.25,10940,89100
890210,719,721.5,710,712.25,17830,87805
890213,710.5,712.5,704,705,24615,87990
890214,707,713.5,707,711.5,13700,88410
890215,711,718,710,716.5,13015,90315
890216,715,718.75,712,712.75,11715,90615
890217,711,730,710.5,726,25250,92335
890221,719,728,719,727.25,11515,94015
890222,726,735.5,726,732.25,18030,96925
890223,730.5,732,724.5,727.5,21305,98720
890224,727,731,723.5,725.75,17510,100535
890227,726,729,725,727.5,8945,102215
890228,728,739.5,728,738,23285,107805
890301,736,740.5,731,731.25,17925,106825
890302,730,743,727.5,742.25,19260,108745
890303,740,742,735,735.5,19895,111555
890306,736,745,734.5,743.25,28095,117810
890307,743.5,745,741.5,742.5,17080,121055
890308,742,743,736,737.5,26225,122935
890309,738,748,737.5,745.5,37975,123250
890310,747,751,738,740.25,38995,124730
890313,741,748,740.25,747.5,17245,123500
890314,748,749.75,743.5,748,19210,125695
890315,748,748.5,745,747.75,11955,127525
890316,746.5,749,744.5,747.25,11685,128690
890317,748,755,741,753,30650,130165
890320,751.5,760.5,749.5,757.5,32470,136110
890321,757.5,760,752,753.5,21680,138410
890322,751.5,759,750.25,758.5,31910,141440
890323,756.5,759,748.5,749.25,32565,139370
890327,746,746,736.5,736.75,32425,138455
890328,735.5,740,734,735,28465,136620
890329,736,738,732,732.5,16875,135065
890330,732,732,710,713,51105,123695
890331,715,716,710,713.5,29285,120555
890403,712,712,690,702.5,89825,120545
890404,706,708,704,705.5,31070,119345
890405,703,714,702.5,711.5,32335,117935
890406,710,718,708,717,36955,114650
890407,720,720,709.5,711.25,29070,115675
890410,709,723,707.5,719.5,36080,116185
890411,719,721.5,716.5,717.75,14760,115340
890412,721,725,719.5,721.5,25830,116225
890413,720,723.5,717.5,720.75,22490,122230
890414,724.5,734.5,724,730.25,38185,125775
890417,734.5,747,733.5,742.5,37740,126965
890418,738.5,740,734,739.5,32405,129915
890419,740.5,740.5,722,728.25,69210,127660
890420,729,732,725,727.25,41180,130005
890421,732.5,737.5,732,735.5,46285,132295
890424,717,725,715,722.5,55950,133950
890425,721,721,706,707.5,59025,138250
890426,710,714.5,705.5,710.5,43830,139225
890427,710,715,705,708.75,57755,142305
890428,704,708,702,705.75,51085,142980
890501,709.5,727,709.5,723.5,66525,143570
890502,720,721.5,715,719.25,43705,142930
890503,719.25,728.5,716,727.5,56420,144855
890504,727,728.75,721,724.75,46355,145410
890505,722,729,722,728.25,27715,144555
890508,727,727,715,715.5,52470,148190
890509,719,721,710,720.5,63420,148465
890510,720,720.5,716.5,717.5,31675,147350
890511,714,714.5,709,709.5,43290,142070
890512,710,712.5,704,705.5,53810,147555
890515,707.5,715.5,702,702.5,65845,152305
890516,700,700.5,682,683.5,104600,154210
890517,683,687,676.5,678.5,75295,151415
890518,681,686,680.5,685.5,30355,151660
890519,684,686.5,681.5,685.25,41080,152755
890522,677,677,656.5,659.5,81440,153155
890523,664,668,652,654.5,77340,155040
890524,639,658,639,647.5,80450,161175
890525,648,657,646,647.75,47645,162630
890526,652.5,654,643,646.25,51695,164580
890530,634,637,628,632.5,74525,166945
890531,637,639,628,628.5,65400,170270
890601,620,639,620,635,85665,175120
890602,637,638.5,630,633,63975,178020
890605,631,642,630,639,75700,179745
890606,637,640,632,633.75,98330,183265
890607,631.5,634,627.5,631,77840,187715
890608,629.5,633,625,625.5,86590,190175
890609,627,632,624,627,78815,189510
890612,620,623.5,614,618,90080,188695
890613,620,631,617.5,628,101920,191905
890614,632,648,632,645.25,134295,191450
890615,642,646.5,638,644,103365,190035
890616,647,654,645,651.5,95760,192235
890619,672,681,665,669.5,146105,198670
890620,663,666.5,659,659.75,121030,198620
890621,656,666,655,656.5,124245,198100
890622,653,656,635,637.5,148505,203850
890623,641,646.5,638.75,645.5,82290,202220
890626,629,636,624,633.5,102690,202480
890627,632,647,632,646,97795,205205
890628,647.75,652.5,643,646,116000,208810
890629,646.5,647.5,639.5,641.5,88600,204050
890630,644,655.5,644,653.5,92105,203385
890703,662,675,658.5,672,105105,210220
890705,702,702,697,702,68515,206410
890706,710,712,694,695,162385,208560
890707,699,699,682,689,157225,211295
890710,688,690.5,654.5,657.5,161795,212475
890711,654,655,642.5,651,146585,212830
890712,641,653.5,636.5,638,135125,204300
890713,645,653,639,648.5,120675,202980
890714,645,660,643.5,658.5,117360,203135
890717,640,640,628.5,628.5,63300,196910
890718,622,626,615.5,620.25,147000,197645
890719,626,634,626,630,106815,200735
890720,628.5,635,618,628.75,124935,204805
890721,628.5,630.5,622,625,90620,206620
890724,618.5,618.5,602,602.5,122230,208150
890725,605,605.5,597,597.5,107855,212080
890726,602,605.5,595,596.75,84170,217875
890727,596.5,603,596.5,600,79760,218355
890728,603,603,587.5,589.5,118620,225085
890731,583,585,577,578.75,108550,228815
890801,581,586,575.5,580.5,107045,224785
890802,580,580.5,572,573,82110,228260
890803,572,572.5,562,564.25,106670,226690
890804,568,582,568,577.75,107255,227350
890807,578,587,578,580.5,69430,225395
890808,581,582.5,562,564,114190,219930
890809,564,571,563,570.5,86350,222780
890810,574,579,573.5,575,70170,221595
890811,601,602,588.5,591.25,131275,224565
890814,579,579,565,571,117675,224835
890815,576,586,575.5,584.5,113260,224945
890816,585,587,572,572.5,101850,228375
890817,575,578,569.5,575.5,85440,231395
890818,583,583.5,573,577.75,81835,230730
890821,576,592,570.75,588.5,120035,238900
890822,586,597,583,596,111265,235760
890823,591,599.5,590,591.5,116425,235865
890824,588,593,586,589.5,80875,238025
890825,589.5,589.5,575,576,114180,234615
890828,572,575.5,566.5,574,91650,236495
890829,577.5,581,573,579.5,97040,234785
890830,580,581.5,576.5,577.75,52735,230665
890831,579,592,577.75,587.5,125235,234535
890901,588,588,578,579,87755,235230
890905,576,581,574,576.5,78865,236825
890906,577,584,574.25,581.75,90310,236485
890907,587,594,585.5,589,123195,239575
890908,589,596,587,594.5,94330,246300
890911,594,598,590,591,87745,249655
890912,588.5,589.5,584.5,585.5,80540,249130
890913,587.5,592,573,575,184230,256380
890914,576,578,572,576.25,94685,256940
890915,575,579,572.75,576.5,77500,255020
890918,573,573,567,568.5,109870,258505
890919,566.5,573,565,568.5,99040,254835
890920,572,577,572,575.5,80970,254180
890921,576.5,583.5,575,582.75,125040,263205
890922,581,583.5,568,574.25,123005,263690
890925,573,576,568.5,572.5,109230,264545
890926,569.5,576,566,566.25,161580,266650
890927,568,569.5,564,565.25,102515,263360
890928,568,574.75,567,570.5,127035,264850
890929,565,574,564,568,145310,263775
891002,575,588.5,575,577,193915,267700
891003,574,578,572,576.25,102340,261395
891004,576,582,576,576.5,90975,255850
891005,575.5,579.25,572,574,126200,257040
891006,574.5,574.5,567,567.5,107715,253095
891009,566,566,556,556.75,108940,257400
891010,556,557,550.75,552.25,119405,248080
891011,557,557,551,552.25,82495,249120
891012,553.5,556,552,552.5,83615,249375
891013,551.5,558.5,543,544.25,172010,245670
891016,543,548.5,540,547,111460,244520
891017,552.5,559.5,550,555.5,143230,241145
891018,557,560,556.25,559.75,99925,234700
891019,568,573,562.5,565.25,155965,230075
891020,563.5,566,561.5,563.5,91525,226200
891023,563,565.25,561,563,91540,210560
891024,561,563,558.25,560.75,106800,187800
891025,560.5,568.5,560.5,566,115215,181290
891026,567,568.25,564.75,566.5,92355,162690
891027,563,564.75,561,561.75,106130,138435
891030,559,562.5,557,560.5,156115,90980
891031,560.5,563.75,558,558.5,109380,64380
891101,557,563.25,556.5,561.75,79460,50890
891102,564,568.75,564,566.5,72365,40280
891103,567,569.5,565,569,48020,34125
891106,569,570.75,563.75,564.5,35105,25620
891107,564,567,563.5,564.25,36475,21745
891108,564.5,564.5,562,563,30435,20735
891109,563.5,569,563,567.75,25580,16875
891110,569,576,567.75,575.75,20205,14490
891113,577,578.25,575.75,578,16930,12620
891114,577,581,574.5,579,14895,11430
891115,579,580.5,576,579.5,11470,9355
891116,581,584.5,579.5,584.25,8025,6495
891117,585.5,585.5,581.75,583.75,6760,3910
891120,583.5,583.5,575,575.25,4585,1050
