890522,650,650,650,650,0,0
890523,660,660,658.5,658.5,130,130
890524,652,652,652,652,15,145
890525,650,650,643,643,5,150
890526,640,640,627,630,80,230
890530,621,621,615,615,65,250
890531,620,620,620,620,0,250
890601,615,624,615,624,15,255
890602,627,627,618,618,60,285
890605,625,630,625,628,25,300
890606,626,626,621,621,5,305
890607,624,624,622,622,25,315
890608,618,623,618,620,65,340
890609,620,625,620,621,10,350
890612,618,620,615,618.5,165,480
890613,618,623,618,623,60,515
890614,630,640,625,640,30,530
890615,635,635,635,635,5,530
890616,635,635,635,635,20,515
890619,647,647,647,647,0,515
890620,645,645,645,645,5,515
890621,642,642,642,642,0,515
890622,640,640,628,628,15,520
890623,631,631,629,629,25,545
890626,620,620,616,616,390,635
890627,615,624,615,624,20,650
890628,632,632,624,624,190,765
890629,625,625,623,623,20,775
890630,633,633,633,633,0,775
890703,640,643,638,643,115,805
890705,650,653,647,650,185,830
890706,652,652,637,637,75,825
890707,635,637,620,621.5,300,960
890710,622,626,601,603,285,1070
890711,600,606,594,604,260,1200
890712,603,615,603,610,545,1270
890713,620,621,606,620,140,1320
890714,621,627,618,625,265,1285
890717,610,610,596,600,325,1500
890718,597,607,597,601,325,1615
890719,605,612,605,610,195,1675
890720,609,612,601,608,230,1755
890721,609,609,602,602,370,1880
890724,599,599,588,588,430,2100
890725,588,594,585,585,495,2320
890726,590,592,580,580,155,2360
890727,589,590,584,586.5,140,2390
890728,588,588.25,582,585,215,2505
890731,581,587,581,583.5,690,2805
890801,586,597,585,587,435,2905
890802,586,587,578.5,578.5,645,2695
890803,580,580,576,576.5,375,2650
890804,582,586,581.5,582.75,345,2745
890807,583,588,581,582.5,155,2845
890808,583,583,572,572,430,2705
890809,576,581,575,577,220,2770
890810,581,587,581,582,190,2840
890811,600,600,585.5,590.5,635,2875
890814,580,589,580,587,940,3275
890815,592,594,591,592,205,3325
890816,590,598,590,591,230,3405
890817,592,592,585,586.5,115,3470
890818,590,591,581.5,582.25,215,3555
890821,580,597,580,588.5,160,3590
890822,587,587,579,582,1330,3975
890823,581,589,581,581.5,685,4000
890824,582,587,580.5,581.25,210,4040
890825,584,585,580,580,375,4030
890828,578,584,578,582.25,360,4110
890829,582.5,587,582.5,586,270,4105
890830,587,588.5,586,586.5,215,4130
890831,586,596,586,590.5,395,4210
890901,586.5,589,580,581.5,135,4270
890905,583,586,581.5,582.5,275,4385
890906,580.5,585.75,580.5,583.5,295,4585
890907,587,590,586,587.75,630,4725
890908,586.75,591,586.75,589,410,4850
890911,590,594,588,589,290,4915
890912,586.5,589,586,587,390,4965
890913,589,592.5,580,581.5,880,5170
890914,583,587,581,582.75,715,5400
890915,586,587,581.5,583.75,515,5575
890918,582,582,577.5,577.75,895,5685
890919,580,582.5,578,580,415,5720
890920,582,589,582,586,1185,6100
890921,587.5,588,584,584.75,760,6545
890922,585,586,578,579.5,1380,7115
890925,580,591,578.5,590.5,2855,7930
890926,585,591,584.5,587.5,2470,8430
890927,587,592,587,587.75,2070,8960
890928,589,595,589,593,2155,9375
890929,590.5,595,590,591.25,2010,9635
891002,596,603,595,595.75,1915,10185
891003,593,597.5,593,594.5,1405,10715
891004,596.5,599.5,595,595.5,855,11065
891005,594,595,590.5,591.5,1415,11690
891006,591,591,585,585.5,3025,11385
891009,585,585,578,578.25,1365,11515
891010,578,579,571,571.5,2785,12165
891011,575.5,576.5,572.5,572.75,690,12250
891012,574.5,575,571,572,720,12235
891013,571,576,568,568.75,1735,12630
891016,570,571.5,564.5,570.5,2225,13010
891017,573.5,578,570,570.5,2020,12915
891018,572.5,574,571,574,1095,12875
891019,579,584.5,579,581.75,3325,13455
891020,580,581.5,578.5,580.75,455,13490
891023,581,585,579.5,582.75,1300,13590
891024,581,584,581,583.5,755,14035
891025,584.5,589,584,586.5,915,14380
891026,586.5,587.5,585,586.25,795,14620
891027,585.5,585.5,583,583.75,930,15000
891030,581.5,584,581.5,583,1235,15635
891031,584,585.5,582.5,583.75,1160,16120
891101,583,587,581.5,585.75,745,16270
891102,588.5,593,587,592.25,865,16495
891103,591,594,590,592.5,795,16690
891106,593.5,595,590,590.25,1255,17100
891107,591.5,594,590.5,593.75,1355,17495
891108,592.5,598,592.5,596.25,1945,17890
891109,597,600,596,598.25,4195,17745
891110,599,606,598,603,1980,18340
891113,605,606.5,603.25,605.75,1040,18425
891114,605,609.25,603.5,607,2430,19140
891115,607.5,612,606.5,611.75,4405,19970
891116,611.5,617.5,610,616,2310,20850
891117,615,616.5,614,615.75,2135,21640
891120,616,616,607,607.25,3585,22590
891121,608,609.5,606,608.5,2355,22610
891122,609,612.5,608,612.5,1770,22900
891124,614,614.5,609,609.25,2140,23710
891127,605,605,601,602.5,3500,23340
891128,602.5,604.5,600.5,604,2005,23625
891129,603,607,602.25,606.75,2805,24005
891130,609.5,611.5,608.5,610.25,2000,23885
891201,609.5,614.5,606.5,607.25,6020,25475
891204,605,606.75,603.25,605.75,4305,25830
891205,607,609.5,605.5,609.25,5205,26450
891206,609,615.5,608,615,5270,27610
891207,615,615,608,608.75,4465,28065
891208,608,612,607.5,610.75,840,28085
891211,611.5,616.75,611.5,612.25,7675,29305
891212,610.5,614.5,609.5,613.75,3240,29680
891213,614,620,613.5,619.75,7940,32305
891214,622,626,621.5,623.5,10210,34985
891215,624,625,619,621.25,4840,34885
891218,619.5,621,619,619.75,4280,35540
891219,620,620.5,618,619.5,3730,35550
891220,619,621.25,615,615.75,7800,37205
891221,614.5,618.5,613.5,617,3590,37465
891222,618.5,618.5,614.5,614.75,1880,37595
891226,613,614,612,613.25,3080,37640
891227,613,614,610.25,611,3325,38030
891228,611.5,618.25,611.5,618,7015,39210
891229,618.25,619.5,616.5,618,4055,40120
900102,616,618,613,613.5,11120,42575
900103,612.5,618,612,616.75,7760,43800
900104,617.5,620,614.5,615,6585,45530
900105,614.5,616.5,613.5,614.5,6730,46600
900108,616,617.25,614.5,616.75,7225,48210
900109,616.5,620,616,618.25,5005,48580
900110,618,618,613,614.25,5905,49340
900111,615,615.25,612.5,614.25,10270,50170
900112,617,617,611.5,613.75,13980,51705
900115,612,614,611.5,611.75,4715,50955
900116,610.5,611.5,601,601.5,19355,52855
900117,601,604.5,599.25,600.5,17765,52585
900118,601,603.5,599.75,602.25,5625,53005
900119,602.5,603.75,599,599.25,8745,54440
900122,599,600,594.75,599.5,8150,55685
900123,600,602.5,599,601.5,5395,56395
900124,600.5,604.5,598.5,600.75,11135,57025
900125,598.5,599.75,591.5,592,14170,57120
900126,593,594,589.5,590.75,12610,57490
900129,590,598,588.5,597.5,13265,59135
900130,597.5,598,593,595,10555,61245
900131,594.5,597,593.5,595.25,8100,61610
900201,594.5,600,593,593.5,9085,62170
900202,593,594.5,591.5,591.75,9895,62960
900205,593,594,590,590.5,9545,62420
900206,590,592,588.5,590.5,13975,63760
900207,591.5,596.5,591,595.5,11410,64945
900208,595.5,596.5,592,592.75,10580,66030
900209,594,598,592,595,10270,65915
900212,596,602.5,594.5,596.75,15105,67810
900213,595.75,599.25,595,596.25,10320,68145
900214,596,599,595.25,597.75,7500,68310
900215,598.5,601,598,600.5,9685,70375
900216,599,599.75,597.5,599.25,6740,71195
900220,598.75,600.25,593,593.25,12225,71850
900221,593,601,593,598.25,14135,72365
900222,597,601,596.5,597.5,10985,73300
900223,598,599,595,595.75,9225,73360
900226,595.5,595.75,592.25,594.25,13265,76025
900227,593.5,596,592.5,593.5,11180,75575
900228,593,600.5,593,600.25,14315,79055
900301,600,608,599,602.75,22565,82870
900302,602.5,608,599,607,23155,82640
900305,605.5,607.5,604.25,606.5,16080,83965
900306,605.5,614.75,605,612,26855,86720
900307,611,616.5,610.25,612.5,19385,88505
900308,611,619,610.75,618.75,32555,93605
900309,618.5,623,618,622.75,30540,98330
900312,620,620.5,615,619,23865,98910
900313,617.75,619.75,612.25,612.5,21685,100645
900314,611.5,611.5,606.5,607,20450,100575
900315,606,617,605.25,616.5,33895,100920
900316,617,619,613.5,616.5,23045,102400
900319,613.5,626,611.5,624.5,47660,112345
900320,623.5,628,621.5,626.5,36320,114300
900321,625.5,628.5,624,624.5,30060,115095
900322,627,627,622,624.25,33605,114840
900323,623,623,615.5,620,29300,111930
900326,617.5,626.25,616,625.25,18480,112380
900327,624,626.5,621,621.25,16225,111870
900328,619,620.25,610.5,611.5,32300,111975
900329,611.5,616.75,611.5,614.25,18010,112525
900330,613.5,623,613.25,621.5,18530,114045
900402,617.5,618.75,609,609.5,34905,116610
900403,609.5,612.75,606.5,611.5,22010,117080
900404,614,618.5,612.5,615,24350,121345
900405,614.5,619,613,618.5,25535,124435
900406,620,623,612,617.5,29130,122900
900409,617.5,621,616,616.75,12815,123130
900410,617.5,617.75,613.5,615,15325,122820
900411,615,618.5,613.5,617,18045,124075
900412,616.5,616.5,612,613,17385,125405
900416,612.5,618.5,610,618.25,27775,126180
900417,618,624,617,623.5,32105,129860
900418,624,626,620.5,621,36045,130250
900419,621,625.5,620.25,625,30405,129760
900420,626.5,630.5,622.5,630,52705,135985
900423,629.5,634.75,626.5,632,40590,137530
900424,630,631,625.5,626,33160,140820
900425,625,638,625,636.75,44375,145670
900426,637.5,654,635.5,652,71045,157285
900427,648.5,667,646,661.5,89745,168835
900430,659.5,663.75,656.5,660,54925,170585
900501,660,682,652,655,88025,175185
900502,655,663,652,662.25,46905,175065
900503,662.5,663,654.5,656.25,36905,176460
900504,658,659.5,652,652.5,33535,177015
900507,648,671,646,663.5,63575,183315
900508,665,671,660.25,661.5,56140,186505
900509,661,676,659,675,67430,192150
900510,674,678.5,672,673.5,56940,192365
900511,672,676.5,649,657.5,95485,193940
900514,656.5,662.5,645,648,69465,190730
900515,648,650,634,637.75,79340,187035
900516,640,643.5,636,637.25,43995,184150
900517,637.5,648,637.5,646,45360,186990
900518,646,648,634,636.25,47625,184520
900521,633,633,625,625.5,47990,186680
900522,628,633,624,624.5,59285,190090
900523,625,630.75,624,624.75,50990,191165
900524,628,634.25,628,632.25,41755,194730
900525,636,638.5,633.5,634.75,28695,192620
900529,638,639.5,616.5,620.5,85125,192555
900530,622,624.25,619,619.5,47660,187350
900531,620,625,618.5,622.25,50490,188565
900601,622.5,624,613,615.75,59295,187265
900604,613.5,613.5,601.5,606,68435,188240
900605,609,609.5,604,607.5,60355,193900
900606,611,618.5,608,609,71600,190945
900607,610,624.75,609.5,620.5,83705,201010
900608,619.5,624,615,616,66205,199640
900611,610,626.5,610,625,65955,203440
900612,626,628,622,624.5,58565,200085
900613,627.5,629.5,621,623.25,92465,204290
900614,619,619,605,608.75,125915,204480
900615,609.5,613,602.75,603.75,73735,200690
900618,599.5,615,599.5,614.5,108185,205845
900619,615.5,615.5,608,611.75,107770,207150
900620,618.5,627.5,616,617.5,178980,217125
900621,616,624,615.75,623,97455,217520
900622,625,626,615.5,619,93445,221660
900625,618.5,638.5,617.5,635.5,215685,240125
900626,633,634.25,629,631.25,117480,240610
900627,634,639.5,631.5,632.25,140350,246925
900628,635,635,631.5,632.25,94450,246850
900629,650,651,642,650.5,177905,254685
900702,660.5,680.5,660.5,672,206115,270880
900703,672,677.5,667,676.5,163995,267190
900705,665,666,652,655.25,179190,262940
900706,657,657.5,640.5,644.75,182280,252945
900709,644,645.5,633,641.5,155710,240315
900710,642.5,645,639,641.5,99110,243115
900711,638.5,638.5,628,633.5,137940,236605
900712,630,636.75,628,630.5,112790,237880
900713,641,641,629,632.5,152605,242220
900716,627,627,616,618.5,142325,237990
900717,618,621.5,615.5,616,102030,233750
900718,616,624,616,618.5,120485,233700
900719,619.5,622,616.5,619,100970,236810
900720,617.5,617.5,601,602.25,156140,234950
900723,600,606.5,591,605.5,182145,242075
900724,606.5,608.75,599,599.5,99180,236365
900725,601,604.5,597.5,599.25,111065,239655
900726,600,610,598.25,609.25,115210,250250
900727,608,611,596,599.5,118615,245165
900730,597,605,594.5,604.5,135580,250920
900731,607,611.5,602,610,137110,257850
900801,610.5,610.5,595.5,596.5,139185,255330
900802,598.5,603.75,592,595,153970,254865
900803,592,603.5,588.5,597.5,158965,255395
900806,598,609.5,596,608.5,124650,263600
900807,607,610,604.75,609.25,100635,262045
900808,610,610,605.5,607.25,53575,257525
900809,607,614.5,607,613.5,120435,265080
900810,626,633.5,622,626,204895,266865
900813,623,624,614.75,619.5,142670,271995
900814,617.5,626.5,617,625.75,136320,275435
900815,625.5,628,616,627,154645,280160
900816,628.5,630,624,627,106540,273400
900817,626,632.5,618.25,628.75,162185,281175
900820,629,634,624,624.5,122115,282625
900821,624,628,621.5,625.5,96025,279505
900822,625.5,630,623.5,629.25,109445,281430
900823,633,643,632.5,641.5,204900,299530
900824,640.5,645.75,638.5,644.5,135845,302780
900827,638,641.5,633,633.5,122295,300290
900828,633.5,635.5,628.5,634.5,142190,299225
900829,634,635,619,619.5,193290,295000
900830,620,623.5,615.5,617,151765,294195
900831,618,620,613,613.75,108685,294030
900904,614.5,625,614,624.25,129125,301710
900905,625,627.5,622.5,626.5,108790,297465
900906,629.5,632,626.25,631.75,125940,303500
900907,628.5,628.5,624,626.5,117995,309095
900910,621.5,633,618.5,632.25,150605,314390
900911,634.5,639.5,633,638.75,126780,311575
900912,638,642,636,641.25,104860,311800
900913,632.5,639.5,627,634,185375,322050
900914,634.5,638,631.75,634.75,108965,317695
900917,637,637,626,626.5,141795,314780
900918,629,635.25,625,633.25,136590,315330
900919,631,631.5,617,617.75,191320,307530
900920,618,624.5,616.5,617.25,104695,302395
900921,615.5,622.5,611,611.5,170375,308155
900924,612,614.5,606.5,613.5,146130,303980
900925,616,619.5,614.5,617.5,115245,300185
900926,616,618.75,612.5,615.5,107735,299040
900927,615.5,622,615,619.25,116720,298910
900928,621,621,614.5,617.5,133435,299660
901001,613,613,604,604.5,162210,303775
901002,607,608.5,604,606.25,112345,302450
901003,610.5,625.5,609.25,620,217545,297125
901004,622,624.25,617,617.75,129070,292370
901005,619,621.5,616,617,118975,290640
901008,620.5,636.5,619.5,634,197615,290615
901009,633,635,630.25,634.25,155425,287710
901010,635,635,619.5,625,206560,283595
901011,625,626.75,620,620.5,104050,272085
901012,629,630.25,618.5,620.5,195680,271295
901015,617,618.25,612.5,614.25,157490,272705
901016,614,615.5,610,610.25,125010,261445
901017,610.5,617,609.5,614.5,125420,259470
901018,615.5,616.5,610,610.25,119605,249755
901019,609.5,617,608.5,611.5,144560,235465
901022,613,616.5,610.25,610.75,118780,211760
901023,609,615,605,614.5,170375,200525
901024,615,616,610.5,610.75,106895,187660
901025,608.5,609.5,605,605.5,97490,175155
901026,603,604,594,594.75,129290,154880
901029,591,595.75,590,590.5,117700,119265
901030,590.5,594.75,590,590.5,147165,77885
901031,591,594.5,589,592,111985,52260
901101,592,600,592,596,57375,37625
901102,597.5,599.5,592,592.5,40550,29100
901105,591.5,592,580,581.5,42150,25515
901106,582.5,583,575.5,575.75,29175,23170
901107,576,582.5,576,582,27950,20230
901108,583.5,585,582,583.25,21270,15295
901109,574.5,575,564.25,566.75,22265,13030
901112,566.5,572.75,566,571.75,10995,10915
901113,573.5,573.75,563,563,11745,7620
901114,564,565.75,552,554.25,9805,6300
901115,555.5,560.25,555,558.5,7250,5825
901116,561.5,570.5,561,566.75,3735,3750
901119,570,570.5,565.5,569,4100,2040
901120,565,565,556,557,2825,1550
