910124,641,641.5,641,641.5,5,5
910125,644,644,644,644,0,5
910128,644,644,644,644,0,5
910129,640,640,640,640,0,5
910130,641,641,641,641,0,5
910131,643,643,643,643,0,5
910201,640.5,640.5,640.5,640.5,0,5
910204,639.5,644,639.5,644,10,15
910205,645.75,645.75,645.75,645.75,0,15
910206,645.5,648,645.5,648,10,20
910207,643,643,643,643,0,20
910208,648.5,648.5,648.5,648.5,0,20
910211,645.5,645.5,645.5,645.5,0,20
910212,644,644,644,644,10,25
910213,646.5,651,646.5,648.5,305,280
910214,650,652.5,650,651,255,160
910215,653,653.5,650,651.5,5,165
910219,654,654,654,654,0,165
910220,648,648,648,648,0,165
910221,645,645,645,645,0,165
910222,641,641,641,641,5,170
910225,648,648,648,648,0,170
910226,650,650,650,650,0,170
910227,645.5,645.5,645.5,645.5,0,170
910228,649,649,649,649,0,170
910301,657,657,655,655,5,170
910304,661,662,657,657,10,180
910305,657,662.5,657,662.5,95,190
910306,658,658,658,658,0,190
910307,660,660,660,660,5,190
910308,666,666,666,666,0,190
910311,656.5,656.5,656.5,656.5,0,190
910312,657,657,657,657,0,190
910313,657,659.5,656.5,658,5,195
910314,647,647,647,647,0,195
910315,641,641,641,641,5,195
910318,642,642,642,642,0,195
910319,640,640,640,640,0,195
910320,638,638,638,638,0,195
910321,640,640,640,640,5,195
910322,637,637,637,637,0,195
910325,631.5,631.5,631.5,631.5,0,195
910326,630,630,630,630,10,200
910327,629.5,632.5,629.5,632.5,5,200
910328,636,638,636,638,5,205
910401,660.5,660.5,660.5,660.5,0,205
910402,659.5,659.5,656.5,656.5,45,235
910403,659.5,659.5,651,651,210,445
910404,647,647,647,647,0,445
910405,648.5,649,646.5,649,20,465
910408,652,652,652,652,0,465
910409,644,644.5,644,644.5,150,465
910410,648,648,646,647.5,5,470
910411,642.5,649,641.5,646.25,5,465
910412,646.25,646.25,646.25,646.25,0,465
910415,648,648,644.5,644.5,5,470
910416,645,648,645,648,60,495
910417,651.5,651.5,642,642,10,500
910418,644,644,642,642.75,5,505
910419,644,652,643.5,652,10,510
910422,653.5,653.5,646,646,40,535
910423,651,651,650,650,10,525
910424,651,651,651,651,0,525
910425,650.5,651,649,649,40,560
910426,649,650,648,648,390,655
910429,643.5,643.5,636,636,30,635
910430,638,641,636,637.5,15,650
910501,638.5,641,637,639,30,680
910502,636.5,638,636,637,195,835
910503,634,634,634,634,0,835
910506,636,636.5,633,633,15,840
910507,635,635,628,628,550,1070
910508,625,630,625,626,145,1165
910509,628,630,628,629,170,1310
910510,629,629,618,620,860,1650
910513,616.5,620,616,619.5,825,2355
910514,617,617,613.5,616,120,2435
910515,619,619.5,616,616,435,2765
910516,619,619,617,617.5,230,2960
910517,619.5,620,614,614,460,2760
910520,615.5,615.5,610.5,612.25,65,2715
910521,612.5,619,612.5,618.75,55,2675
910522,621,628.5,621,622,365,2670
910523,622.5,627.5,622.5,627.5,60,2630
910524,629.5,630,619,619,120,2725
910528,618.5,622,614,621.25,1320,2775
910529,623.5,623.5,616.5,616.75,95,2790
910530,614,618.5,614,617.5,45,2790
910531,623.5,624,623.5,624,25,2785
910603,627.5,628,625,626,245,2895
910604,623.75,623.75,619,619,105,2800
910605,617,622,617,620.5,90,2825
910606,621.5,624,620,622.5,55,2820
910607,623,623,618.5,622.5,185,2920
910610,623,623,612,615,275,3020
910611,616,617,612.25,616.5,145,2970
910612,623,623,615,615,85,2985
910613,613.5,616,611.5,612.75,245,2990
910614,612.5,614.5,610,610,80,3010
910617,607,608,601,602.5,1400,3125
910618,603.5,605.5,602.5,603,335,3375
910619,607.5,609.5,606,609.5,130,3355
910620,612,612,605,608,165,3385
910621,606.5,606.5,596.5,597.5,150,3475
910624,602.5,605.5,602,605.25,195,3495
910625,607,607,601.5,602,355,3570
910626,603.75,606,600,600,480,3650
910627,595.5,596.5,590,590,810,3500
910628,570,573,561,566,2850,4355
910701,570,575,569.5,574.5,1345,4325
910702,578.5,579,562,566.25,930,4360
910703,566,569,564,566.75,70,4350
910705,564.5,564.5,559.5,560.5,510,4655
910708,560.5,561.5,548.75,549.5,1380,5400
910709,552.5,556.5,550.5,551.5,1470,5270
910710,549.5,556.5,547,555,1080,5865
910711,551.5,553.5,548,549.75,670,6015
910712,554.75,561.5,554.5,559,535,5630
910715,565.5,566.5,562.5,562.75,275,5705
910716,574,577.5,570,577.5,850,5815
910717,576,581,570,570,430,5775
910718,566,566,555.5,555.5,675,5985
910719,552,556.5,552,556,1395,6190
910722,561.5,571.5,561.5,568.25,1160,6140
910723,591,598.25,590,597.75,3125,7665
910724,593.5,595.5,580,587,995,8045
910725,590.5,596,585,587,760,8100
910726,585,603,583.5,603,2035,8420
910729,627,642,621,625,4850,9725
910730,616.5,624,616,619,1750,10620
910731,614.5,631,610,626.75,2345,10780
910801,636,652,635,650,5895,12420
910802,650.5,668,647,668,3420,13655
910805,640,651,638,638,1670,13765
910806,608,616.5,602,611,1485,13515
910807,613,613,600,600,1810,13010
910808,594,603,593,598,1700,13025
910809,601,602,597,597,1120,12905
910812,599,601.5,598.25,599.5,875,13230
910813,589,592,584,587,1220,13350
910814,591,592.75,578.5,578.5,845,13195
910815,582.5,591,580,591,830,13410
910816,593,597,587,589.5,1095,13295
910819,559.5,570,559.5,569.25,4280,13845
910820,569.5,573,566.5,571.5,1150,14020
910821,599,601.5,594,601.5,4515,14970
910822,601.5,614.5,599.5,614.5,2765,16335
910823,611,612,606,608.75,1635,16545
910826,619.5,625,616,621.5,2205,17660
910827,620,622.5,615.5,616,2715,18665
910828,615,625,612,612.25,4230,18550
910829,610.5,613.5,608.5,610,1085,19225
910830,613,618,612.5,617.5,1110,19370
910903,615,622,615,615.5,1795,19590
910904,614.5,621.5,607,621.25,1250,20285
910905,620,620,614.5,615.5,2570,21035
910906,615,617,612.5,613.5,380,21075
910909,612,618.5,611,614.75,940,21040
910910,613,613,609,609,2100,21200
910911,613.5,617.5,613,617.25,1595,21415
910912,620,625.5,620,624,4175,22435
910913,629.5,631.5,623.5,626.25,2660,23100
910916,628,640,627,635,2395,24275
910917,637,640,634,638,3635,24385
910918,639.5,643.5,636.5,642.75,8185,28440
910919,631.5,635.5,630,630.25,5155,28890
910920,643,643,627,628,8475,30655
910923,623.5,624,615.5,620.5,3270,30580
910924,621,625.5,618.5,620.5,1475,30930
910925,624.5,625.25,617.25,617.75,4755,30740
910926,616,618.25,612.75,616.25,3715,32545
910927,615,617,612,613.5,3765,32370
910930,611,621.5,611,616.25,3925,33025
911001,619,620,614,617.5,3840,34225
911002,619,621,616.5,618.75,3785,35485
911003,616,616.5,607,607.25,2905,36145
911004,609,612.5,606.75,611.5,3910,36590
911007,609.5,610.5,604.5,605.5,2040,36580
911008,605.75,606,600.5,602,4355,36555
911009,599,604,599,599.25,5895,38085
911010,598.5,603,598,600.5,3555,40265
911011,570.5,577,570.5,576.5,6225,40060
911014,576.5,581.5,575,580.25,5065,39565
911015,579,581,578,580.5,5020,41230
911016,579,584.75,578.5,584.5,3505,41225
911017,586.5,589,578,578.25,4890,42170
911018,579,585,577.25,583.5,6995,44080
911021,584,587,580,580.25,3010,44635
911022,579.5,592,579.5,588.25,11460,49390
911023,586.5,588.5,582.75,583.25,5565,50105
911024,581,584,579.75,580,8195,49650
911025,579.5,580,572,572.5,10900,51965
911028,573,582.5,570.5,579.75,8095,54820
911029,578,588,577.75,585.25,11940,54170
911030,584.5,589.5,580.5,581.25,9670,56000
911031,584.5,591,583,583.75,10200,56830
911101,585,588.5,584.5,587.75,7285,56600
911104,587,588,583,584.25,3680,56225
911105,585,587.5,583,584,4550,58150
911106,580,580,573.5,574.5,11715,58055
911107,574,575.5,568,571.75,9430,57740
911108,572.5,575.5,571.5,571.75,3550,57990
911111,568.5,568.5,561.5,563.25,10880,58230
911112,564,567,563.5,566.75,8805,59230
911113,570.5,575.5,569.5,573.75,7730,60970
911114,572,580.5,571.75,579.75,6005,62085
911115,579,579.75,569.5,569.75,6545,63575
911118,569,582.5,567.5,582.25,8180,64350
911119,580,582.5,575.5,577.75,5495,64505
911120,578.5,585,576.5,577.5,8095,66195
911121,576,579.5,572.25,573,9860,67900
911122,574,578,573.25,574,5760,68115
911125,574,577.75,571.75,577.25,2965,68265
911126,576.5,580,575.5,576.5,7230,69950
911127,576,578.75,576,577,3705,71080
911129,577,577.5,568,569.25,5065,73015
911202,568,576,564.5,575.75,9725,72910
911203,578,579,566,567.25,12190,74550
911204,568.5,576.5,568,574.75,13210,74915
911205,574,576.5,568.5,570.5,8515,74445
911206,568.5,572.5,567.5,569.5,7185,75255
911209,568,571.5,565,568.25,11755,77270
911210,568,568.5,562.25,562.75,9935,77245
911211,562.5,566,561,562,6140,76815
911212,564,565,558,558.5,6790,76635
911213,558.5,568,558.25,566.5,18025,76890
911216,565,566.5,562.25,563.75,5410,77830
911217,565,567,561.5,563.25,6620,79210
911218,563.25,566.5,561.5,564.25,6480,80605
911219,564.5,570.5,562.25,562.75,25250,82805
911220,565.5,567,562.5,566.5,8640,85880
911223,566,574.75,565.5,574.25,17340,89695
911224,572.5,574.25,571.5,572.25,7700,90070
911226,573,575.25,568.5,574.5,8795,92385
911227,575,575,570.5,570.75,11270,92305
911230,569.5,569.5,560.25,560.75,15560,91730
911231,561.5,563.5,560,563.25,8405,92015
920102,562,564.25,556,556.25,16735,94510
920103,554.5,558.75,554.5,556.5,11510,95010
920106,555.5,568,555.5,565.25,21785,97285
920107,563,565.25,560.75,564,18030,95935
920108,565.5,572.25,565,572,22355,99405
920109,570.5,577.25,569.25,573.5,24985,99400
920110,573,576.25,570.5,571,17215,98060
920113,573.5,576.75,571,574,14725,100780
920114,573,576.25,564.75,567.25,25820,104720
920115,568,581.25,566.75,577.5,29475,109650
920116,578.5,581.5,575,579.25,22700,112360
920117,581,587.25,580.75,586,27555,116970
920120,583.5,587,579,581.5,22895,118180
920121,583,587.5,581,586.25,16945,119755
920122,587.5,590,580,584,21420,119770
920123,583,585,580,580.75,14145,120020
920124,581.75,589,577.5,588.25,33160,121875
920127,585,587.5,581,584.5,40520,126940
920128,586,588.5,583,588.25,19480,130025
920129,589,592.25,580.5,582.25,28640,133300
920130,583,584,576.25,578.75,31420,129970
920131,580,582,575.5,577.5,24860,128525
920203,575.75,587.5,573.75,583.25,31350,132780
920204,583,587,581.25,582.75,18725,132745
920205,582,585.25,579.5,582.25,29090,133700
920206,581.5,582.5,578.25,578.75,16630,133520
920207,576.5,579,575,575.5,22110,134610
920210,575.5,585,573.25,583.75,31680,134310
920211,581.5,584.75,571,573,49150,138485
920212,572,578,571,576.5,32895,142180
920213,574,578.5,573.5,577.75,35340,148035
920214,577.5,579,574,577,24735,150660
920218,578.5,583,575.5,582.5,59965,155120
920219,583,589,578,587,102560,160745
920220,587,589,584.25,587.25,63310,165410
920221,588,589.25,584.75,586.5,50770,169380
920224,586,595.5,584.5,589,143985,190170
920225,589.5,591.75,586.5,587.25,88930,189500
920226,587.5,587.5,580,580.75,113695,192465
920227,581,583.75,580.5,582,92680,194715
920228,583,590,582.5,589.25,115555,206665
920302,590,593.25,587,592,109395,210610
920303,592,594,589,589.5,97980,212390
920304,589.5,599.5,588,599,144750,232330
920305,597.5,600,595.75,597,100845,230055
920306,597,604.5,596.5,601,112555,233490
920309,602,603.75,597.75,600.25,85470,233370
920310,601,601.25,593,596.25,98105,233075
920311,597,601,594.75,598.5,98770,231765
920312,598,599.75,592.5,593,75080,226175
920313,593.5,603,590.5,596,120335,233565
920316,594.5,596.75,590,592.5,96910,228235
920317,593,595.75,591.75,595.25,58475,228505
920318,596.75,600,595,596.75,90850,231030
920319,597,601,594.75,599,110050,231035
920320,600.5,601.75,584,585.5,166990,220145
920323,586,587.5,584.25,587.25,86840,211815
920324,588.5,588.75,585.5,586,31070,208650
920325,585,590,582,588.5,50500,204780
920326,587.5,589,584.75,586,42910,206770
920327,586,588,584,584.25,31040,199960
920330,585.5,588.5,584.25,585.75,32550,195790
920331,585.5,588.25,585.25,588.25,43880,193325
920401,587.5,588.5,576.5,577.25,86315,189340
920402,578.5,579.25,575,575.5,42530,185680
920403,575.5,578.25,573.5,576.25,43460,178050
920406,576.75,578.5,574.5,578,27285,173965
920407,578.5,579,570,570.5,42425,170705
920408,570.5,571,566.5,566.75,59385,166470
920409,567.5,570,566,568.5,46280,162830
920410,568,574,568,571,43930,160700
920415,567,576.25,567,575.5,50215,164620
920416,575.5,576.25,573.25,575.25,55695,136015
920420,576,580.25,574.75,579.5,37470,121015
920421,579,584,578.5,583.75,34280,111035
920422,582.5,582.5,576.5,577,44055,105825
920423,577.5,582,576.25,581.5,37025,96130
920424,581.5,581.5,574,575,39905,86485
920427,575,578.5,573.75,574,45165,76895
920428,573.5,575.5,572.75,573.75,39655,69755
920429,574,574.5,571.75,572.25,53410,51960
920430,573,574.5,573,574.25,29275,49500
920501,573.5,584,573,583.75,23615,42715
920504,583,591.5,583,585.25,16675,38410
920505,584,586.25,583,586,15120,34675
920506,584,588.75,583.5,588,10535,30625
920507,591,593.5,588.25,593.25,13370,24915
920508,593,593,585.75,589.5,8735,20260
920511,587,590.75,586.75,589.5,4760,17865
920512,594.5,600,593,599.75,4235,15885
920513,599,615,598.5,614.5,7680,11185
920514,608.5,613.5,605,609,5295,9030
920515,611.5,617,607,610,4260,7415
920518,607,619.5,606.5,619.5,8280,3185
920519,611,612,598,601.5,3405,1925
