920929,581,581,581,581,5,5
920930,581,581,580,580,5,0
921001,576,576,576,576,0,0
921002,573,573,573,573,0,0
921005,571.5,571.5,571.5,571.5,0,0
921006,572.25,572.25,572.25,572.25,0,0
921007,571,571,571,571,0,0
921008,570.5,570.5,570.5,570.5,0,0
921009,574,574,574,574,0,0
921012,576.5,578,576.5,577.5,50,50
921013,578.5,579,578.5,579,5,55
921014,581.5,581.5,581.5,581.5,0,55
921015,579.5,579.5,579.5,579.5,0,55
921016,577.25,577.25,577.25,577.25,0,55
921019,583.25,583.25,583.25,583.25,0,55
921020,584,586,584,586,5,60
921021,586,586,584,584,5,65
921022,585.5,585.5,585.5,585.5,0,65
921023,582,582,582,582,0,65
921026,582,582,582,582,0,65
921027,582,582,582,582,0,65
921028,582,582,580.5,580.5,105,105
921029,583,583,583,583,0,105
921030,583,583,583,583,0,105
921102,586,586.75,586,586.75,5,105
921103,589.25,589.25,589.25,589.25,0,105
921104,584,584,584,584,0,105
921105,578,578,578,578,0,105
921106,584,584,584,584,5,110
921109,583.5,583.5,583.5,583.5,65,175
921110,587.75,587.75,587.75,587.75,0,175
921111,589,596.5,588.5,596.5,400,550
921112,595.5,595.5,595.5,595.5,0,550
921113,595.5,595.5,595.5,595.5,0,550
921116,596,596,592.5,592.5,55,550
921117,599,599,599,599,0,550
921118,597,597,597,597,5,550
921119,596,596,596,596,0,550
921120,593.5,593.5,593.5,593.5,0,550
921123,598,598,598,598,5,555
921124,600,600,600,600,5,555
921125,598,599,598,599,5,560
921127,596.75,596.75,596.75,596.75,0,560
921130,596,596,595,595,35,575
921201,591,591,590,590,5,570
921202,590.75,590.75,590.75,590.75,0,570
921203,591.75,591.75,591.75,591.75,0,570
921204,589.5,589.5,589.5,589.5,0,570
921207,590.5,590.5,590.5,590.5,0,570
921208,590.5,590.5,590.5,590.5,10,580
921209,595,595.25,595,595.25,60,590
921210,598,601.5,598,601.5,115,690
921211,600.5,602,600.5,602,30,690
921214,602,604,602,603,245,795
921215,599.75,600.25,599.5,599.5,100,895
921216,597.75,597.75,597.75,597.75,0,895
921217,599.5,600.5,597,597,80,905
921218,596.5,600,596,599.75,245,1090
921221,603,604,602.75,604,110,1170
921222,604,608,604,608,835,1870
921223,608,608,605.5,605.5,25,1865
921224,606.75,606.75,606.75,606.75,100,1860
921228,607,607,603.5,603.5,25,1880
921229,601.5,601.5,599.5,599.5,15,1885
921230,600,601.5,599.5,600,150,1965
921231,599.5,601.25,599,601,245,2105
930104,597,597.25,596,596,120,2275
930105,598,598,597,597.75,15,2270
930106,599,600,598.5,598.5,50,2270
930107,599.5,604,599.5,604,185,2445
930108,601.5,604,600.25,600.75,290,2495
930111,599,599.5,598.75,598.75,325,2800
930112,603,605.5,603,604.5,155,2950
930113,603,604,601,603.25,90,2995
930114,604.5,605,600,600,860,3200
930115,600,601,599,599.25,155,3285
930118,598.25,604,598,603.75,195,3470
930119,605,608.5,604.75,608.25,315,3705
930120,604,607.25,604,605.25,555,4080
930121,601.5,604,601.5,603.75,175,4165
930122,604.25,605,601.75,602.25,380,4370
930125,596,596,596,596,0,4370
930126,596.5,600.75,596.5,597.25,175,4495
930127,598.75,602,598.75,601.75,605,4675
930128,598.5,598.5,594,594.25,70,4710
930129,594.75,596,593.5,593.75,55,4745
930201,591.75,594.5,591,594.5,45,4755
930202,596,596,592.5,594.5,285,4710
930203,594.5,597.5,594.5,597.5,50,4920
930204,597.5,597.5,594.5,594.75,40,4940
930205,594.5,595,588.75,589,360,5165
930208,589,591,586.75,590.25,185,5305
930209,593,594.25,592.5,592.75,575,5455
930210,593.5,594.5,592.75,594.25,655,5470
930211,591.5,598,591.5,591.5,1190,5815
930212,593.25,593.25,593.25,593.25,0,5815
930216,595,595,592.5,594.75,190,5815
930217,595.5,597,594.5,597,160,5890
930218,596.5,596.5,592.75,593,285,6295
930219,593.5,593.5,591.5,591.5,545,5800
930222,591,591,588.5,588.75,640,6040
930223,589,594,589,593,845,6100
930224,593.5,595,593.5,595,125,6175
930225,592.5,594.75,592.5,594.75,1225,6695
930226,595.5,600,595.5,599.5,450,6795
930301,600.75,604.75,600.25,604.5,440,6980
930302,604.5,606,604,605.75,700,7470
930303,602,604.5,601.75,603.5,510,7490
930304,602.5,605.75,602,605.5,380,7565
930305,604,604,599,599.25,745,7815
930308,598.25,603,597.25,597.25,555,7575
930309,599,600.5,598.5,599,125,7535
930310,600,604.5,599.75,604.25,270,7585
930311,604,605.75,600,600.5,500,8020
930312,600,602.5,598,598.5,955,8960
930315,601,603.5,601,602.5,650,8850
930316,605.5,605.5,602.5,604.5,370,8905
930317,605,610,605,608.25,1770,10030
930318,609.25,612,608,611,1070,10770
930319,610.5,611.5,608.5,610.75,1885,11760
930322,607.25,610,606.25,606.75,2720,11895
930323,609.5,614.25,607.5,612.25,1420,11980
930324,612.5,614.5,611.25,614.5,1655,12015
930325,615,616.5,608,608.5,2085,13170
930326,611,611,606.5,608.75,3185,13275
930329,609.75,611,608,608.5,825,13880
930330,608.5,609,606.75,608,1000,13910
930331,608,609.75,608,609.75,1295,14690
930401,616.5,620,614.5,616,1065,14610
930402,616.5,618,614.5,617.75,2305,14450
930405,616.5,616.5,612,615.75,2305,13940
930406,614.5,617,612.25,612.5,1290,14110
930407,613,618.75,611.5,618.5,2725,14385
930408,618.5,619.5,617.75,618,430,14595
930412,617.5,620,616.5,618,1545,14710
930413,616,617.5,614,615.5,530,14830
930414,614.5,615.25,611.75,613,495,15005
930415,614,615,608.5,608.75,2460,16385
930416,607.5,609.75,603,603,985,16030
930419,603.5,605.75,603.5,605.5,930,16025
930420,606.5,606.5,603.5,605.5,1525,16415
930421,603.5,604,602,603.75,1610,16290
930422,603.5,607.75,603.5,607,1410,16535
930423,607.5,608.5,605.5,607,520,16500
930426,606.5,610.5,605.5,610.5,725,16370
930427,610,611,606.75,607,540,16595
930428,606.5,606.5,601.75,603,1655,16585
930429,604.5,605.5,599,601.75,820,16865
930430,604.25,605.25,602,602,1335,16060
930503,603.25,604,597.25,603.5,1315,16425
930504,600.5,602,599,599.5,985,16335
930505,599,606.5,599,605,745,16960
930506,605.5,608.5,603.5,607.5,2130,17295
930507,608.5,615.5,607.75,615.25,3025,16670
930510,612,613,610.75,613,5030,18405
930511,612.5,615,611.75,613.5,1385,18675
930512,611.75,617,608,609,2615,18610
930513,609,609.25,606.5,607.25,2055,18805
930514,607,611,607,608.5,4140,19720
930517,606.5,607.5,604.25,606,2985,20605
930518,606.75,612.5,606.75,612,3340,21810
930519,613.75,614.5,607,607.5,1475,22345
930520,609,612.25,606.25,609,2135,22710
930521,609.5,613.25,608.75,611.75,1350,23225
930524,611,613.5,610.75,611.25,1730,24100
930525,610.25,612,608.5,611.75,6190,25725
930526,612.5,615.25,609.5,615,6700,27435
930527,614.5,615,612,612.25,2705,27955
930528,611.5,615.5,610.75,612,2395,27985
930601,609.5,610,592.5,592.75,2530,27950
930602,593.5,594.5,591,591,2310,27530
930603,593.5,595.5,591,591,4020,27435
930604,591,593,587,590.25,4395,24710
930607,593.5,596.75,593,595.75,1065,24635
930608,598,599.5,593.5,593.5,1220,24510
930609,592.5,595.75,591.5,595.5,3400,25000
930610,594,596,591,591.5,2715,26315
930611,592.5,595,588.5,589.5,6165,25935
930614,588.5,591,586.5,586.75,5160,26555
930615,588.5,590.5,582.5,585,3195,26265
930616,584.75,588.5,582.5,587.75,3210,26990
930617,598,608,595.5,605.25,4250,27725
930618,608,612.25,606,611.75,4385,30385
930621,618,632,617.5,626.5,8940,32625
930622,621.5,629.5,621.5,626.25,10270,34305
930623,637,640,632.5,636,12625,36400
930624,637,637,630.5,635.25,4475,37455
930625,632.5,634,626.5,627.75,4510,38285
930628,633.5,634.5,628.25,629.25,4400,37630
930629,633.5,644,633,640.5,7050,40540
930630,649.5,663.5,645.5,661.5,18655,42140
930701,652,677,651.5,666.5,10170,44995
930702,671,677,667.5,670.25,8555,47795
930706,695,700.25,695,700.25,5490,49570
930707,717,719,698,718.25,17515,51205
930708,714,720,705,710.5,13435,51860
930709,741,743,719,719.5,9410,52685
930712,713,715,693,706,8440,53460
930713,702,712,698.25,702.75,7495,52025
930714,698,713.5,697.5,712.75,5905,52325
930715,728,735.5,714,715,13950,54680
930716,710,729.5,710,729.25,9870,56185
930719,756,756,736,738.5,12210,55045
930720,730,738.5,729,732,7855,56295
930721,738,738,720,722,8595,57580
930722,725,733.5,722.5,733.25,7605,58225
930723,739,740.5,726,728.5,10800,60850
930726,711,716.5,707.5,712,10380,62065
930727,710,717,701,705.75,14255,62745
930728,704,705,688,693.5,11195,64320
930729,692.5,698.5,689,695.5,11725,64340
930730,696,697.5,690,690.5,5765,65585
930802,694.5,710,692,708.75,5905,65420
930803,708.5,710.5,705.5,708,6795,65965
930804,711,711,698,698.5,9410,66465
930805,698.5,702,680,680.75,17205,65890
930806,681,687.5,670.5,681.5,11890,69190
930809,684,686,674,674.75,10750,67785
930810,677,680,672.5,677.5,10650,69565
930811,678.5,689.5,677,686.5,6145,70300
930812,688,688,658.5,660.5,21985,73695
930813,660,666.5,655.5,658.25,8985,73850
930816,653.5,663.5,653,655,9805,75135
930817,655,663.75,655,662.25,6225,76140
930818,664,670.5,661,661.5,11205,79685
930819,661,670.5,659.5,668.75,23700,79290
930820,669,677,668.5,674,17225,81075
930823,676,682.5,675,681.75,10875,84365
930824,683.5,684.5,675.75,677.25,10095,86100
930825,677,679.5,673.5,677,10795,86145
930826,676.5,681.5,667.5,668.25,18185,86865
930827,668,680,658,679.25,19315,88395
930830,680,687,674,681,24220,97910
930831,679,679,664,669.25,23215,97305
930901,671,671,660,661,21165,96010
930902,662,668.75,661.5,666.5,13335,94870
930903,665.5,670.5,663.5,668.25,10175,95545
930907,668,669.5,645,645.75,20885,96275
930908,653,653.75,646.5,648,12005,95555
930909,651,651.25,646,646.25,12130,94185
930910,632,637,621.5,625.5,42365,92675
930913,633,642.5,632.5,638.75,24025,90485
930914,632,637,626.75,631.75,17765,92215
930915,630,639.5,627,636.5,16890,94455
930916,637,639.25,629.5,634.75,14980,94350
930917,644,647,640.75,641.5,17115,96365
930920,638.5,646,634.5,645.75,18400,96745
930921,649.5,651,636,638.5,25815,98150
930922,643.5,646,639.25,644.75,15635,99515
930923,650.5,657.75,649,655.75,25135,99030
930924,654.5,656.25,651.5,653.75,11000,98120
930927,658.75,658.75,643,645.5,27455,96745
930928,646,647,634,637.75,19850,94935
930929,636,637,630.5,634,28435,100645
930930,641.5,641.5,635,636.5,18430,99485
931001,634.5,634.5,623.25,625,29255,103600
931004,618,621.5,611.5,612.75,26230,104000
931005,613,617.25,612.5,612.75,23010,107885
931006,615,618,613.5,613.5,13590,110335
931007,613,620.5,613,617.25,18070,112945
931008,618,619.75,614.5,615.25,16350,116995
931011,619.5,621.5,618.25,620.75,17135,115985
931012,620.5,623,619.75,621.75,24335,120655
931013,624,624,617.75,619,29955,127025
931014,617.5,626,617,622,34705,133685
931015,621,623.5,620,620.5,19275,136270
931018,621,625.25,621,624.25,32525,147935
931019,625.5,626,621.25,621.75,31765,151285
931020,621,622,619.25,621.5,28195,158045
931021,621,632,619.25,631,46795,153730
931022,632,634,629,629.5,61790,180040
931025,625.5,634,625.5,630.75,61925,198825
931026,630,632.5,627,628.5,57150,213155
931027,631,632.5,628,629.25,83990,240280
931028,627.5,629.5,624,627,113110,278435
931029,627,633,625.5,629.5,165630,318490
931101,632,632.5,622.5,628.5,207165,338720
931102,632,640,630,637,252685,343110
931103,636,641.5,635.5,640.25,181855,345700
931104,640.25,647.75,640.25,646.75,215155,350210
931105,650,652.75,647.25,650.75,196325,338610
931108,647,647,638.75,639.5,169575,329465
931109,638.5,643,638,639,135940,321620
931110,669,669,669,669,116315,341170
931111,687,687,676,682,308585,330310
931112,679,683,676,682,164330,337790
931115,687,691.5,678.5,686.75,248280,349080
931116,686.5,688.75,680.75,681.5,152195,349070
931117,681,692,679,689.75,205650,370225
931118,691.5,695,683.5,686.75,206725,370075
931119,688.5,689.5,684,687.75,110265,366110
931122,687,687.75,677.5,679.5,150005,361600
931123,681.5,683.75,677.25,681.75,138310,363115
931124,683,684.5,678.25,681.75,97770,359160
931126,681,686.5,679,685.75,74330,356100
931129,684,685.5,677.5,683.75,135140,358560
931130,681.75,683,671,671.5,200735,348515
931201,672,677,671,671.75,149830,347995
931202,671.5,683,666,681,216160,343165
931203,678.5,685.25,677.5,679,140675,328110
931206,679,682,673.5,679.75,106665,320555
931207,682,684.5,677,684,125930,316520
931208,684,689,683,685.75,146830,312275
931209,686,687.25,682.75,684.25,103585,297075
931210,685.5,688,681.5,685.5,114575,287670
931213,683.5,683.5,674.75,675.25,140190,276380
931214,680,683.25,675,680.75,171550,272530
931215,681,683,678.5,680.25,66875,255695
931216,678.5,683.25,678,682.5,55580,246215
931217,683.5,687,682.5,686.75,76520,215480
931220,687,689.5,684.25,685.75,74345,184100
931221,686,688.5,684.5,687.75,61240,167015
931222,691,700.5,691,697,74990,143965
931223,694.5,697,694.5,696,35855,132880
931227,696,704.5,696,701.75,52110,120680
931228,699.5,702.25,698.25,700.75,70530,90995
931229,700,702.5,698.5,700.5,88465,76760
931230,701.5,706,701.5,704.25,79390,61040
940103,701,701.5,693.75,698.75,71625,46675
940104,697.75,703.25,692,692.5,57025,42110
940105,690,697,689,696.75,48770,35540
940106,701,703,697.25,697.5,41490,31990
940107,697,697,691,694.25,38180,29535
940110,689,689.25,681,681.5,39515,23025
940111,682.5,686,681,685.25,30085,19585
940112,686,687,683.75,686.25,29160,21050
940113,703,713,698,712,19590,17750
940114,709.5,711.5,706.75,708.75,18540,15615
940117,708,711,699.5,702.5,14035,11745
940118,706.5,707.5,695,702,10930,8010
940119,698,702,697,699.5,8790,4855
940120,696.5,699.5,688,690.5,1910,1310
