930628,640,640,639,639,15,15
930629,639,639,639,639,5,20
930630,645,645,645,645,0,20
930701,651,661,651,661,20,35
930702,668,674,668,668,250,165
930706,698,698,698,698,5,170
930707,690,696,690,696,150,300
930708,700,702,695,700.5,430,675
930709,720,723,705,705,680,1115
930712,710,710,695,695,315,1105
930713,694,697,693.75,693.75,315,995
930714,693,696,693,696,30,970
930715,716,716,703,703,305,1150
930716,711,715,708,711,230,1380
930719,722,735,722,728,435,1640
930720,722,725,715,715,835,2365
930721,716,716,711,711,150,2435
930722,715,718,713,718,215,2485
930723,724,724,713.5,714.25,405,2495
930726,705,705,698,698,155,2715
930727,704,706,695,695,425,2705
930728,695.5,695.5,684,684,160,2715
930729,685,687,683,685.25,235,2800
930730,684,687,684,685,680,2945
930802,688,698,688,698,575,3100
930803,699,701,698,700,740,3590
930804,700,700,694,694,195,3705
930805,694,695,677,677.5,115,3785
930806,674,680,671,679,825,4060
930809,682,682,675,675,210,4090
930810,672,678,672,676,795,4135
930811,676.5,686,676.5,686,245,4195
930812,683,683,664,664.25,540,4275
930813,661,666,659,659,895,4120
930816,657,662.5,657,658,340,4250
930817,658,662,658,662,570,4270
930818,666,671,664,664,70,4305
930819,662,671,662,671,215,4335
930820,672,678,672,678,475,4415
930823,678,683,678,683,770,4670
930824,685,685,678,681,1090,5320
930825,678,680,677,678.75,65,5335
930826,680,682,672,672,220,5415
930827,672,680,666,680,280,5310
930830,680.5,686,679,685,425,5350
930831,682,682,672,676.5,655,5590
930901,674,674,667,667,430,5940
930902,670,674,670,673.5,560,6035
930903,673.5,676,673.5,676,420,6040
930907,662,665,657.5,657.5,330,6110
930908,658.5,660,657,657.25,2370,5795
930909,658.25,658.25,655.5,655.5,500,5655
930910,645,645,633,633,935,5560
930913,641,647,639.5,645,240,5410
930914,640,643,638.5,639,325,5370
930915,638,646.5,637,645,160,5305
930916,643,645.5,640,643,245,5265
930917,651,653,651,651,65,5265
930920,647,654,647,654,480,5380
930921,657,659,648,648,795,5705
930922,653.5,656,652,656,175,5770
930923,662,664.5,660,663.5,330,6010
930924,664,664,662,663.5,1550,6640
930927,662,664,653.5,657,240,6615
930928,658,658,647,650,90,6625
930929,647,649,645,648,220,6595
930930,653.5,653.5,650.5,652,170,6610
931001,647,647,640,641,670,6860
931004,632,635,629,629,420,7020
931005,630.25,630.5,628,628.5,255,6840
931006,631,632.5,629.5,629.5,1100,7325
931007,629,633,629,630.75,450,7295
931008,631,631,628,628.5,955,7670
931011,632.5,634,632.5,633.5,335,7595
931012,633.5,636.25,633,635,315,7680
931013,633.5,635,632.5,634,710,8240
931014,632.5,637,632,636,860,8195
931015,634.5,635.5,633.5,634.25,460,8035
931018,635.5,638.5,635.5,637.5,530,8280
931019,639,639,635.5,635.75,405,8315
931020,634.25,636,634.25,636,1185,8820
931021,635,644.5,634,644.5,605,8785
931022,645,647,643,643,845,9365
931025,642,645.25,641,644.5,890,9475
931026,644.5,645,641,642,395,9445
931027,644.5,645.5,642,644,795,9975
931028,642,643,639.5,641,1490,10215
931029,640,645.75,640,642,695,9760
931101,646,646,637.5,644,235,9810
931102,645.5,650.75,644.5,649.25,620,10065
931103,649,653.5,647.75,653.5,375,10295
931104,653.25,659.5,653.25,659,2195,10420
931105,663,664.5,659.5,662.75,955,10755
931108,657.5,658,652,652,785,11220
931109,651.5,653.75,649,649,830,11925
931110,679,679,678.5,679,4040,12260
931111,691,691.5,684,690.5,3100,13715
931112,684,688,683,686.5,1655,14525
931115,690.5,695.5,685,691,1745,15300
931116,689,692.5,685.75,686.5,2815,16180
931117,685,693,685,692.5,6120,17785
931118,691,695,687,689.5,3410,18270
931119,689,690.5,687,689.5,1940,18120
931122,688,688.5,680.5,681.75,1035,17850
931123,681.5,687,680.5,686.5,1730,18305
931124,687,687.75,684,687.25,945,18135
931126,685.5,690,685.5,689.5,345,18320
931129,688,689.5,684.5,688.5,335,18360
931130,687,687,676.5,676.75,630,18570
931201,676.5,680.5,675,675.25,1040,18695
931202,675,686,671.5,685.5,770,19060
931203,683.5,688.5,683.5,683.75,1745,18720
931206,682,685,680,684.25,510,18625
931207,687,688.5,682.5,688.25,750,18960
931208,690,693.5,689,691.25,1235,19655
931209,689.5,692,688.5,690.5,895,20110
931210,690,692,689,691.25,1460,20955
931213,688,688,680.5,680.5,820,21175
931214,682.5,686.5,680.25,683.75,930,21615
931215,684.5,685,682,684.25,1235,22245
931216,683.5,687,683.5,686.75,1530,22150
931217,689,692,687.5,691.75,790,22005
931220,692.5,693,689.5,690.25,485,22005
931221,691.5,692.5,690.5,692.5,635,21875
931222,696,704,696,700.5,2820,23025
931223,700,701.5,699,700.75,1060,22975
931227,702.5,708.5,702,706.25,1795,23845
931228,704.5,707.5,704,706.25,380,23760
931229,707,707.25,704.25,705.25,1130,24155
931230,708,709,706,707.5,930,24095
940103,705.5,708,702.25,707.75,1295,24450
940104,706,712,701.5,702.75,1285,24310
940105,700,705,698,704.5,3585,24415
940106,708.5,709,703.5,703.75,2245,25420
940107,701.5,703,698,699.25,1095,25785
940110,692.5,694.5,685,685.5,2145,25615
940111,687,691,686,690.75,1230,25630
940112,690,692.25,690,691,965,25410
940113,706,717,703.5,715.75,2030,26050
940114,712.5,716.75,712,714,3305,27390
940117,714.5,716.5,705.5,707.25,2225,27705
940118,710.5,712,700,705,1620,27870
940119,702.5,706.5,702.5,703,1190,27580
940120,701.5,703,692,696,2085,28045
940121,695,696,690,693,4765,27820
940124,688,698,688,697,2480,28485
940125,696.5,698.5,693.5,698.25,7870,29540
940126,698.5,700.5,697,698.25,8010,31740
940127,701,701,692,692,3175,32495
940128,689,689.5,678,678,2565,32630
940131,678.5,682,677,682,1900,32445
940201,683,686.5,682,682.75,1090,32430
940202,680,680,672,679.75,3240,34075
940203,680,683,677,677.5,3685,33275
940204,674.5,676,671.5,672.75,3805,33960
940207,669.5,675,669.5,671,1355,33900
940208,669.5,674,669.5,673,1175,34155
940209,671.5,679.25,671.5,678.25,1915,34385
940210,679.5,681,678.75,681,4010,33730
940211,680.5,685.5,674.75,685.25,1745,34030
940214,686.5,689,684,685,2340,34310
940215,683,684.25,681,681.25,3545,35340
940216,681,683,679.25,683,3660,34625
940217,683.5,683.75,675.5,675.75,4745,35330
940218,676,679,675.5,678,2335,34825
940222,677.5,684.5,673.5,683.5,6925,35430
940223,684.5,688.75,682.75,684.25,3275,35630
940224,686.5,689.25,685,685.75,2375,36155
940225,680.5,684.5,680.5,682.5,2350,36555
940228,682,683,678.5,679.75,1590,36515
940301,682.5,683,678.5,679.5,4025,35630
940302,679.5,681,676.5,676.5,1855,35275
940303,675,676.25,663,665.75,7365,38115
940304,666,668,663.25,663.5,5050,37490
940307,665,668.5,664,664.5,2395,37245
940308,664.5,666.75,662,662,4060,36310
940309,661.5,669.5,660,669,3990,36830
940310,669,670.5,667,668,3155,37165
940311,669.5,670.75,665,668.75,7150,38160
940314,671,686,671,683.5,3450,38220
940315,681.5,685.5,680.5,683,5335,38235
940316,683.5,690,682,687.5,4475,37920
940317,686.5,687.75,684.5,684.75,2480,38020
940318,685.5,688.5,683.25,685,4170,38185
940321,683,684.5,680,682.25,1965,38400
940322,682.25,684.25,680,680.25,1680,38875
940323,682,688,680,687.5,2895,39530
940324,687.5,689.5,685.5,686.5,3430,39695
940325,686.5,686.5,682,684,3845,41560
940328,685.5,688,683.5,686.25,3765,42020
940329,687,687.5,683.5,683.75,3410,41785
940330,683.5,684.5,682,684.25,2395,41320
940331,683,684.25,676.5,677,3345,42280
940404,671,671,647,647,9270,41365
940405,650,651.5,645,651.25,6915,42165
940406,652,654,650.25,653.75,5845,43910
940407,654,655.25,648.75,649.5,7180,45225
940408,648,652.75,644.5,650.75,5215,46315
940411,649.5,652,645.5,646.5,2320,46520
940412,647.5,650.75,647.5,650.5,7520,46835
940413,653,657,652,652.25,7430,48585
940414,652,654.75,645,645.25,6525,48405
940415,644.5,649.25,644,644.5,4440,49275
940418,646,650.5,643.5,648.5,4085,49210
940419,650.5,654,649.5,653,4815,49245
940420,653.5,658.5,651.25,658.25,5995,50325
940421,658,660,656,659,3605,48890
940422,660,661,652,652.25,4130,49495
940425,650.25,663.5,649,663.25,6330,48815
940426,662.5,666,660.5,663.25,5885,50840
940428,667,669.25,664.75,666.75,7595,53020
940429,667,671,666.25,670.75,5800,55180
940502,669,670.5,662.5,665.5,6870,56535
940503,663.5,665,657,658.75,11835,58785
940504,657.5,665.5,656.75,664,6955,59890
940505,664,664,651,651.75,14570,64435
940506,653,666.5,652,662.25,12580,62970
940509,659.5,660,655.5,656.5,6885,64140
940510,658,663.5,653,657.5,8950,66035
940511,655,663.75,654.5,660.75,5920,64630
940512,661,665.5,660.5,662.25,11045,65160
940513,659.5,661.75,658.25,659.75,9940,66900
940516,665,675.5,664,672.5,7290,67590
940517,669,675,669,674.75,9045,67690
940518,680,700.5,680,696.75,25995,68860
940519,696,698.5,688.5,689.5,14035,70535
940520,689,699.5,688,698.5,19320,72750
940523,719,728.5,713,728.25,22375,75845
940524,698,709,690.5,691.25,19265,76210
940525,693,695,667,672.25,25245,75570
940526,671.5,672,663.5,670,19080,76110
940527,671.5,675.5,671,672.25,15235,78275
940531,702.25,702.25,693,700.75,20855,80355
940601,695,706,692.25,699.75,20440,82710
940602,682,701,682,700,18755,84740
940603,696,696,678,684.25,26610,85765
940606,670,673,656,658.75,30495,86230
940607,661,665.5,655,659.5,21975,87805
940608,662,672,659.5,665.75,21035,89320
940609,671.5,675.5,669,670.5,11510,88650
940610,676,681.5,674,680.75,17570,89910
940613,670,690.5,668.5,689,30245,90895
940614,687.5,690.5,681,688,20325,90935
940615,708,712.5,701,701.5,40520,93885
940616,709,711,695,699.25,31675,98110
940617,710,713.5,705,708.25,31515,103580
940620,690,691,678.25,678.25,21100,104225
940621,674,676,665,673,34990,107865
940622,673,677,661,662.75,40015,113340
940623,660,668,659,661.5,30825,114220
940624,662,665.5,660,663,27090,117175
940627,662,663.5,651,654.25,34805,123445
940628,663,684.25,663,678.75,50330,128100
940629,669,669,657,657.75,60225,142210
940630,653,664,651.5,654.75,50400,148125
940701,650,651.5,636.5,639.75,52910,146605
940705,626,627.5,609.75,610.75,60960,141270
940706,616,620,614,614.5,40765,140260
940707,616,621,614,617.5,39360,140460
940708,622.5,626,622.5,625.5,51900,138140
940711,626,627,621.25,622,37670,136745
940712,617,617,608.5,614.75,58880,129665
940713,616.5,618.5,614.5,617.25,36210,127260
940714,618,618.5,605,608,53295,131380
940715,608,613,606.5,611.25,56740,126340
940718,613,618,611.5,612.5,42380,130785
940719,608,608,597.5,599.25,67785,124560
940720,598.5,599.25,586,586.25,63650,122160
940721,585,586,573.75,577,85010,121745
940722,584,588.5,581.5,585,54980,112775
940725,585.5,593.5,585.5,590.75,31105,101325
940726,590,590.5,579,589.25,49495,89755
940727,588,592.75,582.5,585,35000,83220
940728,585,588.25,580.25,584.75,54265,70080
940729,587,591.25,586.5,588.75,32380,61915
940801,583.5,585.5,580.5,585,25080,56675
940802,584.5,587.75,580.5,582.5,28055,51615
940803,577.5,581,571.75,577.5,32645,46065
940804,575,576.5,571.25,572,21415,39225
940805,573,579,572.5,576.5,12500,37595
940808,574.5,588.5,574,584,14880,32680
940809,582.5,583.5,579,582.5,5235,30245
940810,583,584.25,582,583,5850,28340
940811,579,590.75,579,585.25,5075,26760
940812,585.5,587.5,585,585.75,5530,24305
940815,583.5,584,579,579.25,6895,21820
940816,582,586,581.5,583.25,4430,20870
940817,583,592.5,582.5,591,7020,18180
940818,590,597,590,597,4110,15555
940819,599,604.5,598,603.25,10805,10200
940822,602.5,604,592.5,594,10405,3935
