931119,650,650,648,648,30,25
931122,646,646,646,646,0,25
931123,649,649,649,649,0,25
931124,648.5,648.5,648.5,648.5,0,25
931126,651,651,651,651,0,25
931129,649.5,649.5,649.5,649.5,0,25
931130,644,644,644,644,0,25
931201,643,643,643,643,0,25
931202,650,650,650,650,0,25
931203,648,648,646,646,5,30
931206,647,647,647,647,0,30
931207,649,651,647.5,651,50,80
931208,651.5,651.5,651.5,651.5,0,80
931209,650.5,650.5,650.5,650.5,0,80
931210,649,649,649,649,250,330
931213,642.5,642.5,642.5,642.5,0,330
931214,644,645,642,645,25,305
931215,643.75,643.75,643.75,643.75,0,305
931216,645.5,645.5,645.5,645.5,0,305
931217,649.75,650,649,650,45,335
931220,649.5,649.5,649.5,649.5,0,335
931221,652,652,652,652,10,335
931222,657,657,657,657,5,340
931223,655.5,655.5,655.5,655.5,5,345
931227,658.5,660,658,658.5,15,350
931228,658.5,658.5,658.5,658.5,10,350
931229,656.5,656.5,656.5,656.5,0,350
931230,657.5,660,657.5,660,25,375
940103,662,662,662,662,0,375
940104,663,667,663,663.5,830,1130
940105,664,666,664,666,15,1145
940106,667,667,667,667,0,1145
940107,663.75,663.75,663.75,663.75,0,1145
940110,655,655,655,655,0,1145
940111,654.5,656.5,654,656.5,50,1200
940112,656,657,655.5,657,60,1190
940113,663,672,663,672,120,1310
940114,669.5,673.5,669.5,673,50,1360
940117,672,672,667,667,15,1370
940118,668.5,668.5,664,664.5,25,1390
940119,666.5,666.5,666,666,105,1445
940120,661.5,661.5,659,660,15,1510
940121,660,663,659.5,659.5,30,1505
940124,665.5,665.5,665.5,665.5,0,1505
940125,670.5,670.5,670.5,670.5,5,1505
940126,672,672,669.5,670,10,1505
940127,667,667,664,664,10,1515
940128,659,659,654.5,654.5,25,1520
940131,654,654,654,654,0,1500
940201,653.5,653.5,653.5,653.5,0,1500
940202,647,650,647,650,15,1500
940203,651,651,651,651,0,1485
940204,649.5,649.5,648.5,648.5,10,1485
940207,650.5,650.5,650.5,650.5,0,1485
940208,651.5,651.5,651.5,651.5,0,1485
940209,656,658,656,658,10,1490
940210,658.5,658.5,658,658,15,1480
940211,656.5,660,655.5,660,10,1490
940214,661,661,661,661,0,1490
940215,660,663,660,663,155,1620
940216,663,665,655.5,665,25,1705
940217,660,660,660,660,0,1705
940218,662,662,661.5,662,15,1720
940222,661,666,661,665,45,1760
940223,667.5,668,664.5,664.5,55,1770
940224,666.5,667,664,665.25,60,1770
940225,662,662,662,662,10,1770
940228,661.5,663,659.5,661,10,1775
940301,660,660,660,660,0,1775
940302,660.25,662,658.5,658.5,275,1795
940303,656.5,657.5,650,650,10,1805
940304,651,651.5,650,651.5,30,1825
940307,651,655,651,652.5,10,1825
940308,653,653,650,650,80,1855
940309,654,654,654,654,0,1855
940310,654,655,654,655,65,1915
940311,657,657,654,657,40,1915
940314,660,673,660,670.5,210,2115
940315,667,668,666,666,20,2150
940316,664.5,668,664.5,667,75,2225
940317,665,666.5,664,664,275,2190
940318,662.5,665.5,662.5,662.75,65,2235
940321,662,664,660.5,663,115,2325
940322,663,663,661.5,661.5,10,2305
940323,662,666,662,666,270,2585
940324,666,666,663,664.5,135,2690
940325,662.5,663.5,661,661,100,2725
940328,662,666,661.5,664,345,2955
940329,663.5,663.5,662,662.5,20,3005
940330,660.5,660.5,658,660.5,55,3060
940331,659,659,654.5,654.5,135,3095
940404,646,646,628,628,695,3085
940405,630.5,633,627,632.75,100,2985
940406,632.5,634.5,631,634.5,150,3020
940407,634,634,629.5,630,155,3085
940408,628,630,624,627.5,290,3095
940411,625,628.5,623.5,623.5,120,3170
940412,626,626,623,625,200,3300
940413,626.5,628,625,625,160,3355
940414,627,627,622,622,95,3355
940415,622,625.5,622,622.75,170,3410
940418,622.5,623.5,618,620.5,545,3625
940419,623,624.5,622,624,60,3650
940420,625,632,624.5,632,190,3470
940421,630.5,633,630.5,632.5,550,3790
940422,633,634,627,627.5,260,3810
940425,626.5,634.5,626,634.5,355,4005
940426,635.25,636,633,634.25,550,3955
940428,637.5,638.5,636.5,637.25,380,4000
940429,637.5,642,636,641.75,305,4000
940502,640,640.5,636.5,638,480,4025
940503,638.5,641,633,634,1625,4985
940504,632.5,639.5,632.5,639.5,400,5110
940505,637.5,637.5,626,626.75,345,5365
940506,626,633.5,624,630,50,5345
940509,627.75,627.75,624.75,624.75,860,5925
940510,627.5,630.5,624.5,627.5,435,6115
940511,624.5,629,624.5,628,260,6320
940512,629.5,633.5,628,632.25,210,6350
940513,629,632,629,631,265,6485
940516,636.5,646,636.5,643.5,765,6875
940517,641.5,648,641.5,648,530,7015
940518,653,668,653,666.25,975,7295
940519,666,668,663.5,663.5,715,7660
940520,661.5,672.5,661.5,672.25,2725,7525
940523,699,702.25,691,702.25,2560,9725
940524,678,684.5,669,669,785,9765
940525,668,672,650,653,2270,9365
940526,652,653.5,646,652.5,970,9340
940527,655,656.25,652.5,652.5,390,9405
940531,682.5,682.5,676,682.5,435,9760
940601,678,687,676.5,682,1090,10440
940602,667,688,667,687.5,840,10670
940603,680.5,680.5,665.5,668,690,10650
940606,650.5,654.5,640,642,365,10785
940607,641,649.5,640,645.75,2240,11510
940608,647.5,655.5,646.5,649,1525,11700
940609,654.5,657.5,652.75,653,1095,11665
940610,658,664,658,663.75,535,11725
940613,655,674,652,674,2230,12320
940614,673,679,668,676.25,700,12340
940615,697,700,694,696.25,3500,13245
940616,702,702,688,692.75,1180,13790
940617,701,705,696,702.75,3095,14285
940620,674,682,672.75,672.75,1010,14390
940621,667,667,655,662.75,1355,14095
940622,663,663,646,649.25,3045,13830
940623,646.5,655.5,645.5,648.5,3095,14780
940624,648.5,653,648,652.75,1565,15525
940627,650,652,638.5,641,2855,15030
940628,655,671,655,667,1955,14535
940629,654,655.5,646,646,1565,15335
940630,641,650,638.5,642,1480,15560
940701,635,635,621,621.25,2255,15445
940705,607,607,591.25,591.25,6150,16430
940706,598.5,600.5,595,595,4630,16295
940707,595.5,601,595,596.5,2130,15985
940708,601,603.5,598.5,601,5125,14525
940711,599,602.75,599,599,2335,14470
940712,590,594,585,593.5,3135,14230
940713,597.5,598.5,595.5,598.25,4550,16000
940714,600,600,591.5,595,5650,17360
940715,595.5,596.5,592,592,4140,17275
940718,594.5,597.25,591,591.5,1660,17480
940719,585,586,579,580,3330,17315
940720,581,581.5,573,573,2945,17315
940721,573,576,569.75,572.5,3060,18145
940722,577,577,573.5,575,3820,18225
940725,574.5,580.5,574.5,579,3145,17485
940726,579,582.25,572,581.5,4800,18475
940727,582.5,584,575.5,577,1875,19035
940728,577,584,574.5,580.75,1990,19145
940729,584,584.5,580.5,581.75,2500,18905
940801,576,577.5,571.5,577,2585,19405
940802,577,580.5,574.75,575.5,2605,19625
940803,569,579,569,576,4350,20430
940804,572,574,570.25,571.25,1920,20445
940805,573,579,572,577.5,1720,20340
940808,573,585,573,580.5,1510,20385
940809,578,581,577.75,580.75,3885,21610
940810,580.5,582.75,580,580.75,3730,21330
940811,577.5,586,576.75,581.5,3090,21725
940812,581,582.5,578.5,580.25,2905,22470
940815,576.5,577,573,575.5,3895,23085
940816,578,579.5,576.5,576.75,3285,23420
940817,576,584.5,575.75,584,4300,23520
940818,583,587,581.5,585.5,2090,23870
940819,588,591.5,586.5,590.75,3380,24475
940822,591,592,581,584.5,4035,25460
940823,587.5,588.5,584.75,587.75,4375,26535
940824,587,596,586.5,594,5505,27070
940825,591.5,593,590.25,592.75,3050,28285
940826,590,594,588,588.5,4280,28740
940829,585.5,586,582.5,585.25,6375,29830
940830,588.5,589,585,585.5,2910,29440
940831,586.5,591.5,586,591.25,4670,30575
940901,591,591,587,591,6275,31940
940902,591,593,589.5,592.5,3945,32740
940906,592.25,602,590.25,599.75,7805,33400
940907,599,601,596,596.75,6820,35045
940908,596.5,598.5,591.75,592.25,4700,35750
940909,590.5,593.5,590,592.25,7025,38430
940912,580,598,580,597.5,6240,39170
940913,594,597,590.5,591.75,4685,40655
940914,589.5,589.5,586.5,587,3195,40535
940915,583,583.5,574,575.75,11350,42210
940916,576,577.5,569,572,13275,43465
940919,569.5,577,569.5,573,6965,44715
940920,573.75,577,572,574.75,7165,47560
940921,574.5,577,572.75,576.75,18480,54005
940922,578.5,578.5,571.25,573,8055,55385
940923,575,575.75,572.5,574.5,6445,57810
940926,574.5,574.75,572,574.25,3040,58905
940927,573.75,576.25,573,574.25,8925,61055
940928,573,573,566.75,568.5,9920,64065
940929,567,567.5,563.5,564,6795,65645
940930,559,562.25,555.75,556.25,21480,65980
941003,555,561.75,555,558.5,10925,67240
941004,558,558,554,556.5,8920,69725
941005,556,559.75,555,555.5,12710,75155
941006,551.5,552,550.5,551.5,21895,81000
941007,552.25,553.5,547.5,547.75,20395,83695
941010,547.5,551,547.25,550.25,9205,86280
941011,552,553.5,550.25,553,12785,89955
941012,551,559,550.5,557.5,19185,96100
941013,558.5,558.5,553.75,554,11305,94575
941014,555,562,555,558.75,16585,98810
941017,559,565.25,559,562.75,12495,98620
941018,562.5,565.5,561.5,565,12325,100930
941019,564,564,561.5,562.75,16910,102420
941020,561,572,561,571,16480,102940
941021,569.5,571.25,567.5,570.25,13865,105375
941024,565.5,575,565,574.75,17805,111050
941025,575,576.25,568.5,570,13650,111825
941026,569,571.5,567.25,570,20170,116270
941027,570.5,577,570,574.75,20670,117025
941028,572.5,573,568.5,568.75,24870,120310
941031,568,568.5,563.5,564,29385,125325
941101,564,566.25,562.25,564.75,14920,126005
941102,564.5,570,564,567.75,12450,126885
941103,568.5,569.5,566.25,568,15625,128190
941104,569.5,573,569.5,572,18125,130350
941107,571.5,579.5,570.25,575.75,33715,131920
941108,575.75,580.5,575,579,33965,132290
941109,579.5,584.25,574.5,582.25,31940,134470
941110,581,583.75,578.5,579.25,23045,136995
941111,581.25,582.25,571,571.5,18215,138340
941114,572.5,574.5,570.5,574,36950,138575
941115,571.5,580.25,569,577.25,23940,139535
941116,578.25,579,572.75,574.75,19115,140465
941117,576.5,578.75,573.25,578.25,20375,143610
941118,577.5,580.5,575.75,579.25,13490,144955
941121,578,578,572.25,572.75,20400,146360
941122,571.5,575.75,571,575,15570,148120
941123,575.5,576.75,568.25,574.75,24150,153070
941125,576,578.5,575.5,577.5,10650,154600
941128,578.5,586,578,583,26590,158100
941129,580.5,583,577.25,579.25,20035,158835
941130,578,578,569.75,573,46295,163125
941201,573.5,575,564,565.5,32180,161515
941202,569,573.5,567.5,572,28530,160630
941205,573,574.5,568.75,571.25,22760,163255
941206,569.5,570.25,565.5,566.75,24530,164745
941207,567,572,566.5,568.25,25185,165765
941208,568,572.5,567.25,571.5,21125,168035
941209,572.5,574,570,573.5,13525,167985
941212,573.5,574.75,571.5,574.5,21650,167520
941213,574.5,576.5,572.75,573.75,22740,168935
941214,573,573,569.25,571.25,34680,170090
941215,570.5,574,569.5,573.25,25290,172915
941216,573.25,579,572.75,576.25,46525,181850
941219,575.5,578.5,569.75,570.5,36190,186840
941220,569,572.5,568.25,572,65735,195605
941221,572,578.25,570.25,574.25,98150,204545
941222,574.5,577,574,574.25,58130,212870
941223,573.5,579.25,573.5,578.5,61505,223940
941227,576.5,579.25,576,576.75,61955,229420
941228,577,577.75,571,572.25,88885,232485
941229,571,572,568,568.25,107360,253690
941230,567,568.25,561,561.5,121820,271180
950103,559.5,561.5,557.25,557.75,135445,280665
950104,557,560.75,557,558.5,99355,287015
950105,559,562.75,558.25,558.5,108645,288450
950106,556,559,555.5,558.5,95320,289140
950109,558,561,555.75,557.5,101740,288905
950110,557.5,560.5,555.75,560,94050,287295
950111,561.25,562,559.5,559.75,79135,283725
950112,559,559.75,555.25,557.5,122350,291040
950113,557,557.5,554.25,556.5,87810,288340
950116,555,557.5,553.5,556.5,88250,287280
950117,558,563,558,558.75,103495,283195
950118,558,558.75,554.5,555.25,78595,281720
950119,552.5,554.75,551.5,552.25,77560,281725
950120,552.25,554.25,551,551.5,65820,278060
950123,551.5,553,548.75,552.75,78610,284860
950124,553.5,554.75,551.75,553.5,68160,284835
950125,553,555,552.5,553,52870,286860
950126,554.5,556.5,553.5,553.75,69955,288895
950127,554,555.25,552,553.75,58920,291425
950130,552.5,552.5,547.5,549,92515,297080
950131,548,550.75,547.25,547.5,66825,298280
950201,546,547.5,544.5,546.5,83090,292850
950202,547.5,550,545.25,549.5,68400,285765
950203,550.5,550.5,546.25,546.75,69795,284405
950206,547.5,551.5,546.75,550.5,50360,281335
950207,550,551.5,548.25,548.5,59345,275745
950208,548,553,547.25,552.75,67445,266585
950209,551.5,557,550.75,554.25,102490,257255
950210,555.25,560.25,553.75,557.75,137880,233810
950213,558,559.75,555.25,555.75,65425,229005
950214,555.75,559,555,558.5,67770,224400
950215,559.5,561,555.75,558,84755,216245
950216,556.5,557,555.25,556.5,61020,204160
950217,556,557.5,554,555,53735,188210
950221,553.5,557.5,553,557,52530,173525
950222,556,559.5,555.75,557.5,68095,155130
950223,556.75,560,556.25,557.5,80315,126720
950224,557,560.25,556.5,558,76640,101310
950227,558,558,554.25,554.75,82660,67895
950228,553.75,557,553.75,554.75,39720,56710
950301,554,555.75,553,553.75,53675,43955
950302,552.5,553.5,551,552.5,49895,28485
950303,552.5,554.5,551.75,553.75,29430,23670
950306,555,568.5,555,563,29815,21310
950307,561.75,572,561.75,568,25460,19860
950308,564.5,565,561.25,561.5,21945,18875
950309,562.5,566,562,563.25,23290,18580
950310,563,565.25,561.25,561.75,18860,16930
950313,562.5,568,562.5,567.5,19095,16270
950314,567,570,565.5,568.5,19235,15685
950315,570,576.75,569.5,576.5,16505,12320
950316,575,576,572.75,573.75,12775,8825
950317,576.75,581,575,579.5,6035,6125
950320,578,581,577,577.75,3170,3630
950321,577,577.5,572.5,574,1425,1930
950322,574,574,570,573.25,1205,960
