941128,619,619,619,619,40,25
941129,617,617,615,615.5,35,50
941130,611.75,611.75,610,610,50,100
941201,609.75,609.75,602.5,602.5,5,105
941202,607.5,607.5,607.5,607.5,15,115
941205,606.5,606.5,606.5,606.5,0,115
941206,604,604,604,604,10,115
941207,605.5,605.5,605.5,605.5,0,115
941208,607,609.5,607,609.5,20,125
941209,609.5,611.5,609.5,611.5,5,125
941212,612,613,612,613,10,135
941213,611.75,611.75,611.75,611.75,0,135
941214,609,609,609,609,5,140
941215,612.5,612.5,612.5,612.5,0,140
941216,613,614,613,614,15,145
941219,613,614,610,610,10,155
941220,607,610,607,610,15,170
941221,612,613,612,612.5,5,175
941222,612,612,612,612,0,175
941223,614.75,614.75,614.75,614.75,0,175
941227,612,614.5,612,614.5,40,175
941228,610.5,610.5,610.5,610.5,0,175
941229,608,608,608,608,0,175
941230,601.5,601.5,601.5,601.5,0,175
950103,602.5,602.5,602.5,602.5,0,175
950104,603,603,603,603,0,175
950105,604.5,604.5,604.5,604.5,0,175
950106,604.25,604.25,604.25,604.25,0,175
950109,603.25,603.25,603.25,603.25,0,175
950110,603.25,603.25,603.25,603.25,0,175
950111,602.5,602.5,602.5,602.5,0,175
950112,600.5,601.5,600.5,601.5,5,175
950113,602,602,602,602,0,175
950116,600,600,600,600,120,185
950117,602,602,602,602,0,185
950118,597.5,597.5,597.5,597.5,0,185
950119,594.25,594.25,594.25,594.25,0,185
950120,595.75,595.75,595.75,595.75,0,185
950123,596,596,596,596,10,190
950124,597.5,597.5,597.5,597.5,0,190
950125,596.5,597.5,596.5,597,95,250
950126,597,597,596.5,596.5,10,260
950127,596.25,596.25,596.25,596.25,0,260
950130,594,594,591.5,591.5,110,250
950131,592,592.5,591.5,591.5,50,270
950201,591.5,591.5,590.5,590.5,5,275
950202,591.5,595,591.5,594.75,65,320
950203,594.75,594.75,591,591,40,320
950206,594.5,595,594.5,595,5,325
950207,595,595,594.75,594.75,15,335
950208,596.5,596.5,596.5,596.5,0,335
950209,598.5,600,597.5,598,35,330
950210,599.5,602,599.5,601.5,40,330
950213,603,604,601.5,601.5,85,375
950214,601.5,602.5,601.5,602.5,90,465
950215,602.5,603.75,602.5,603.75,25,490
950216,601.25,602,601.25,602,165,565
950217,602.5,603,602.5,603,325,705
950221,603,605,602.5,605,180,850
950222,606.5,609,606.5,606.5,240,1045
950223,607.5,609.5,607,608.25,80,1055
950224,608.5,610,607,607.25,380,1385
950227,607.5,607.5,605,605,210,1435
950228,605,605,603,603,25,1410
950301,603.5,603.5,601,601,10,1405
950302,602,603,601,602.75,50,1405
950303,603.25,604.75,603,603.25,60,1410
950306,606.75,617.5,606.75,614.5,225,1545
950307,612.5,622.5,612.5,618.5,185,1585
950308,616.25,616.25,614,614,245,1670
950309,615,616,614.5,614.5,110,1610
950310,612,616,611.5,612.5,110,1625
950313,615.5,618,614.5,618,80,1640
950314,617.5,620,617,619.25,25,1660
950315,620.5,626.5,620,626.25,250,1775
950316,624,625,621.5,622.5,115,2130
950317,623.5,629,622,629,150,1965
950320,625,629.5,625,627,65,2015
950321,623.5,623.5,621.5,622,160,2060
950322,621,621,617.5,619.5,330,2345
950323,619.5,622.5,619.25,620.25,80,2400
950324,620,621.5,619,620,65,2450
950327,616.5,616.5,613.25,616.5,40,2490
950328,616.5,618.5,614.5,618,55,2535
950329,617,617,613.5,613.5,195,2710
950330,610.5,612,610.5,612,20,2720
950331,617,617,615,615.5,55,2755
950403,615,622.5,614,622.5,330,2790
950404,621.5,622.5,621.5,622,50,2810
950405,622.5,623,621,623,65,2845
950406,621.5,622,620.5,621.5,50,2865
950407,624,629,623,627,265,3055
950410,625,627,624,627,100,3115
950411,630,632.5,629,631.5,300,3370
950412,630.5,631,628.5,628.5,235,3455
950413,627,627,616.5,617.75,325,3515
950417,617,617.75,614,614,155,3505
950418,614.5,615.5,610,610.75,365,3535
950419,611.25,612,606.5,608,160,3570
950420,612.5,612.5,612.5,612.5,15,3570
950421,613,613,609.5,609.5,65,3615
950424,609,613.5,609,613.5,490,3985
950425,614.5,616,611.5,614.5,125,4065
950426,615,615,611.5,612,470,4225
950427,609.5,610.5,609.25,609.5,155,4240
950428,610,614,609,614,65,4235
950501,612.5,622.5,612.5,621.75,425,4325
950502,621.5,622,620.5,622,65,4345
950503,617,617.5,614.5,616,80,4310
950504,617,618.5,611.5,612.25,55,4340
950505,608.5,609,605.5,607,80,4330
950508,607.5,612.5,600.5,602.25,235,4475
950509,603.5,605,599.25,604,440,4655
950510,604.5,607.5,603,607.5,330,4715
950511,606.5,606.5,603,603.75,145,4735
950512,602.75,603.5,601,603.5,390,4880
950515,602.5,607,601,602.5,510,4825
950516,601.5,608.5,601.5,608.5,95,4795
950517,612.5,613,608,608.5,280,4820
950518,608.5,620,608.25,620,460,5130
950519,617,620,615.75,616.5,375,5255
950522,620.5,634,620.5,631,550,5465
950523,639,644.5,633,633,1335,5975
950524,636.5,637,631.5,634,495,6015
950525,631,632,626,629.25,490,6165
950526,630,637,630,635.75,390,6440
950530,619,621,610,613.75,650,6390
950531,615,616.5,612,614,465,6365
950601,618.5,622.5,618.5,622,170,6465
950602,629,629,617,617.75,290,6645
950605,616,621,615,616.25,2500,6850
950606,619,627,619,623.5,1415,7480
950607,624,626,619.5,624.75,520,7600
950608,630.5,630.5,618,624,405,7500
950609,619.75,623,617.5,618.5,480,7575
950612,615,618,607,608,610,7540
950613,609,613.5,608,613.25,955,7450
950614,612.5,619,612.5,618.75,1095,7680
950615,621.5,626,621,624.5,880,7560
950616,617,621,617,619.5,835,8145
950619,629,646,629,640.5,2610,9140
950620,636,641.5,636,639,965,8935
950621,632,638,631.5,638,855,9280
950622,635,637,632.5,633.25,760,9905
950623,629.5,633,628.5,633,660,9925
950626,616,621.5,609,610,680,10015
950627,610.5,615.5,607.5,615.25,3135,10815
950628,617,618.5,615,618.5,565,10610
950629,616.5,617.5,612.5,612.5,695,10820
950630,612,613,608.5,609.75,865,10920
950703,616,625,616,618.5,350,11210
950705,614,627.5,614,627.25,2165,11745
950706,631,649,631,635.5,665,11795
950707,632,633.5,628,632.25,1255,12180
950710,636,640,628,630,2145,11695
950711,630,637,629,632.5,750,11640
950712,644,646.5,640,640,1480,12395
950713,646,646.5,637,637.25,1440,12760
950714,638.5,644,638.5,641.75,3965,15025
950717,659,671,657.5,663,5495,16155
950718,660.5,665,658.5,659,2565,16470
950719,650,654.5,637,641,1755,16705
950720,642,645,640.5,642,765,16235
950721,650,656,647,655.5,870,16585
950724,649.5,651,645,650.5,2090,17685
950725,658,659,653,655,1395,17945
950726,649.5,656.25,648.5,656.25,940,17840
950727,656.25,657,643,648,995,18335
950728,647,650,644.5,648,1615,18620
950731,635,636,624,630.5,2210,18745
950801,630,633,628.5,629.75,4855,18550
950802,629.75,629.75,620,621.75,4185,18165
950803,622,626.5,621.5,625,1345,18020
950804,625.5,625.5,614,615.25,2325,18435
950807,615,618,610.5,616,1560,18430
950808,620.5,625,620.5,623.25,1965,18710
950809,622,622.6,619,619,815,19125
950810,618.5,622.25,618.5,621.5,3950,21525
950811,604.5,617,604,616.75,6965,21355
950814,623,626.5,622,622.25,2970,21740
950815,618,619.25,616.5,619.25,2185,21540
950816,623,626,619,619.5,1205,21390
950817,620,623,617.5,622.75,1885,22305
950818,630.5,630.5,623,623.25,3060,23860
950821,627,632.5,625.5,632.25,1590,24225
950822,631,631.5,627,627.25,2535,24470
950823,626.5,629.25,625,625.25,2480,24785
950824,626,628.5,623,624,2775,24650
950825,625.5,626,622.5,624.5,1635,24885
950828,634,637,633.5,634.25,4670,25970
950829,632.5,636.5,632,632.25,2595,26450
950830,632.5,640,632.5,635.75,2745,27115
950831,641.5,642.75,638.5,642,1505,27090
950901,642,647,641.75,645,4815,28895
950905,645,648,643,643.25,4430,28985
950906,642.5,645,639,644,2910,29255
950907,644,648.75,643.5,647.5,4020,30595
950908,649,652.5,647.5,650,7465,32840
950911,648,648,645,646,5535,33820
950912,644,653,639,646,4200,34640
950913,646.5,646.5,640,641.75,7820,36670
950914,639.5,645.5,638,645.25,2095,36700
950915,649.5,656,649,651,4345,38015
950918,667,681,667,681,19040,45460
950919,676,681,671,674.25,15115,50450
950920,676,676.5,672.5,673.75,6835,51775
950921,676,690,676,682,14220,53850
950922,675,675,661,663.75,17310,53525
950925,675.5,675.5,657,659.75,9425,54100
950926,659,666.25,658.5,663.75,5380,55330
950927,661,664.75,658.5,662.75,5780,56850
950928,663,665,662.5,664.5,4860,56770
950929,670,671.5,665.5,665.75,14850,62660
951002,666,666,655,657,14805,66955
951003,656,657.5,651.5,656,12495,71560
951004,657.5,659,654.75,657.5,13000,73850
951005,656,657.75,653.75,656.5,5375,75185
951006,657,661.5,657,659.75,8305,76495
951009,658,664,657.5,662.25,5910,77320
951010,662.5,669,662,668.25,14310,79330
951011,688,688,678.5,679.5,22060,82580
951012,676,679.25,672,672.5,17890,85815
951013,672.5,676.75,670.75,673,21780,92360
951016,675.5,681.75,674.5,676.5,22420,100125
951017,675.5,679,672,672.75,26430,110605
951018,671,676.5,670.5,676,15965,114935
951019,678,685.75,678,683.75,21225,121395
951020,683.5,694,683,691.5,33610,132020
951023,693.5,694,686.5,687.5,29455,144905
951024,688,692.25,684,689.25,34275,153680
951025,687.5,690,683,689.25,29025,161405
951026,693,693.25,683,684,35915,172805
951027,683,685.5,679.5,680.5,30410,174260
951030,679.5,686.5,679,686.25,33250,181735
951031,689,695.5,688.25,692.75,42440,190825
951101,692.5,700.5,689.5,699,43705,197420
951102,701.5,705,697,697.5,47735,200290
951103,695,699,692,692.5,34280,196210
951106,692.5,700,692,699.5,29245,193075
951107,700,702.75,696.5,697.5,34720,189750
951108,696,698,694,697.5,26170,188760
951109,703,704,690,690.5,51750,195000
951110,690,698,684,693.5,45550,192055
951113,693.5,696,686.25,686.75,23610,195745
951114,683.5,685.75,680.25,684.75,40955,192840
951115,686,687,682.25,682.5,16225,194905
951116,683.5,690,682,689.5,24435,197290
951117,691,695.5,690,695,24605,199125
951120,694.25,696.75,687.5,688.25,26240,205460
951121,687.5,690,683.5,686.25,26515,207895
951122,687.25,692,686,690.75,22075,213410
951124,692,693.75,686.5,687.75,10240,215195
951127,689.5,692.25,685,686,30590,222135
951128,685.5,688.75,684,685.75,26215,227815
951129,685,693,685,692.25,28655,229475
951130,694.5,695.5,692,694.5,35005,232610
951201,697,702.5,696.25,699,54750,238135
951204,702,707.5,700.75,701.75,45735,245280
951205,700.5,712.5,699.5,711.5,55265,252315
951206,713,715.5,709.5,714,59715,260645
951207,716,716,708,708.5,50390,269870
951208,709,718.5,709,717,47720,274375
951211,723.5,729,722.5,723,73990,277395
951212,724,728,720.5,724.75,54340,285140
951213,725,733.5,724.5,731.75,73930,298850
951214,734.5,737.5,730,734.25,88410,313800
951215,731.5,733,729,730.25,75540,325140
951218,738.5,746,738.5,743.5,149105,350310
951219,750,751.5,740,750.5,223590,390380
951220,747,750.75,741.5,742.25,191170,408805
951221,725,733.25,725,729,228655,434150
951222,729.5,741,729.5,740.25,114030,448680
951226,731,745.5,731,742.5,146805,467625
951227,739.5,740.5,731,734,176190,493070
951228,735.5,738.25,733,734.25,144805,500280
951229,741.5,748.5,741.5,744.75,154430,506235
960102,748.5,762,747.5,758.25,202475,533090
960103,755,767,753,766,210135,545750
960104,767,770,755,758.75,275105,543555
960105,753,761,750.5,753.6,249815,539990
960108,742,747.5,735.5,736.25,241205,530735
960109,736.5,746,735.5,745.5,189070,529065
960110,747.5,748.5,741,741.5,185055,521585
960111,738.5,740,730,733.75,242210,502915
960112,733.75,742.5,733.5,741.25,148195,492710
960115,739,745,738.25,744.5,128155,490700
960116,753,753,733,735.25,251515,487650
960117,735,739,728,736.25,220060,472625
960118,738.5,741.75,737,740.25,122325,472120
960119,743.5,746,738.5,745.25,136205,471220
960122,743.5,744.5,732.5,734,170690,468260
960123,733,738.25,728.5,737.5,161185,465110
960124,737,740.25,734.25,735.25,129385,461690
960125,735,736,725,725.5,200345,446555
960126,726,728.5,720.25,724.5,204130,424645
960129,727,733,725.25,728,131460,412970
960130,727.5,737,726,736.5,162515,400385
960131,738.5,743,733.5,738.75,159645,395750
960201,736.5,743,735.5,741,126835,392075
960202,739.5,741.5,735.5,739.25,116590,383630
960205,736,736,723,723.75,141765,368715
960206,727,730,721.5,729.25,135610,356620
960207,725,728.75,718,723.5,174715,350820
960208,722,728,720.5,721.5,118440,347895
960209,722,726,719,720,119575,340655
960212,720.5,723.5,715,717.75,135375,333755
960213,718.5,722.5,716.5,722,111995,315845
960214,723.5,737.5,723.5,734.25,192960,300045
960215,732.5,736,731,732.5,109505,288640
960216,731.5,735.5,729,730,121400,241740
960220,727,728.5,721.5,727.75,157720,215525
960221,728,731.25,726.5,726.75,71260,196570
960222,723,726.5,721.5,724,88480,171460
960223,728,734.5,727.5,733.75,75660,159590
960226,733.5,742.5,733,741.75,89845,141685
960227,740,743.75,736,737,108175,108565
960228,733,741,733,739.75,103800,76015
960229,738,739,730.25,735,68655,57040
960301,736,736,727.5,728.25,43035,44110
960304,724.5,724.5,717.5,720.25,38650,34415
960305,721.5,722.75,710,713.75,37490,25610
960306,718.5,718.5,713,716,28135,21645
960307,718,720.5,717.5,719.5,25705,19930
960308,719,721,711,712.25,23215,13440
960311,708,719,706.5,718.75,18495,13090
960312,715,719,713.5,717.25,15695,12455
960313,716,721.5,715.5,721.25,16315,9830
960314,725,726.75,720.5,720.5,13025,7600
960315,716,720.25,714,716,9855,6905
960318,714,718,710.5,718,8920,6440
960319,718,718,706.5,706.75,7375,3570
960320,708,708,705.75,708,3025,1790
