950807,630,630,627,627,20,20
950808,632,632,632,632,0,20
950809,632,632,631,631,5,25
950810,632,632,632,632,0,25
950811,626,626,626,626,50,75
950814,629,631,629,631,0,75
950815,627.5,627.5,627.5,627.5,0,75
950816,637.5,637.5,632,632,30,105
950817,632,632,632,632,5,105
950818,632,632,632,632,0,105
950821,639.5,639.5,639.5,639.5,0,105
950822,636,639,636,636.5,5,105
950823,635.25,635.25,635.25,635.25,0,105
950824,635.25,636,634,634,15,115
950825,634,634,634,634,0,115
950828,645,646,645,646,70,120
950829,642,642,642,642,10,125
950830,646,646,646,646,0,125
950831,654,654,650,650.5,55,155
950901,653,653,653,653,0,140
950905,652,652,652,652,0,140
950906,652,652,648.5,652,30,135
950907,654,654,654,654,10,145
950908,660,660,658,658,25,170
950911,657,657,654,654.5,185,320
950912,654,654,654,654,5,320
950913,654.5,654.5,651.5,651.5,60,370
950914,654.5,654.5,654.5,654.5,0,370
950915,662,662,659.75,659.75,20,375
950918,678,689,678,688,85,435
950919,683,683,680,680,60,430
950920,682,682,680,680,10,440
950921,685,692,685,685,60,430
950922,679,679,669,670.5,135,310
950925,665.5,665.5,665.5,665.5,5,310
950926,665.5,673.5,665.5,673.5,140,390
950927,668,669.5,668,669.5,5,390
950928,671,672,671,672,15,395
950929,673.5,673.5,673,673,15,400
951002,673,673,664.5,664.5,55,440
951003,664,664,664,664,0,440
951004,665,665,665,665,0,440
951005,663.5,665.5,662,665.5,65,475
951006,668.5,668.5,668.5,668.5,140,540
951009,667.5,670.5,667.5,670.5,180,710
951010,671,676,670,675.75,35,695
951011,688.5,688.5,687.4,688,165,855
951012,683,685,680,680,105,805
951013,680.25,683.5,679.5,682.5,20,815
951016,683.5,687,683.5,686.5,50,830
951017,683.5,686,680,681,145,795
951018,679,684.5,679,684.5,45,835
951019,686,691.5,686,690.5,60,860
951020,695,697,693,697,315,1015
951023,697,697,693,693,60,1005
951024,692,696.5,692,694.75,225,1035
951025,692,693,689,693,470,1320
951026,697,697,693,693.25,305,1495
951027,690,690,684,684,945,1895
951030,683.5,688,683.5,688,1255,2170
951031,693,694,691,693.5,140,2095
951101,693,699,693,699,1900,2905
951102,704.5,704.5,697,697,690,3275
951103,696,696,691,691,545,3760
951106,693,696.5,693,696.5,2405,4810
951107,700.5,700.5,696,698.75,185,4625
951108,695.5,698,695,697.75,255,4625
951109,702,704,692.5,692.5,465,4505
951110,689.5,696,688.5,695.5,185,4610
951113,696.5,696.5,689,689.5,390,4770
951114,686.5,688,683,688,370,4870
951115,688.5,688.5,686,686,125,4945
951116,688,691,688,691,115,5055
951117,693,696,693,696,35,4930
951120,696,696,689.5,689.5,135,4955
951121,691,692.25,687,688,475,5810
951122,690,693.5,690,693.25,580,6360
951124,694.5,694.75,689,689,250,6460
951127,693.5,693.5,688,688.5,210,6590
951128,688.5,690.5,688.5,689,1105,6540
951129,692,695,692,695,630,6610
951130,696,698.5,695.25,698,215,6660
951201,701,703.5,700.25,701,1110,7150
951204,705,708,703.5,703.5,655,7255
951205,701.5,711.5,701.5,711.25,1095,7535
951206,712,714.5,711.2,714,705,7475
951207,714,714,707,707,310,7540
951208,709,715.5,709,714.75,1990,7810
951211,721.5,725,720,720.75,2480,8805
951212,720,724,719.25,722,905,8755
951213,722.5,730.5,722.5,728.5,1215,8800
951214,730.5,734,728,731.25,1115,9055
951215,728,730,727.5,728.5,2210,8195
951218,737,743,736.5,741.25,1180,8435
951219,745.5,747.5,739,747.5,1010,8485
951220,746,747,739.5,739.5,1765,9125
951221,730,731,725.5,727,1225,8765
951222,732,740,732,739.5,260,8485
951226,733,743,733,742,1020,8585
951227,737.5,738,733,733,530,8925
951228,734.5,737.5,734,734,1795,9765
951229,743,746.5,742.5,742.75,615,9965
960102,748,759.5,748,757,575,10120
960103,752.5,765,752.5,764,3375,10745
960104,764.5,768,757,760,1070,11040
960105,755,762,752.5,755.5,3065,12650
960108,747,748.5,739.5,739.75,1575,12315
960109,739,749,739,748.5,650,12305
960110,750,751.5,744,744.5,1110,12810
960111,740,740.5,734,734.5,740,13055
960112,736.5,744,736.5,743.75,870,12835
960115,740.5,745.5,740,745.5,870,13005
960116,752,752,736.5,737.5,735,13010
960117,737,738.5,730,737,1070,12965
960118,741.5,742,739,742,1480,13845
960119,745,747,741.5,746.25,2345,14695
960122,744.5,746,737,737,320,14810
960123,736,741,733,741,2620,14600
960124,740,743,738,739.25,735,14520
960125,738,739,732,732.75,1180,14510
960126,731.5,734.75,728.5,731,2830,14630
960129,733.5,739,732.5,735,985,15245
960130,734.5,745,734.5,744,780,15515
960131,746,749.5,744,748.75,4595,15985
960201,746.5,751.5,746.5,749.5,2780,16135
960202,748,750,746,750,1100,16045
960205,742,743.5,735,735.5,1845,15985
960206,736.5,743.5,735,743.25,3695,17380
960207,739,742,735,738,1400,17550
960208,736.5,741.5,736,737.25,2290,17695
960209,736,740.5,736,736.75,4375,18485
960212,737.5,740,735,737.25,2710,19560
960213,738,740.5,735.5,740.25,1100,19505
960214,744.5,752.5,744,751.25,3685,20935
960215,749,752.75,748.5,749.5,1090,20865
960216,748,752,747,748,1860,22010
960220,744,748.5,743,747.75,3090,23535
960221,748,751.5,747,747.75,2030,24020
960222,743,746.5,742.5,745.5,4880,25930
960223,749.5,752,747.5,751.5,2435,24975
960226,750.5,762,750.5,761,1990,25705
960227,761.5,765,757,757.5,2205,26235
960228,755,761,754.5,760.25,2820,26520
960229,758,759,751,754,2605,27255
960301,754.5,755,746,746.75,2925,28680
960304,741,741.5,736.5,739.25,1445,29045
960305,740,741.5,730.5,733.25,3135,29625
960306,737,737.5,734,737,1720,29965
960307,738.5,742,738.5,741.25,2805,30835
960308,740,743,731.5,732.5,4350,31960
960311,730,737,728,737,7020,31645
960312,733.5,737.5,731,735.5,3235,31500
960313,735,738.5,733,738,3325,32245
960314,741.5,744.5,736.5,737.25,6095,34675
960315,731,737,731,732.25,3420,35785
960318,730,735,728,734.75,8415,37655
960319,734,734,724,724.25,5250,39025
960320,724,728.5,723,727.25,1785,38565
960321,729,730,726,729.75,5230,39420
960322,730,737,729,735.75,4340,59455
960325,734.5,739,734,738.75,5740,40830
960326,740,746,739.5,744.5,5480,38640
960327,741,746,741,746,4560,39345
960328,743.5,745,742.5,744.25,6115,40150
960329,747.5,759,747.5,756.75,4660,40395
960401,755,772,755,769.25,5475,40500
960402,767.75,774,765.5,766,9815,39530
960403,762,777.5,762,775,8270,40295
960404,773.5,780.5,769,775.25,7325,41965
960408,775,797,775,792,6130,43160
960409,790,800,788,789.5,4340,43655
960410,792,813.5,791,806.25,6365,44035
960411,812,817,794.5,799.5,8145,46155
960412,799.5,808,793,806.25,8760,46610
960415,803.5,809.5,798.5,799,10435,48030
960416,800,801,781,783.25,13115,46805
960417,779,794,778.5,793.5,6990,46885
960418,799.5,820,799,819,12655,46335
960419,816,822,807,807,8985,47885
960422,819,829.5,815,820,9565,48890
960423,821,825.5,811,820.5,9730,50630
960424,812,826,805,820,7105,51105
960425,823,845,822,830,16240,53565
960426,823,828,815.5,823.5,11265,55140
960429,811,815,793.5,793.5,10080,55740
960430,788,802,784.5,793.75,16175,56915
960501,802,817,802,816.25,6950,57155
960502,821,833,807.5,807.75,9085,55570
960503,810,817,808,813.5,6715,55330
960506,825,825,806,811.75,7335,56635
960507,811,817,807,816.5,6580,57020
960508,825.5,829.5,818,824.5,12145,59160
960509,829,829,815,818.5,8965,60755
960510,815,818,808,812.75,7295,61255
960513,819,821,810,813,9985,62775
960514,804,820,803,818.5,11565,63525
960515,819,821.5,814,815.75,9445,64115
960516,819,828,815.5,827.25,16525,61785
960517,826,829,817,818,9430,62930
960520,803,810,798,805,10620,64220
960521,809,809.5,798,798.5,7375,65685
960522,795,804,791,797.25,16195,67490
960523,799.5,809,796.5,807.75,10435,66450
960524,807,810.5,805,806.75,11875,70600
960528,814.5,816.5,796,801.5,13290,71920
960529,797,798,771.5,774,22270,72925
960530,774.5,784,774.5,783.25,15325,72270
960531,786,787,778.5,783.25,16735,71145
960603,777,777,755.5,761.5,18435,71915
960604,765,768,754,765.25,15125,73460
960605,763.5,768,760.25,761.25,26825,83550
960606,762,765.5,757.5,762.25,18305,84015
960607,764,771.25,763.5,770.75,13745,88500
960610,780,789,779.5,785,18390,91320
960611,784,785,770,771,27790,97740
960612,766,769.5,763.5,765.5,18600,98245
960613,766,770,761,764.75,35560,106190
960614,764,767.5,760,763.75,20130,107285
960617,775,777,767,767.5,13890,109375
960618,770,787,770,785.5,27740,113335
960619,780,782.5,776.5,777.25,22030,117920
960620,774,777,772.5,775,22305,118695
960621,779,788.5,779,788,19910,121020
960624,776,779.5,768.25,773.75,36660,124935
960625,776,777,771.5,772,32735,128535
960626,770.5,771,763,765,36565,136840
960627,761,762,755,755.75,53175,148150
960628,767,774,756.25,771.75,39470,147420
960701,777,786,773,781.25,43085,148925
960702,771,777.5,770.5,771.25,40050,151065
960703,769,778.5,768,777.25,34560,157430
960705,765,767.5,757.5,760,41900,154845
960708,764.5,770,761.5,762,36685,154000
960709,767,780.5,767,776.25,62765,162605
960710,775,794,775,792,76310,172005
960711,810,822,803.5,822,77790,181150
960712,824,853,824,838.25,87760,185755
960715,820,845.5,820,838,64780,182420
960716,837,837,809,820.5,62325,173875
960717,803,809,796,804.5,68285,162410
960718,794,794,776,777,83105,151215
960719,780.5,781.5,771,774,72890,144045
960722,764,772.5,760,767.75,48140,136135
960723,777,781,776,777.75,49295,125940
960724,771,782,767,767.75,38965,118675
960725,761,772,758,771,44850,106425
960726,774,776,757,763.25,48150,101280
960729,763,772,759.5,769.25,33845,93370
960730,773,776,761.5,762.25,63910,73465
960731,764,768.25,761.5,765.75,33855,64120
960801,778,780,771,779.5,26600,60240
960802,772,775,769,772.75,15205,55065
960805,759.5,768,756.5,767,20360,46630
960806,769,773,764,769.25,27570,38200
960807,769,775,768,773.25,17470,32470
960808,780,789.5,778.5,788,9795,29405
960809,788,800,785,798.5,12155,25135
960812,823,833.5,815,825.5,19600,17970
960813,825.5,826,813,817.25,7980,14180
960814,820,837,819,832,12255,12430
960815,838,840,825,829.75,6125,10125
960816,829,836,822,826.5,11010,7210
960819,806,821,800,814.75,8145,4555
960820,814,827,812.5,824,6485,1515
960821,830,835,813,817.25,1655,740
