950804,624,624,624,624,0,0
950807,624,624,624,624,0,20
950808,630,630,627,627,15,35
950809,623.5,623.5,623.5,623.5,0,35
950810,625,625,625,625,0,35
950811,625,625,625,625,0,35
950814,629,629,627,627,5,40
950815,623.5,623.5,623.5,623.5,0,40
950816,625,625,625,625,5,45
950817,625,625,625,625,5,40
950818,625,625,625,625,0,40
950821,630.5,630.5,630.5,630.5,0,40
950822,632,632,629,629,10,50
950823,626.75,626.75,626.75,626.75,0,50
950824,627,627,627,627,10,60
950825,627,627,627,627,0,50
950828,640,640,634,634,5,55
950829,632.5,632.5,632.5,632.5,150,205
950830,634,634,634,634,0,55
950831,639,639,639,639,0,55
950901,640,640,640,640,0,55
950905,646,646,640,640,20,75
950906,645,645,641.5,641.5,45,115
950907,643,643,643,643,0,115
950908,642.5,642.5,642.5,642.5,5,120
950911,642.25,642.25,642.25,642.25,0,115
950912,643,644,643,644,5,125
950913,648,648,644,644,55,130
950914,645,645,645,645,0,130
950915,652,652,649,649,10,140
950918,665,672,665,672,95,150
950919,668,669,665,667,15,160
950920,668,668,666,666,40,155
950921,668.5,675,667.5,667.75,30,160
950922,656,659,654,654.5,15,165
950925,652.5,652.5,652.5,652.5,0,160
950926,656,656,653,653,20,160
950927,655.5,655.5,655.5,655.5,0,180
950928,655,655,655,655,0,180
950929,656.5,656.5,656.5,656.5,0,180
951002,650,650,648,649.5,85,265
951003,648,652,648,652,10,270
951004,652.5,652.5,652.5,652.5,0,265
951005,652.5,653,652.25,653,10,265
951006,654,655.5,654,655.5,155,315
951009,655,656.5,655,656.5,20,325
951010,661.5,661.5,661.5,661.5,0,325
951011,673,673,670,671,500,575
951012,665,665,665,665,0,575
951013,663,665,663,665,25,580
951016,669.5,669.5,669.5,669.5,0,580
951017,666,668,665,665,35,605
951018,668,668,668,668,5,600
951019,674,674,674,674,10,605
951020,677,679,677,679,80,640
951023,681,681,676.5,676.5,65,655
951024,675,678.5,675,678.5,5,655
951025,677,677,675,677,90,640
951026,679.5,679.5,676,676.5,70,700
951027,671,676,671,671,1455,1895
951030,672,674,672,673,70,1880
951031,680,680,675,676,655,2000
951101,676.5,681.5,676,681,575,2405
951102,684,685,682,682,2060,4160
951103,679.5,683.5,677,677,1100,4275
951106,678,683.5,678,683.25,310,4035
951107,685,685,681.5,682.75,1410,5655
951108,679,684,679,684,150,5840
951109,676.5,676.5,676.5,676.5,0,5840
951110,675,680,674.5,678.5,275,5970
951113,680,681,675,675.25,295,6200
951114,673,673,670,672.5,690,6865
951115,673,673,671,671,105,6935
951116,674,675,674,675,75,6980
951117,678,679.5,678,679.25,285,7065
951120,678,679,675,675.5,120,7125
951121,676.5,676.5,672,673.5,90,7215
951122,675,677.5,675,676.75,160,7370
951124,675.5,675.5,675.5,675.5,25,7395
951127,676.25,676.25,673,673,45,7410
951128,673.5,675,673.5,674.75,240,7640
951129,676,679,676,678,130,7770
951130,679.5,680.5,679,679.75,170,7920
951201,684,687,683.5,686,1650,7990
951204,689,693,688.5,690.25,225,8080
951205,690,695,690,695,1650,8625
951206,694,698,693.5,695.5,315,8670
951207,696,696,694,694,235,8810
951208,694.5,700,694,699.5,340,8935
951211,702.5,708,701,701.5,1335,9125
951212,702,705.5,700.5,703.5,610,9300
951213,705,710,705,708.5,1125,9300
951214,709,711.5,708,710.5,755,9285
951215,708,710,708,708,500,9715
951218,715,718,715,717.25,920,9945
951219,719,721.25,714,718.25,425,10235
951220,719,719.25,715.5,715.5,770,10310
951221,704,708,704,706,1290,10910
951222,711,715,711,715,595,10565
951226,713,718,713,718,1365,10325
951227,717,717,712.5,712.5,985,10555
951228,712,715.5,712,713.5,815,10600
951229,721,722,719,722,585,10760
960102,721.5,730,721,728,590,10665
960103,725,735,725,735,265,10795
960104,733,737.5,730,732.5,1745,11370
960105,730,736,730,730,765,11595
960108,725,725,717,717.5,1555,12250
960109,716.5,725,716,724,470,12205
960110,726,726,720,720,490,12060
960111,718.5,718.5,711,712.5,1945,12475
960112,713,719,713,719,530,12500
960115,717,720,717,719.5,210,12460
960116,725,725,712.5,712.5,305,12645
960117,713,715.5,709.5,715.5,935,13125
960118,720,720,717.5,718,245,13000
960119,720,721.5,719,721.5,435,13095
960122,721.5,721.5,712.5,712.5,325,12980
960123,712.5,719,710.5,717.5,665,13130
960124,718,720.5,717,717.25,695,13550
960125,717,718,708.5,709,1695,13520
960126,710.5,711.5,708,708.5,355,13580
960129,712.5,716,710.5,710.75,310,13605
960130,713.5,721,713.5,720.5,1180,13770
960131,723,726,720,723,1550,14540
960201,723,728,723,727.75,2910,14510
960202,728,728,725,726.5,1705,14890
960205,720,721.5,716,716,1165,15085
960206,717.5,725,716.25,724,1510,14555
960207,723,726,721,721.75,1080,14485
960208,722,726.5,722,722,1475,14470
960209,721.5,724,720,720.5,960,14325
960212,720.5,723.5,718,721.25,315,14320
960213,721,722.5,718.25,721,935,14325
960214,725,733.5,725,732,1915,14900
960215,731.5,734,731,731.5,595,15250
960216,731.5,736.25,731.5,734.5,1505,16140
960220,729.5,732,728.5,731.75,3780,17180
960221,733,738.25,733,733.75,995,17025
960222,731.5,735.5,731.5,733,740,17095
960223,737.5,740,737,739,525,17110
960226,742.5,747.5,742.5,746.5,1235,17490
960227,746,752.25,746,746,1480,18005
960228,745.5,748,743.5,747,940,18130
960229,747,750,741,742.25,1085,18420
960301,742,742,735,735.5,3580,19160
960304,731,731.5,727,728,1495,19340
960305,728.5,732.5,724,724.25,1190,19610
960306,729,729,726,727.75,2100,20235
960307,731,733,730.5,731,1510,19675
960308,732,735,725,726.25,4640,18655
960311,724,728,722,727.5,2805,17825
960312,724,729.5,724,725.5,1130,17715
960313,725,730,724.5,728.25,1140,17845
960314,733.5,736.5,729.5,729.5,1050,18120
960315,723.5,728.5,723.5,724,1745,19230
960318,723.5,727.5,721,725,1375,18635
960319,726,726.5,719,719,1160,18235
960320,718,722,718,722,1235,18290
960321,722,724,720,723,1755,18640
960322,721,727,721,725.75,2005,19220
960325,724.5,729.5,724.5,729.25,3120,19360
960326,730.5,737,730.5,734.5,2585,20065
960327,731,734.5,730,734.5,1375,20095
960328,732.5,734,731,731.25,4085,21355
960329,737,744.5,735,744,1315,21600
960401,742.5,760,742,756.25,2345,21930
960402,754.5,761.5,753,753,2925,22805
960403,751.5,765.5,751,762,1330,21805
960404,760.5,770,760.5,764.5,1955,22370
960408,765.5,788,765.5,783.75,2400,23610
960409,780,791.5,778.75,779,6240,25900
960410,782.5,805,782.5,796,6720,27290
960411,809,809,785,789.25,7015,27960
960412,783.5,796.5,783.5,792.5,5135,28790
960415,790,798,785.5,786.75,3370,28840
960416,789,790,767,769.5,4085,28650
960417,766.5,779.5,764.5,778,4495,26935
960418,785.5,800,775.5,798,5335,26450
960419,800,801,789,789.5,9295,28665
960422,802,810,795,803.25,6950,28360
960423,805,807,795,804,5400,28690
960424,790,809,788,799,5510,31005
960425,806,822,802,807,7400,30695
960426,803,806,790,796.5,4940,32540
960429,782,791,769.5,770,4725,31240
960430,766.5,781,766.5,776.75,6160,30975
960501,785,797,785,796,3190,30845
960502,801,811,787,787.5,3570,30475
960503,792,796.5,788.5,791,1660,30260
960506,800,800,785.5,786,1045,30505
960507,788.5,795,786.5,794.5,2425,31720
960508,802,805.5,797,801.5,2730,31595
960509,804,804.5,795,796.5,3480,31370
960510,793,796,787,790,2625,31575
960513,800,800,792,793,2445,32925
960514,788,802.5,786,800,2410,33535
960515,801,806,798,799.75,3085,34345
960516,802,806,797,805.75,5045,33310
960517,806,809.5,796,796.75,4625,34850
960520,779,789,779,785.5,2790,34935
960521,789,789.5,778,778,1840,35465
960522,777.5,783.75,772.5,776.75,3750,35765
960523,785,789,780,787.25,10050,33460
960524,788,790.75,786,787.5,2625,34175
960528,799.5,799.5,780.5,786.5,3775,33990
960529,780.5,781,757,758.5,7600,33035
960530,759.5,768,759.5,766.75,7260,33125
960531,769,769.5,759,764.75,7545,34190
960603,755.5,757.5,736,742,5630,35450
960604,746,748.5,737,745,4070,34745
960605,744,747.5,740.5,740.75,4960,34440
960606,741,746.5,739,743.25,6340,35450
960607,746,753,744.5,752.5,1955,36250
960610,764,771,763.5,766.75,4405,37005
960611,764,765,752,752.5,3940,37510
960612,745,749.5,743.5,744.5,3200,37410
960613,746,748,740,745.75,4270,37585
960614,745,748.5,742,743.75,4720,39335
960617,759,759,749,749.25,3525,39880
960618,755,770,754.5,768.25,5395,40780
960619,761,763.5,759,759.75,4900,41250
960620,757.5,760.5,757,759.25,2810,41280
960621,767,773.5,766.5,772.5,4610,43850
960624,763,764,753.5,760.5,12815,48680
960625,762,763,758,758.25,4815,48850
960626,756.5,757.5,747,750.5,11160,52010
960627,747.5,748,741,742,8345,52985
960628,753,758,742,757.5,11230,53465
960701,763,770.5,757,765.25,8685,54425
960702,756,761,755,755.5,7375,56275
960703,751,761.5,750.5,758,3540,55660
960705,749,749,739,741.25,7835,58240
960708,747,753.5,744.5,744.75,10340,56540
960709,752,762.5,749.5,758.5,5580,55940
960710,757,773.5,757,772.25,11625,55040
960711,789,802.25,785,802.25,18915,57690
960712,807,835,806.5,822.5,13940,60650
960715,806,832,804,822.25,13270,61675
960716,822,822.25,795.5,807,17860,61525
960717,785,794.5,782,790,14580,59225
960718,778,778,762,762.75,19560,56430
960719,763.5,766.5,756,759.5,15310,54100
960722,748,758.5,745,752.5,17185,55185
960723,763,767.5,760.5,764.5,18325,58270
960724,756,766.5,750.5,751,18400,61065
960725,746,753,740,752,26360,61480
960726,756.5,757,738,743,21830,64200
960729,742,755,741,752.25,15845,66605
960730,758,758,744.5,744.75,19250,69695
960731,745.5,750,744,747,12115,70600
960801,755,761,752.4,760.25,14455,72600
960802,753,756,750.5,751.75,11450,73210
960805,738,749,735.5,748,20890,72210
960806,749.5,754,743.5,751.75,12880,71210
960807,750,756.5,749.5,753,19715,71590
960808,760,769,758,767.75,23810,73065
960809,767.5,778,765,777.25,14800,74035
960812,800,807.25,792,800.75,29980,71735
960813,801,801,788.5,795.25,27560,73605
960814,797,815,796.5,806.5,41730,77515
960815,813,815.5,799.5,800.25,18820,77640
960816,796.5,805.5,792,793.5,29565,77745
960819,773,788.5,771.5,787,21260,76605
960820,784.5,797.5,784,794.75,21565,77490
960821,802,804,794.5,800.25,27905,79130
960822,795,809.5,794,808.75,31050,75895
960823,805.5,812,802.5,803.25,18595,65590
960826,802.5,825,801.5,817,26805,56895
960827,814,824.5,814,824,29255,48270
960828,826,830.5,816,817,15875,44900
960829,816.5,823,813,819.25,18345,41075
960830,815,821,813,814.5,14400,37200
960903,818,820.5,811,811,14690,30535
960904,804.5,806,797.5,797.75,11685,27805
960905,801,815.5,800.5,815.25,7575,27405
960906,814,824.5,813.5,824.25,5615,25455
960909,816,823.5,816,820,3210,24455
960910,820,832,820,830,4685,22050
960911,828,835,821,831.5,8210,17995
960912,832,837,827.5,835.75,4205,16030
960913,832,832.5,826,828.5,3335,13550
960916,824,824,808.5,814.5,6155,9095
960917,822,825,815,815,4850,6005
960918,809,821,809,819.5,4565,3675
960919,827,850,824,835,3955,415
