960730,746,746,746,746,45,45
960731,746,746,746,746,0,45
960801,757,757,757,757,0,45
960802,752,752,752,752,70,70
960805,737,743,737,743,10,80
960806,750,751,750,750.5,35,85
960807,754.5,754.5,754.5,754.5,0,85
960808,762,764,762,764,10,75
960809,768,768,768,768,10,85
960812,791,791,791,791,0,85
960813,785,785,785,785,0,85
960814,790,790,790,790,0,85
960815,798,798,792,792,60,145
960816,790,790,782,782,15,160
960819,775.5,775.5,775.5,775.5,0,160
960820,779,779,777,777,60,220
960821,787,787,780,780,80,300
960822,783,783,783,783,5,305
960823,783,783,778,778,150,385
960826,785,790,785,789,220,365
960827,789,792,789,792,80,445
960828,792,798,788,788,180,510
960829,792,796,792,796,15,525
960830,796,798,796,798,150,470
960903,798,802.5,796,796,145,625
960904,790,790,787,787,60,650
960905,789.5,797,789.5,797,70,700
960906,798,799,795,799,25,650
960909,795.5,796,795.5,795.5,40,670
960910,796,805,796,804,10,665
960911,808,808,801,802.5,95,755
960912,809,810,805,810,80,800
960913,813,813,804,804,35,810
960916,800,800,794,796,120,915
960917,799,799,799,799,0,915
960918,794,798,794,796,175,1025
960919,805,805,792,792,140,1160
960920,797.5,799,797,799,75,1150
960923,796,799,794,799,90,1205
960924,796.5,796.5,792,792.5,50,1245
960925,796,796,795.5,795.5,20,1265
960926,794,795,793,793,15,1260
960927,795,795,789,789,20,1240
960930,770,773,770,771.5,190,1410
961001,765,765,760,761.5,135,1525
961002,766,768,756,756,295,1565
961003,755,755,751,751,85,1530
961004,750,750,741,741.5,70,1535
961007,743.5,747,743.5,744.5,60,1480
961008,745,746,745,746,10,1485
961009,748,749,748,748,220,1705
961010,741,742.5,739,739,40,1660
961011,720,722,709,709,1250,2435
961014,710,710,701,704,2270,3910
961015,710,712,707.5,709,1530,4830
961016,713,713,706,706,1135,5675
961017,705,705.5,701,702.5,840,5860
961018,707,707,694.5,695.5,605,6320
961021,696,699,692,692.5,1125,6370
961022,692,693.5,686,693.5,775,6950
961023,702.5,707,702.5,706,315,7195
961024,710,710.5,698,700,435,7560
961025,696,705,696,702.5,230,7695
961028,708,712.5,707.5,710.5,2555,9355
961029,710,710,702.5,706,330,9215
961030,706,706,700,700,325,9405
961031,697.5,697.5,679,679.5,1805,9810
961101,680,681,675,676,300,9705
961104,677.5,684.5,677.5,681,680,9455
961105,682.5,684,679,679.5,145,9530
961106,685,689,685,689,270,9645
961107,692,692,689.5,689.75,145,9775
961108,689,690,686,686,135,9880
961111,688,689,680,681,1210,9445
961112,667,687,667,687,1485,10465
961113,693.5,693.5,690,693,290,10720
961114,695,695,691.5,691.5,110,10825
961115,698,702,696.5,700,740,10995
961118,698,701,695.5,701,785,11235
961119,701.5,704.5,696,697,210,11360
961120,698,710,696.5,708.5,490,11715
961121,706,712,706,706.5,1425,12030
961122,706,708,704,708,1845,12195
961125,709,710,703,703.25,500,12400
961126,703,704,701,704,670,12400
961127,704,704.75,703.5,704.5,1065,12915
961129,704.5,704.5,701,701.5,580,13195
961202,697,697,693.5,693.75,580,13495
961203,694,694,687,687,730,13415
961204,690,690,686,686,1815,13165
961205,683,692,682,692,290,13375
961206,691,693,688.5,688.5,310,13500
961209,688,688.75,680,681,855,13695
961210,679,681,676,676,335,13605
961211,682,686,682,685.5,600,13985
961212,692,694,689.5,694,975,14135
961213,696.5,697,696.5,697,205,14190
961216,699,703,699,703,465,14250
961217,704,704,697,697.25,1365,14855
961218,700,705.5,695,695.5,950,14770
961219,697,699,693,699,435,14910
961220,698,698.5,692.5,692.75,240,14935
961223,691,691,689.5,689.5,190,14890
961224,689.5,696,689.5,696,815,14955
961226,697.5,698.5,690,690,785,15160
961227,693,693.5,690.5,690.5,2550,16565
961230,687.5,689,685.5,685.5,855,17060
961231,688,689.5,686.5,687.25,380,17275
970102,687.5,697,687.5,695,285,17305
970103,695.5,697,692.5,697,350,17345
970106,703,704,691,691.5,305,17535
970107,695,697.5,694.5,697.5,1720,18795
970108,696.5,696.5,694,694.25,400,19155
970109,695,700,694,699.5,1735,19790
970110,729.5,729.5,722,729.5,7300,22100
970113,733,740.5,732,735.5,5215,23135
970114,734,737,733,733.5,2990,23605
970115,739,740,736.5,739.5,3685,23995
970116,738.5,743.5,737,743,1190,24165
970117,740.5,743.5,740,742,2610,23885
970120,737,748,736,741.75,1540,23730
970121,739,743,738.5,741,2650,24260
970122,744,744.25,736,736.25,3070,24105
970123,736.5,739,735,738.75,2235,24245
970124,741,744,741,743.5,840,24670
970127,745,747.5,741.5,747.25,845,24770
970128,746.5,749.5,742,742.5,2180,25045
970129,742,748,741.5,744,2755,25405
970130,744,744,736,736,2105,25930
970131,733.5,736,729,731.75,1960,25775
970203,725.5,730,725,730,1240,26130
970204,731.5,734.25,730.5,732,1030,26230
970205,732,735.5,729,735.25,3600,26025
970206,735.5,736,727.5,728,4035,26955
970207,728,734,725.5,734,3580,27840
970210,732.5,736,732,736,1195,28145
970211,735,743,734.5,743,3515,29075
970212,748,758,747,757.5,5410,30965
970213,757,763,755.5,760.25,2820,31595
970214,759.5,761,757.25,757.25,2985,32225
970218,761,773,761,771.5,5665,35410
970219,771.5,778.5,768,768,6615,36665
970220,769,781,768,779.75,3570,36835
970221,779.5,782,774.75,779.5,4495,36660
970224,778.5,780.5,772,772.75,4130,36930
970225,771.5,788.5,770,786,4015,37260
970226,784.5,785.5,778.5,779.75,3570,39030
970227,781,788.75,777,778.75,6595,37225
970228,775.5,784,774.5,783.25,6210,39110
970303,800,801,795,797,5730,40290
970304,797,801,793,799.5,6270,40275
970305,800,801,793.5,797,4495,40625
970306,799.5,813,797,812.5,8820,40015
970307,811.5,821.5,810.5,821,8890,38060
970310,825,851,823,851,11950,37845
970311,838,855,838,849,11765,38765
970312,850,851.25,822,823.5,13490,40385
970313,818.5,827.5,813,822,10375,37650
970314,831,848,830,840,6555,39045
970317,842.5,842.5,815,818,7365,41170
970318,816,824.5,808.5,823,7485,42435
970319,821,829.5,817,829.25,5630,41710
970320,841,853,837.5,839.5,14690,41200
970321,826,830,818,824.5,10925,42285
970324,815,820,811.5,815.5,3820,42360
970325,819,828.5,819,824.25,7470,42790
970326,820,827,820,826.25,5900,42920
970327,836,841,830,836,6705,43785
970331,837.5,842,828,834.5,4920,44305
970401,864.5,864.5,853,855.75,12695,46305
970402,852.5,867.5,851.5,865,13530,47710
970403,855,862,855,856.5,10595,50610
970404,852,852.5,827,827.5,18370,51525
970407,822,852,822,849,12195,54455
970408,846,850,837.5,838.25,5810,54740
970409,832,843,822,839.5,13960,54135
970410,850,851,845,847.5,5595,54585
970411,859,859,823,827,18170,57610
970414,834,836,827,828.25,7320,59540
970415,822,830,815.5,828.5,10675,60520
970416,831,831,813,822,18900,61385
970417,824,832.5,822,826.25,11975,63055
970418,825.5,830,819,826.25,8975,64480
970421,825,834.5,816,821.25,9250,64585
970422,819,826.5,817,825.5,6775,65225
970423,822,828,820.5,827.5,12460,68235
970424,827.5,831,823,827.5,14280,70520
970425,831,846,830,842.25,26555,73305
970428,840,848.5,839,841.25,15805,76055
970429,840,848,840,843,23865,81790
970430,854,864,854,860.25,20375,84980
970501,860,869,851,851.75,17345,86940
970502,852,867,852,860.5,21115,93225
970505,867,869,855,859,16015,95560
970506,858,862.5,852,861.75,17080,97560
970507,868,869.5,861,862,22755,95435
970508,851,859,851,854.75,11825,96490
970509,857,861,853.5,860,18585,98885
970512,857.5,866,841.25,842.75,14395,99845
970513,842,845,834,844.5,19315,100850
970514,842,843.5,827,832.75,22510,102455
970515,830,835,824,826.5,14945,103450
970516,823,836,822,833,23250,108275
970519,826,838,822.5,837.5,17240,108180
970520,837,840,817,817.5,22570,114650
970521,816,821.5,812.25,817.75,26615,117060
970522,830,830,815,816,18230,120445
970523,806,811,799,800,37155,122050
970527,799.25,802,789,790.5,72590,120080
970528,793,807,793,806,38475,120175
970529,811,836,810,822.75,66725,126470
970530,836,836,823,830.75,38910,127500
970602,832,833.5,822.5,828,42800,127740
970603,826.5,829,812,813,43095,130225
970604,805,807,785,786,86805,124820
970605,782,796.5,778,790,77050,129125
970606,795,795,787,788.75,26855,128020
970609,778.5,778.5,764,771.5,56685,127800
970610,776,778,768.5,769.25,39085,128020
970611,771,783.5,768,782,41065,129055
970612,781,790,778.5,784.5,45045,134230
970613,793,806,789,790.75,79525,139385
970616,780,783.5,773,773.75,50650,143495
970617,776,785,772,784,41925,142755
970618,784,786,770.75,772.25,47340,144180
970619,772.5,778.5,771.5,772.75,46470,144595
970620,771,773,763.5,766.75,41525,142615
970623,761,770,756,768,60640,143710
970624,771.5,774,765.25,767.5,57770,149505
970625,764,765,753,754.5,67265,155295
970626,750,753.5,742,743.25,80535,157705
970627,742,745,738.25,739.5,67995,163600
970630,736,736,711,718.25,103545,166615
970701,716,722,675,681,108930,170805
970702,689,691.5,663,670.25,112395,168760
970703,676,689,675,687.5,64195,167845
970707,680,699,677,697,78315,168565
970708,708,726,705,722,103735,167220
970709,726,751,726,748,123105,166325
970710,748,748,729,746,87125,168835
970711,738,752,725,750,85565,176310
970714,778,780,770,779,92135,170445
970715,776,782,770,775.5,73750,172085
970716,767,768,745.5,745.5,86860,170580
970717,747,754,733,738,75190,164680
970718,744,751,738.5,739.5,69600,137475
970721,716,740,712,739,55455,131200
970722,736,744.5,730,735.25,52065,125850
970723,738.5,741.5,728,739,47255,117325
970724,736,754,736,752,56990,115100
970725,755,760.5,752.5,754.5,52750,111690
970728,759,771,750,757.75,51680,103565
970729,763,770.5,757,767,68970,97315
970730,770.5,770.5,751,756.5,68420,78245
970731,756.5,775,756,768,60545,69690
970801,764,773,758,762,36685,64105
970804,765,772,757,765.25,25385,61350
970805,763,768,755.5,763,21485,57130
970806,766,770,762,769,21995,53385
970807,769,770,742,745.5,29535,45260
970808,745,750,735.5,739.75,20010,37730
970811,727,727,718,723.75,16210,35070
970812,735,748,733,743.75,14740,35315
970813,748,780,747,779,22790,28970
970814,778,793,768,772.5,21135,21795
970815,777,792.5,775,791.75,22860,14385
970818,798,798,775,785.5,12595,8595
970819,790,793.5,772,779.25,8815,4105
970820,753,761,730,730.5,6230,1955
