960827,750,750,750,750,50,50
960828,750,750,750,750,5,55
960829,750,750,750,750,0,55
960830,756.5,756.5,756.5,756.5,0,55
960903,760,760,758,758,25,80
960904,755,755,751,751,55,125
960905,752,753,752,753,65,180
960906,766,766,761.5,761.5,5,185
960909,761,761,761,761,0,185
960910,765,765,765,765,5,185
960911,767,767,765,765,5,190
960912,765,770,765,770,20,205
960913,768,770,767,767,30,200
960916,760,762,760,762,30,215
960917,762,762,762,762,0,200
960918,758,758,756.5,756.5,10,200
960919,750.5,750.5,750.5,750.5,0,200
960920,755.5,755.5,755.5,755.5,0,200
960923,753,758,753,758,5,200
960924,754.5,754.5,754.5,754.5,0,200
960925,755,755,755,755,5,200
960926,754,754,754,754,0,200
960927,755,757,753,753.75,180,285
960930,742,745,742,742,160,260
961001,737,738,735,738,40,290
961002,740,740,736,736,20,290
961003,732,732,729,729,20,295
961004,728,728,720,720,20,300
961007,721,723.5,721,722.5,25,290
961008,718,725,718,724,15,290
961009,725,727,725,727,50,290
961010,722,722,722,722,10,300
961011,705,705,692,692,485,645
961014,692,694,687,687,455,890
961015,692,692,689,689,15,890
961016,690,690,689,689,20,890
961017,688,688,683,684,155,835
961018,681,682,678,678,550,1030
961021,679,680,673,673,145,1155
961022,673,673,667,670,20,1130
961023,676,682,676,682,70,1145
961024,684,687,680,680,20,1140
961025,682.5,682.5,682.5,682.5,0,1140
961028,690,692,690,690,550,1240
961029,687,689,686.5,686.5,220,1455
961030,688,688,685.25,685.25,215,1480
961031,681,681,668,668,70,1420
961101,667,671,665,665,50,1415
961104,665,669,665,667,15,1425
961105,662,662,662,662,0,1425
961106,670,672,668,671,35,1450
961107,675,677,673,673,15,1460
961108,673,673,672,672,20,1465
961111,673,674,668,668,20,1465
961112,656,674,656,674,235,1450
961113,678,681,678,681,40,1445
961114,682,685,680,680.25,35,1450
961115,684.5,690,684.5,686,35,1455
961118,682,690,682,689,140,1470
961119,689,689,686,686,25,1495
961120,686,693,686,693,60,1545
961121,695,695,690,690,10,1545
961122,690,690,690,690,0,1595
961125,690,691,687,687,380,1660
961126,683,687.75,682.5,687.75,630,2105
961127,687,687,686,686,190,2055
961129,687,688.5,684,684,510,1685
961202,678,678.5,677.75,677.75,30,1685
961203,678,678,674,674,25,1685
961204,673,673,670,670,30,1680
961205,665,674,665,674,25,1700
961206,675,675,673.5,673.5,135,1705
961209,673,673,670,670,5,1700
961210,665,665.5,662,662,470,2015
961211,668,668,666,667.5,640,2305
961212,673,677,671,677,215,2020
961213,680,681,678.5,678.5,185,2205
961216,681.5,686,681.5,686,240,2390
961217,685,685,680.5,680.5,225,2610
961218,684,686.5,680,680,75,2670
961219,678,679.5,675.5,679.5,105,2750
961220,680,681,675.5,676,140,2790
961223,675,675,671,671,60,2790
961224,673.5,675.5,673.5,675,120,2850
961226,678,678,671.5,671.5,60,2850
961227,674,674.5,671.5,671.5,95,2815
961230,670,670,667,667,245,2800
961231,669,670.5,669,670.5,15,2800
970102,671,679.5,671,679.5,100,2825
970103,677.5,679.5,676.5,679.5,155,2890
970106,683,686,676.5,676.5,810,2920
970107,680,680,679,679.5,220,3050
970108,680,680,677,677,25,3060
970109,676,680,676,679.5,320,3295
970110,700,709.5,695,707.75,3855,5210
970113,705,714.5,705,707,2630,5660
970114,706,710.5,706,707.5,2115,6125
970115,712,712.5,710,710.5,755,6540
970116,712,712,709,712,415,6625
970117,711,714,711,711,465,6635
970120,707,717,706.5,710.25,555,6770
970121,709,713.5,709,710.25,615,6690
970122,713,713,707.75,709,270,6735
970123,709.5,711,709,710.5,330,6735
970124,713.5,715,712.5,715,1080,6700
970127,714.5,717,713,716.5,1545,7080
970128,716,719,712,712.75,1485,7525
970129,713,717,713,714.5,850,7605
970130,714.5,714.5,708,708.25,870,7745
970131,706.5,707,703,703,1230,8165
970203,698,700.5,698,700,810,8185
970204,704,706,703,705.75,2585,8360
970205,706,709.25,704,709.25,955,8655
970206,710,710,704,704,920,8900
970207,704,708.5,702.5,707.5,1720,9210
970210,709,711.5,709,711.5,785,9270
970211,711.5,716,711,715.75,995,9505
970212,720,726,719,726,1785,10265
970213,725,729,724,727.25,2640,11305
970214,726,726.5,723.75,723.75,1090,11625
970218,729,736,728,735,1600,12060
970219,736,739,732.5,732.75,1570,12675
970220,734,740,734,739.5,1105,12820
970221,738,742,737,738.5,1845,14085
970224,738,740,735,735.25,1500,14200
970225,733,745,732.5,742,1740,14480
970226,739,744,736,737,1150,14860
970227,738,746.5,738,738.5,2465,15860
970228,736.25,741,736,741,1200,16420
970303,753,756,751,752.25,4095,17145
970304,752,758.5,752,754,4810,18205
970305,757.5,758.5,752,754,2975,18975
970306,755,764.75,754.5,763.25,1385,19165
970307,763.25,773,763.25,770.5,2815,19030
970310,772,800.5,771.5,797.5,11630,22350
970311,786,795,786,788.25,6070,23605
970312,790,791.5,768,768.5,5225,23630
970313,769,773.5,763.5,766.25,2890,22935
970314,771.5,789,771.5,777.5,2935,23545
970317,780,780,760,760.5,4260,23415
970318,760,766,755.5,762.75,4475,25405
970319,761,766,759,765.25,2090,26205
970320,773,780,768.5,769.25,5770,26565
970321,760,763,755.5,761,3435,26810
970324,757,758,752,752.25,1015,26800
970325,756,762,756,759.5,1745,27095
970326,756.5,760,756,758.5,1555,27100
970327,765,772,763,763,4105,27635
970331,752.5,760,747,754,2995,28080
970401,778,779,761,762.5,4480,29060
970402,758,774,758,767.25,3585,29365
970403,765,769,762,765.5,3125,31340
970404,762,765,743,743,4695,32360
970407,752,760,751,759,2625,32510
970408,758,761,750,751,2900,32740
970409,751,755,742.5,752.5,2655,32070
970410,759,763,756.5,759.5,2300,32770
970411,764,766,750,753,4375,34260
970414,760,763.25,756,756.75,3405,34815
970415,750,756,749,754.5,2950,34240
970416,756,757,741,745.75,6840,34065
970417,744,753,744,746,3250,34810
970418,746,749,740,747,3870,35135
970421,748,755.5,743,746.75,2710,35290
970422,744,751.5,744,751,2480,35285
970423,747,755.5,747,753.25,1315,35515
970424,753,758,750,754.75,2950,36385
970425,755,767.5,755,764.5,4725,36210
970428,761,764,758,758.5,3710,36365
970429,758,763,756,758.5,6240,38130
970430,768,771.5,766,767.75,3160,38635
970501,767,775,762.5,763.5,6945,38625
970502,767,771.5,765,766.5,6315,40155
970505,772,774.5,762,764,4245,40020
970506,761,761.5,752.5,759.25,12170,41095
970507,762,766,761,765.25,8205,42500
970508,761,765.5,759.5,762.75,4100,43915
970509,764.5,765,762,763.75,3635,44550
970512,760,766.5,752.5,752.75,5010,45780
970513,752.5,755,747,755,8195,46055
970514,752.5,754,746,749.75,6775,43840
970515,750,753.5,747,748.75,5135,44065
970516,747,754.5,746.5,752.5,5640,43305
970519,748,748,742.5,744,4550,43545
970520,745,747.5,732,733,7730,45495
970521,732,735,730.5,733.5,8740,46150
970522,739,740,730.5,731.25,5980,45730
970523,722.5,727.5,716.5,717.25,7285,46680
970527,715,717,705,705.5,14090,44080
970528,708,717,707,713,8250,44320
970529,717,737,717,727.5,10545,44140
970530,736,737,730,732.5,6910,44655
970602,733.5,735,728.5,732.5,7220,45535
970603,733,736,728.5,728.75,10580,48250
970604,725,726,711,712.75,22710,48970
970605,714,721.5,711,717.75,13845,48660
970606,722,722.5,715,720.5,9405,48765
970609,714,715,705,709.5,8710,49455
970610,713,713.5,705,705.5,7810,48380
970611,709.5,712.5,706,711.75,8065,49615
970612,714,720,710.5,711.25,13720,49510
970613,714,718.5,711,711.25,12040,51120
970616,701,708,700,700.5,8785,50130
970617,705,708,701,706.5,8040,50430
970618,703.5,705.5,698,698.5,12555,52160
970619,698.5,702,694,695.5,5570,52870
970620,693,694,685,685.75,8265,54345
970623,682,685,678,683,8045,54905
970624,685,697,685,691.25,15635,53230
970625,687,692.5,684,685.25,6360,53355
970626,682,686.5,675,676.25,10570,52740
970627,676.5,680,673,674,9065,53375
970630,654,655,644,644,19850,59390
970701,639,642,610,612,21750,61295
970702,617,620,607,607.5,18430,62935
970703,613,622,613,618.5,16425,63505
970707,605,615.5,605,614.5,9250,64005
970708,624,635,624,628.5,16375,63705
970709,628,652,628,650.5,23450,63435
970710,646,648,637,645.25,15070,62780
970711,643,650,636.5,646.5,15875,64675
970714,676.5,676.5,662.5,674,19230,65165
970715,675,681.5,670,677.5,18250,65235
970716,671,671,652,653,19710,66885
970717,652,658.5,641,644.5,19610,68280
970718,652,662,651,653,13280,68960
970721,632,645.5,631,645,13785,68895
970722,643,651.5,638,644.75,12950,69520
970723,647,652,643,647.5,16550,71080
970724,643.5,655.5,642.5,653.5,16745,73670
970725,654,660,653.5,654.5,20800,78310
970728,670,676,661,664.5,17935,80870
970729,676,680,671.5,675.5,21735,81680
970730,683,683,666.25,670,26480,84115
970731,671,689,670.5,685,29530,85070
970801,683,688,679,683.75,29125,85700
970804,694,694,672.5,677.5,18815,85895
970805,673,678,666,668,23050,84500
970806,671,682,670.5,679.5,19580,86200
970807,674,676.5,657.5,660,33330,83770
970808,658.5,678,655.5,672.5,21515,80190
970811,652,652,642.5,643,20635,78620
970812,649,656,640,647.75,27090,78190
970813,643,662.5,642,660,32495,75480
970814,653,662,646,655.5,38865,73690
970815,655,664,654,656,28910,75825
970818,650,655,648,650.75,20855,71945
970819,655,659,652.5,654.75,22780,68510
970820,650,655,644,645.5,23595,66730
970821,654,661,652,658.25,17870,65925
970822,654,663.5,653,661.5,17865,69730
970825,657,663.5,655.5,662.75,14830,60060
970826,660.5,665,657.5,662.25,22465,53955
970827,662.5,671,662,670,15200,52165
970828,669.5,669.5,657,661.25,10950,47610
970829,661,670,661,666,14340,43335
970902,667,672,665,671.25,8265,40915
970903,672,685,671,684,17115,38860
970904,679,694.5,679,693.5,14900,36560
970905,702,717,697.5,709.5,25475,27205
970908,707,709,693,699.75,7445,25100
970909,703,716,699,713,6085,23100
970910,712,713.5,705,709.5,5855,20485
970911,710,723,708.5,721.5,5895,18880
970912,725,727,718,722,5810,16205
970915,722,735,710,734.5,5915,15765
970916,740,783,738,782,10995,10745
970917,780,815,779,801,9105,6610
970918,790,795,764.5,767.5,4845,4125
970919,762.5,779,754,756.5,4575,1025
