961021,686,686,684,684,5,5
961022,680,680,680,680,0,5
961023,690,690,690,690,0,5
961024,686,686,686,686,0,5
961025,689,689,689,689,0,5
961028,696.5,696.5,696.5,696.5,0,5
961029,691,691,691,691,0,5
961030,690.5,690.5,690.5,690.5,0,5
961031,675,675,675,675,0,5
961101,673,673,673,673,0,5
961104,673,673,673,673,0,5
961105,668,668,668,668,0,5
961106,677,677,677,677,0,5
961107,677,677,677,677,0,5
961108,677,677,677,677,0,5
961111,672.5,672.5,672.5,672.5,0,5
961112,682.5,682.5,682.5,682.5,0,5
961113,688.5,688.5,688.5,688.5,0,5
961114,688.5,688.5,688.5,688.5,0,5
961115,692.5,692.5,692.5,692.5,0,5
961118,694.5,694.5,694.5,694.5,0,5
961119,689,689,689,689,0,5
961120,699,699,699,699,0,5
961121,699,699,697,697,5,10
961122,696,696,696,696,0,10
961125,691.5,691.5,691.5,691.5,0,10
961126,689.5,689.5,689.5,689.5,0,10
961127,689.5,689.5,689.5,689.5,0,10
961129,688,688,688,688,0,10
961202,681,681,681,681,0,10
961203,675,675,675,675,0,10
961204,672,672,672,672,0,10
961205,678.5,678.5,678.5,678.5,0,10
961206,678.5,678.5,678.5,678.5,0,10
961209,678.5,678.5,678.5,678.5,0,10
961210,678.25,678.25,678.25,678.25,0,10
961211,674,674,674,674,0,10
961212,679,679,679,679,0,10
961213,682,682,682,682,0,10
961216,683,687,683,686.5,25,30
961217,683.5,683.5,683.5,683.5,0,30
961218,680,680,680,680,0,30
961219,684,684,684,684,0,30
961220,680,680,680,680,0,30
961223,680,680,680,680,0,30
961224,680,680,680,680,0,30
961226,675,675,675,675,0,30
961227,675,675,675,675,0,30
961230,671.5,671.5,671.5,671.5,0,30
961231,674,674,674,674,0,30
970102,674,674,674,674,0,30
970103,676,676,675.5,675.5,5,35
970106,683,683,682,682,5,40
970107,681,682,681,682,5,50
970108,681,681,681,681,0,50
970109,681,681,681,681,0,50
970110,699,699,698,698,525,510
970113,701.5,701.5,700.5,700.5,5,510
970114,697,697,696,696,60,520
970115,699,700,699,700,35,530
970116,700,700,699.75,699.75,5,530
970117,699,699.5,699,699.5,5,530
970120,699.5,699.5,699.5,699.5,0,530
970121,700,702,699.5,699.5,60,565
970122,700,700,698,698,15,565
970123,702,702,702,702,0,565
970124,701.5,701.5,701.5,701.5,0,565
970127,704,704,704,704,0,565
970128,704,704,702,702,5,565
970129,703,703,703,703,0,565
970130,699,699,697,697,70,560
970131,693,693,693,693,60,585
970203,693,693,693,693,0,585
970204,695,695,695,695,0,585
970205,696,698,696,698,15,590
970206,701,701,694,694,10,580
970207,698.5,698.5,698.5,698.5,0,580
970210,699.5,702.5,699.5,702.5,35,615
970211,701.5,706,701.5,706,30,645
970212,708,710,708,710,110,725
970213,710,710,710,710,0,725
970214,708,708,708,708,0,670
970218,715,715,715,715,0,670
970219,719,719,714,714,430,1095
970220,717,717,717,717,0,1095
970221,717,719,717,719,35,1095
970224,713.5,713.5,713.5,713.5,0,1095
970225,712.5,719,712.5,718,40,1100
970226,711.75,711.75,711.75,711.75,0,1095
970227,712,712,711,711,60,1095
970228,711,713,711,712,135,1160
970303,719,719,718,718,500,1660
970304,722,722,722,722,0,1660
970305,722,722,722,722,0,1660
970306,728,729,727,729,35,1680
970307,734,737,733,733,80,1705
970310,730,751,730,749,40,1710
970311,745,746,743,743,110,1700
970312,747.5,747.5,729,729,75,1725
970313,732,735,726,728,45,1760
970314,731,740,731,735.5,90,1790
970317,733,733,718,718,60,1800
970318,720,720,718,719.5,10,1810
970319,725,725,724,724,10,1815
970320,732,732,727,727,30,1825
970321,721,723,720,720,50,1835
970324,718,718,715,715,10,1845
970325,721,722,718.5,718.5,25,1865
970326,718,720,718,719,15,1880
970327,726,726,724,724,20,1890
970331,709,712,703,705,140,1865
970401,713,713,707,707,20,1870
970402,709,713,708,712,80,1900
970403,710,713,710,713,35,1910
970404,711,714,709,709,20,1915
970407,713,714.5,712.5,712.5,90,1965
970408,718,718,712.5,712.5,10,1985
970409,715,716,712,713,30,2000
970410,717,719,717,718,20,2010
970411,722,722,716,716,50,2030
970414,723,723,717,717,25,2055
970415,716,716,713,713.5,15,2065
970416,710,710,705,705,25,2080
970417,706,706,702,702,15,2095
970418,698,700,698,698.5,10,2105
970421,708,708,702,702,45,2130
970422,703.5,707,703.5,707,5,2130
970423,711,711,709,709,65,2140
970424,710,715,707,707,25,2150
970425,709,713,709,709.5,150,2170
970428,706,706,704,704,30,2200
970429,703,711,703,703,55,2235
970430,713,713,709,709,20,2255
970501,713,715.5,708,710,50,2285
970502,712,716,712,712.5,70,2300
970505,717,717,715,716,50,2315
970506,716,716,712,712,20,2330
970507,718,719,718,719,15,2335
970508,719,723,719,720,115,2440
970509,724,724,722,722.25,70,2475
970512,724,725,717,717,55,2485
970513,720,723,716.5,721.5,260,2570
970514,721,721.5,714,715.5,195,2740
970515,719,719,716,716.5,60,2800
970516,716,720,716,720,245,2815
970519,716,716,710,710,155,2830
970520,711,711,701,701,155,2955
970521,702.5,703,701,703,265,3085
970522,708,708,700.5,700.5,65,3120
970523,699,699,689,689,270,3175
970527,687,687,676,676,395,3520
970528,676,684,676,681,80,3560
970529,688,700,688,692.5,255,3650
970530,702,702,698,698,220,3790
970602,701,705,700,703.5,220,3850
970603,703.5,707,703.5,703.5,725,4355
970604,695,695,691.5,691.5,40,4345
970605,694,697,692,692,85,4400
970606,693,697,693,696,1215,4805
970609,688,691,686,688,180,4885
970610,690.5,690.5,678,678,165,4995
970611,681,683,679,682.5,315,4870
970612,682.5,686,679,679,200,4820
970613,684,688.5,683,683,70,4830
970616,678,678,676,676.5,285,4850
970617,685,685.5,682.5,682.5,145,4910
970618,684,684,678,678,245,5025
970619,681,682,674,674,120,5095
970620,673,673,665,665,490,5365
970623,663,667,660,662.75,1285,6235
970624,669,673,669,670.75,75,6485
970625,672,672,668,668.5,120,6595
970626,668,668.5,660,660,680,7100
970627,663.5,667,661.5,664.5,835,7385
970630,643,643,634.5,634.5,1055,7760
970701,628,629,612,612,1410,8035
970702,617,619,614,615,2805,6995
970703,618.5,622,617,621,2440,6015
970707,613,615,612,614,1480,6660
970708,621,631,621,623,1820,7155
970709,625,634,625,634,1190,7200
970710,622.5,625,622,623,1615,7740
970711,618,627,618,621,920,8200
970714,645,647,638,645,1985,8545
970715,645,653,644,648.25,1210,8235
970716,639,640,633,633,215,8365
970717,635,637,625,626,1170,8955
970718,637,643.5,634,635,2215,9840
970721,616,625,615,624.25,2425,10510
970722,625,630.5,625,626,2120,10435
970723,630,635,625,629.25,2810,11585
970724,627.5,629,624,628,675,11695
970725,628,630,625,628,405,11970
970728,642,646,638,644.5,1255,12355
970729,654,664,654,662,945,12595
970730,664,666,659,660.5,1830,13475
970731,662,680,660.5,680,1760,13530
970801,676.5,681,673.5,679.5,1340,13880
970804,686,686,669.5,673,1240,14315
970805,670,673,659.5,663,2420,14140
970806,667,675,664.5,674.5,1125,14105
970807,664,664,654,654.75,845,14260
970808,656,663,656,661,645,14350
970811,639,645,636.5,637.5,3345,15830
970812,643.5,646,639,639.5,5315,16065
970813,636,643.5,635,641,3925,17420
970814,637,639,632,636.5,7455,20890
970815,634,644,634,638,3970,21955
970818,632,637.25,631.5,637.25,5295,24355
970819,641.5,648,641,646.25,8340,28455
970820,643,644,637.5,637.75,2760,29385
970821,648,650,643.5,648,8075,31550
970822,645,648.75,643,648,4440,32680
970825,642,643,639.5,642.75,1775,33320
970826,638.5,641,636.5,638.25,3845,34525
970827,637,649,637,648,3525,34765
970828,647,650,642.5,643.5,2405,35925
970829,647,654.5,645.5,647.75,5590,36835
970902,652,658,649.5,656.75,1540,36375
970903,657,666,656,664.75,2265,36490
970904,660,669,660,665.5,3790,37815
970905,669.5,671.5,660,660.25,6095,38910
970908,657.5,658,653.5,657.75,5960,39910
970909,659.5,667,657.5,664,9590,40520
970910,663.5,665.5,657.5,658.5,6015,40850
970911,658,665.5,657.5,664.25,6180,40500
970912,662,667,651.75,651.75,7810,42725
970915,652.5,655.5,649,655,3660,44015
970916,661,670,660.5,666,4460,42665
970917,663,665,658,662,5745,42980
970918,668,669,654,654.25,4790,44565
970919,654,662,653.5,660.25,7805,45180
970922,654,659.5,654,659.5,6335,48230
970923,659.5,661,655,657.75,9460,51055
970924,658,664.5,657,664,8170,50545
970925,665,665,658.5,660.25,3905,51515
970926,660,660,656,658.25,4255,52385
970929,651,656,650.5,653.75,5115,52145
970930,652,652,648,649,14810,54900
971001,649,649,642.5,643.25,9890,57020
971002,645,649,643.5,648.25,18520,58365
971003,650.5,664.5,647.5,660.5,17815,59935
971006,658,671,658,668.25,15430,62225
971007,671,692,669,685.75,17160,61675
971008,682,690.5,680.5,687.5,11125,61935
971009,687,695,683,694.25,14840,62300
971010,708,723.5,707,721.5,21775,62545
971013,718,750,717.5,741.5,13845,62305
971014,731,735,727.5,730,11815,62375
971015,730,737.5,727,729,11400,63390
971016,730,733,724,724,13020,65020
971017,721.5,725.5,713.5,714.5,8970,64705
971020,711,728,710,713.5,14125,65015
971021,713,724.5,711,720.75,9515,65970
971022,728,731.5,724.5,727.5,12350,67865
971023,720,725,718.5,720.75,12935,67670
971024,725,727.5,719,725.75,6685,68385
971027,730,731.5,720,724.75,7130,68560
971028,724,725,717,719.25,6560,68475
971029,719.5,724,715.5,716.5,5885,71040
971030,709,712.5,706,711.5,14715,73500
971031,711,715,707.5,712.25,18225,71410
971103,718,738,717,737.25,19620,69090
971104,738.5,745,732,732.75,10500,70085
971105,733.5,739,729.5,736.25,18335,75585
971106,739,739.5,731,737.75,17290,78105
971107,736,751,736,748.75,27875,87525
971110,742,744,729,731.5,10710,88805
971111,732,753,731,745,33785,98285
971112,741,743.5,736.5,738.5,17435,102660
971113,743.5,750,739.5,741,11975,101950
971114,744,744,730.5,731.25,16040,104485
971117,730,733.5,724,733.25,19300,103775
971118,734,735,728.25,729,13355,106185
971119,726,730.5,724.5,725.5,15440,107690
971120,725.5,732.5,718,718.25,10325,108510
971121,717.5,723.5,717.5,719,18965,109110
971124,722,724,717.5,723.5,9195,110655
971125,723,723.5,719,723,5065,110740
971126,726.5,734.25,725.5,730.75,13200,111170
971128,733.5,737,726,726.5,6745,111060
971201,727,731,723.5,728.25,6105,110930
971202,728,729.5,715,716,13370,112760
971203,715.5,718.25,711,717.5,13085,112615
971204,717.5,718.5,705,705.5,8695,113635
971205,707.5,714.5,704.5,712,16570,114990
971208,716.5,721,714.5,720.25,9250,116220
971209,717,719,713.5,716.5,9475,118755
971210,718.5,720.5,714,720.25,16790,121425
971211,715,715,705,708.25,28690,124435
971212,708,708,696,697,20655,126390
971215,696,697,691.5,696.5,18010,126305
971216,699,701,695,695.5,13820,128260
971217,698.5,702,697,702,19240,128270
971218,706,706,690,690.5,30320,129445
971219,690,694.5,685.5,693.5,18020,129395
971222,692.5,693.5,689,690.5,5055,129080
971223,689,690,687.5,689.75,10305,129790
971224,692,700.5,691,697.25,5980,129340
971226,702,702,696.5,699.75,6420,130005
971229,703,703,693,693.5,9630,130480
971230,694.5,698,694.5,697.5,9615,128870
971231,697.5,698.5,688,689,14315,129220
980102,687,690,677,678.75,20345,133600
980105,683,687,681,685.5,11525,130090
980106,685.5,687.5,680,680.75,16645,129870
980107,680,687,679,685.75,15975,132170
980108,684,684.5,670,670.25,39945,133225
980109,670.5,675.5,670.25,672.75,5054,27054
980112,668,673.5,664,672.25,2904,27216
980113,681,694,678.5,681.25,4576,27005
980114,681.5,683,668,672.75,4401,27576
980115,667,676.5,667,673.5,4373,28527
980116,675.5,680,669,670.5,3717,29081
980120,674.5,686,671,680.75,4729,29145
980121,679,679.75,673,674.75,5221,29840
980122,674.5,683,674,680.5,4379,30290
980123,685,687.5,674.5,675,5507,31586
980126,676.5,682,674,680.25,4604,32789
980127,681,694,679.5,685.5,5570,33168
980128,684,691.25,684,686.25,3400,32934
980129,685.5,688,680.5,685.5,3998,32905
980130,683.5,685.5,677.5,678.25,4550,33484
980202,679,683,674.5,682.25,2420,33774
980203,684.5,691,681.5,690,5652,33796
980204,689,692,685,687.5,3452,33568
980205,685.5,698.25,683.5,694.5,5062,33644
980206,694,698.25,692.5,695.5,3993,33185
980209,695.5,701.5,695.5,699.5,3910,33249
980210,700,703,698,702.5,5004,32503
980211,697,699.5,686,689.75,6447,32983
980212,691.5,691.5,681.75,689.75,6206,33239
980213,687.5,691,685,686.5,4549,34048
980217,682,683.5,672.5,675.5,7131,34639
980218,677,679,674,678.75,4052,34675
980219,678.5,683.5,674.5,678.5,5678,35372
980220,678.5,681.5,673,673.5,4796,34879
980223,670,673.5,665.5,670.25,8862,36936
980224,670,672,658,659.5,11285,37259
980225,660,665,660,662.25,6421,38272
980226,663,666.5,656.5,659.75,6637,38564
980227,661,669.5,660,663.75,10144,39360
980302,669,671,661,662.75,5766,39506
980303,662,662.75,658.5,660.75,6732,39810
980304,662.5,664.5,656.5,658,12074,41780
980305,658,662,657.5,659.25,5198,41234
980306,660,668.5,655.5,667.75,7045,41976
980309,677,677,669.5,670,4344,41826
980310,669.5,675,669.5,674.25,4330,41336
980311,676,684,674.5,677.25,10075,42086
980312,674,674.5,668.5,670.75,10227,41541
980313,668,668,657.5,658,12335,41037
980316,658.5,659.5,652.5,656.5,8207,42273
980317,659.5,662,658,659,10119,43747
980318,662,667,659,659.5,9622,43767
980319,655,657.25,654,654.5,6830,43904
980320,653.5,655.5,648,648.5,8226,43863
980323,653,654.75,649.5,654.5,6400,44157
980324,654,654.5,649.5,654,5412,44293
980325,655.5,658,653,653.5,7237,44653
980326,657,659,653.5,655,6077,44462
980327,654.5,655,647,648.25,7316,44215
980330,650,652.5,649.5,651.75,5197,44943
980331,651,651,643,647,9834,45575
980401,646.5,648,642,644.5,10300,45197
980402,645.5,648.5,642,646,13538,46405
980403,644.5,645,638,638.25,12521,48255
980406,636.5,637.5,630.5,632.75,0,0
980407,635.5,636.5,629.5,630,17688,50064
980408,631,634,630,633.25,9326,49822
980409,638,639,631.5,634,16033,50512
980413,638,638.5,628,628.25,11325,50746
980414,631,634,630.5,631.75,21520,54316
980415,634,643.5,634,641,30087,56245
980416,637,645,634.5,641.5,31897,59327
980417,642,645,639,642.5,18193,60655
980420,640.5,642,636.5,641.75,23233,63486
980421,640,653,638.5,650.5,40159,63868
980422,646.5,649,638.5,639.5,36152,65465
980423,641,645,639,643.5,25298,66456
980424,646,654,645.5,647,32967,68543
980427,639.5,649.5,637.5,648,27264,69246
980428,647,649,639,643,37668,71885
980429,648,649,642,643,33387,72611
980430,643.5,647.5,637,638.5,39096,72617
980501,638.5,643,636.5,641.75,28906,72207
980504,645.5,647.5,638.5,642.5,29011,73061
980505,643,648.75,642.25,648.25,33468,73835
980506,649.5,657,647,656,41178,73069
980507,654.5,659.75,652.5,659,44020,72466
980508,656,657,651,652.25,26066,71202
980511,642.5,647,640,644.5,34219,69689
980512,641.5,645.5,641,644,29725,68267
980513,646,650,644.75,648,28886,67822
980514,647,650.5,644.5,645.5,21500,67059
980515,643,644.5,640.5,641.25,24979,65097
980518,638,648.5,638,644,29766,68106
980519,640.5,642,631.5,632,43131,64453
980520,632,635,630,634.5,27098,64546
980521,635,638,630,630.25,22497,63735
980522,630,636,629,635.25,18978,62704
980526,628,629.75,623,623.5,27351,62586
980527,625,625.5,614.25,617.25,40976,61596
980528,618,623,617.5,618.75,30507,59701
980529,619,628.5,617.5,618.5,36553,57327
980601,614.5,620,611,619.25,31273,56563
980602,619.5,622.5,617.25,621.5,24581,56011
980603,622,623.5,615.75,619,30309,55388
980604,619,619.5,615,618.75,23728,55527
980605,619.5,620,613,616.25,24081,57100
980608,612,612.5,608,611.25,23627,55930
980609,610.75,612.75,606.5,609,26290,55451
980610,610,615,608,613.5,22500,54941
980611,612,614.5,608.25,608.75,20590,54463
980612,608.5,614.75,607,613.75,21504,54057
980615,610,612,607.25,608.75,20464,52451
980616,610,620,609.5,617,30460,49063
980617,618,635,617.5,625.5,30464,46445
980618,624.5,632,623.5,631,20786,43741
980619,643,653,641,652,31370,42870
980622,641,649,640,648.25,13357,35980
980623,655,668,651.5,664,24082,30336
980624,660,672,655.5,670.5,18134,26623
980625,665,672.5,658,659,14978,22950
980626,664,664.5,650.5,651.5,17477,18849
980629,637,637.5,617.5,618.75,16201,16702
980630,635,643.5,626,640,13178,15326
980701,637,640,632.5,639.5,6881,13590
980702,641,645,637.5,639.25,7500,10388
980706,636,640,632.5,639.75,6972,7960
980707,648,658,645,655.5,6035,6198
980708,670,673,658.5,662.25,3244,4999
980709,657,663,653.5,658.5,2284,4177
980710,652,656,651,652.5,2342,3518
980713,659.5,660,650,658.75,2089,2821
980714,651,663,650.5,656.25,1400,2235
980715,657,657.5,640,641.25,1805,1449
980716,649,656.5,648.5,652.75,727,1256
980717,663,671,661,667.5,566,883
980720,655,655.5,649,654.25,822,546
980721,654.25,654.25,644,644.25,669,191
980722,638.5,640,620,621,259,34
