970723,629,629,629,629,5,5
970724,628,628,628,628,0,5
970725,626,626,626,626,0,5
970728,645,645,643.5,643.5,5,15
970729,656,656,655.5,655.5,10,5
970730,655.5,655.5,655.5,655.5,0,5
970731,655.5,655.5,655.5,655.5,0,5
970801,674.5,676,674.5,674.5,105,110
970804,673,673,668,668,5,110
970805,669.5,669.5,658,658,5,115
970806,665,665,665,665,5,110
970807,650,650,650,650,0,110
970808,656,656,656,656,0,110
970811,631.5,631.5,631.5,631.5,0,110
970812,631.5,631.5,631.5,631.5,0,110
970813,633,637,633,637,20,125
970814,633,633,633,633,15,130
970815,636.5,636.5,636.5,636.5,0,130
970818,636.5,636.5,636.5,636.5,0,130
970819,642.5,642.5,642.5,642.5,0,130
970820,634.5,634.5,634.5,634.5,0,130
970821,643,643,643,643,0,130
970822,643,643,643,643,0,130
970825,637.5,637.5,637.5,637.5,0,130
970826,632.5,632.5,632.5,632.5,0,130
970827,643,643,643,643,0,130
970828,643,643,643,643,0,130
970829,645,645,645,645,0,130
970902,651,651,651,651,50,155
970903,656,656,656,656,0,155
970904,664,664,664,664,5,155
970905,652.5,652.5,652.5,652.5,0,155
970908,652.5,652.5,652.5,652.5,0,155
970909,652.5,652.5,652.5,652.5,0,155
970910,656,656,656,656,20,165
970911,655,659,655,659,15,175
970912,648,648,648,648,0,175
970915,647,649,647,649,15,180
970916,659,659,659,659,0,180
970917,655.5,655.5,655.5,655.5,0,180
970918,655,655,648,648,5,185
970919,656,656,656,656,5,190
970922,653,653,653,653,150,325
970923,652,652,652,652,0,325
970924,656.5,660,656.5,659,1040,875
970925,656.75,656.75,656.75,656.75,0,875
970926,656.75,656.75,654,654.5,25,895
970929,650,652,649,651,30,920
970930,650,650,646,646,985,1700
971001,648,648,642.5,642.5,95,1755
971002,646,648,646,647.5,55,1805
971003,649,659,647.5,657,95,1850
971006,657,670,657,669.5,100,1905
971007,670,684.5,669,682,150,2015
971008,682,687,678,684,165,2090
971009,687.75,690,687.75,690,110,2120
971010,706,720,703,717,145,2225
971013,717,740,717,735.5,140,2305
971014,730,731,724.5,725,220,2345
971015,725,734,723.5,723.5,85,2335
971016,728,728,719,719,90,2380
971017,727,727,710,710,30,2375
971020,713,722,709,711,45,2385
971021,712,717,708,716.5,50,2390
971022,728,728,722,723,100,2440
971023,718,718,715,715,385,2430
971024,720,722,719,720,85,2410
971027,726,726,718,719,65,2450
971028,719,719,713.5,715,65,2455
971029,720,720,710,710,60,2505
971030,706,706,703,705.5,1095,3040
971031,706,709,706,708,250,3100
971103,714,732,714,730,220,3190
971104,733,736,729.5,730,185,3075
971105,729,733,729,730,140,3160
971106,729,732,725,732,1780,4040
971107,733,745,733,745,210,4090
971110,738,738.5,724.5,726,920,4505
971111,726,743.5,726,738,1585,5100
971112,732,736,732,732.25,665,5150
971113,736,741,734,734,850,5570
971114,737.5,737.5,726,727,1490,6570
971117,727,728,720,728,245,6620
971118,726,726.5,724.5,725,665,7260
971119,723,723,718.5,720,315,7245
971120,722,722,713,713.75,1000,7700
971121,718,718,714,714,1510,8165
971124,716,717.5,714,717.25,555,8140
971125,717.5,719,715.25,717,570,8680
971126,725,727,724,724.75,1180,8635
971128,728.5,730,720.5,720.5,190,8570
971201,721,725,720,720.25,45,8615
971202,722,723,710,711,205,8690
971203,712,712,706.5,711.5,825,8970
971204,711,711,700,700.5,1590,10300
971205,701,709,701,708,2810,11720
971208,713,716,712,716,1710,12635
971209,712.5,715,712,712.75,1210,12835
971210,713,716,712.5,715,1180,13560
971211,710,710,702,703.75,3830,14415
971212,704.5,704.5,693,693.25,1440,15160
971215,693,693.5,690,692,1855,16160
971216,697,698,693,693,1490,17135
971217,696.5,702,696.5,701,2685,18765
971218,704,704,689,689,3370,19735
971219,688,693,686,692.5,2920,20450
971222,689,691,687,688.75,745,20640
971223,687,689,686,687.5,795,20945
971224,690,697.5,690,694.5,255,21040
971226,697,698.5,696,697,230,21125
971229,700.5,700.5,691.5,691.75,1010,21085
971230,694.5,696,694.5,694.5,225,21030
971231,693.5,694,687,688,265,21020
980102,686.5,686.5,676.5,677,785,20985
980105,682,684,681,683.5,365,20905
980106,683.5,686.5,679,679.25,850,20995
980107,680.5,685,679.75,684,3340,22195
980108,684.5,684.5,669,669.5,1925,22880
980109,673,674.5,671,672,244,4676
980112,670,673.5,667,671.5,267,4793
980113,689,689.5,679,679.75,278,4735
980114,681.5,682.5,669,670.75,329,4867
980115,667.5,675.5,667.5,672.5,222,4880
980116,674,679,669,669,354,4701
980120,671,683.5,671,679.5,205,4752
980121,678,679,673,674,301,4861
980122,674,680.5,674,679,271,4954
980123,682.5,684.5,673,674,132,4952
980126,678,680.5,677,679.5,305,5120
980127,680,693,680,683,247,5252
980128,687.5,689,685.5,685.5,197,5255
980129,684,687,681,684.5,98,5303
980130,683,685,677,677,119,5308
980202,679,682.5,676,680.75,74,5311
980203,683.5,689,683,688.5,171,5319
980204,688,691,685.5,685.75,65,5316
980205,685.5,697.5,684.5,693.5,215,5360
980206,694,695.5,693.5,694.5,153,5386
980209,698,701,696.5,699,130,5412
980210,700,702,698.5,701.5,413,5539
980211,697,697,687,688.75,87,5549
980212,692,692,683,689,302,5514
980213,688,690,685,685.25,265,5704
980217,681,682.5,673,674,290,5660
980218,677,678.5,676,678,301,5823
980219,678,682.5,676,677.5,982,5922
980220,680.5,681,673,673.5,240,6006
980223,669.5,673,666,669.5,333,5954
980224,669,669.5,658.5,658.75,536,5806
980225,662,664.5,660,661,624,5885
980226,662.5,666,657.5,659.75,572,6125
980227,660.5,667.5,660.5,664.25,205,6215
980302,668.5,671,662.5,663,375,6339
980303,662,663.25,660,661,479,6554
980304,663.5,663.5,658,658.25,687,6757
980305,659.75,662.5,658.5,659.5,378,6887
980306,660.5,667,658,667,1125,7210
980309,674,674,670,670,201,7274
980310,670,675,669.5,674.25,355,7303
980311,676.5,683,675,676.25,795,7376
980312,674.5,674.5,668.5,669.5,564,7502
980313,666.5,666.5,655.5,656.25,1126,7406
980316,657,657,651.5,654.25,850,7596
980317,657.5,661,657.5,658,1089,7999
980318,661,666,658,658.5,1902,8391
980319,655.5,657,654,654.25,1208,8606
980320,654,655.5,649,649.25,1659,8984
980323,652,655.5,650.5,654.75,617,8977
980324,653,655,650.75,654.75,643,9140
980325,656,658,653.5,653.75,1025,9389
980326,658,659,654,654.25,433,9412
980327,655,655,647.5,648,796,9549
980330,650.5,652,650,651,591,9623
980331,651,651,643.5,647,1195,9667
980401,647,647,640.5,642.75,1502,9668
980402,644.5,646.5,639.5,644.25,1109,9785
980403,642.5,642.5,636.5,636.75,630,9735
980406,636.5,636.5,630.75,631.75,1534,9867
980407,634,635,629.5,630,2109,10180
980408,631,634,630.5,633.5,1664,10392
980409,638.5,638.5,632.5,633,1857,11065
980413,636.5,637,627.5,627.75,780,11269
980414,631,633.75,630.5,632,1213,11599
980415,634,643,634,641.25,1254,11777
980416,638,644.5,635.5,642,1488,11751
980417,642,645,640,642.5,1040,11925
980420,640,641.5,637.5,641.25,3631,12451
980421,640,652,638.5,649.75,1258,12757
980422,646,648.75,639,639.75,2653,13367
980423,641.5,645,639.5,643.25,941,13394
980424,646.5,654,645.5,646,1641,13263
980427,639,648,637,647.5,1282,13280
980428,647,648.5,639.5,642.75,1459,13397
980429,647.5,648,642,642.5,1243,13737
980430,643.5,646.25,636,636.25,1939,13729
980501,636.5,640,634.5,639,1616,13839
980504,644,645,636.5,639.75,1364,14095
980505,640,646.5,640,646,1182,14268
980506,647,654,645.25,653.5,2065,14146
980507,653.5,659,651.75,657.5,2089,14769
980508,655,655.75,651,651.5,948,14958
980511,643,645.5,639,643.25,1539,15394
980512,640,643,639,640.5,2526,15545
980513,643.5,648,642.5,645.75,2156,15674
980514,644,647.5,642,642.5,1272,15322
980515,639.5,642.5,639,639.25,2768,16043
980518,637,645.5,636.5,642,2573,16548
980519,638.5,639.5,628.5,628.75,2814,16881
980520,629.5,631.75,627.5,631.25,4791,16773
980521,632.5,635,625.5,626,2596,17009
980522,625.5,632,624.5,631.25,3447,17486
980526,624.5,625,618.5,619,2936,17776
980527,620,621,607,610.25,6012,17672
980528,611.5,615.75,611,611.25,5178,18608
980529,610.5,619,609,610.25,5468,19519
980601,606,610,603,609.5,3597,19275
980602,610,613.5,609,613,3686,20049
980603,613.5,615.5,607,609.5,5963,21130
980604,609,609,605,608.75,5174,21831
980605,609,609,603,605.25,3601,22550
980608,600,601,596,599.25,2656,23001
980609,598.5,600.75,594,597.25,5299,23266
980610,599,602.5,596.25,601.25,4279,23983
980611,600,603,597,597.25,4982,24622
980612,597,604,596.5,603,2644,24993
980615,598.5,600,595,597.25,4625,24832
980616,599.5,608,599,605.75,5668,25710
980617,609,622,607,614.75,7045,26483
980618,613,620,612,618.75,5532,27800
980619,629,644,629,640.5,11204,28367
980622,630,639,630,638.5,6375,28506
980623,645,661,643,656,13561,29185
980624,651,668,650,666.5,12170,30616
980625,661,667.5,653,654,12755,29962
980626,658,658,644,644.75,10067,30228
980629,630,631,614.75,614.75,13990,32782
980630,625,634.5,616,632,14061,32951
980701,624,630,623,629.25,11489,32601
980702,627.5,633,626,626.75,10265,31999
980706,623,626,618.75,625.75,10282,31863
980707,637,645,635,641.75,13960,32230
980708,659,662,644.5,647,14892,32902
980709,643,648,638.5,641.5,11179,32848
980710,635,637,632,634.25,10397,31694
980713,640,641,630,637.75,11963,31057
980714,632,640,630.5,631.5,13727,30511
980715,631,632,612.5,620.5,20311,28638
980716,624,636,624,629.75,13207,27923
980717,643,649.5,634,642.25,17105,27627
980720,628,630,622,625.75,9274,26249
980721,624,625,616,618.75,16098,25185
980722,610,612,604,610.75,13251,25298
980723,611.5,612,606,606.75,10592,24160
980724,607,607.5,598.75,599.5,10580,21244
980727,599,601.5,596,597.75,11080,19682
980728,596.5,596.5,591.5,595.75,11728,17403
980729,597,600,589,592.75,15096,15038
980730,591,599,588.5,596.25,16713,11755
980731,595,598,582,583,9652,10493
980803,577,578.5,571,573.25,6855,9466
980804,570,574.5,564,564.5,6751,8562
980805,563,563.5,555,555.5,5137,6874
980806,550,552,543,549.5,5756,5010
980807,550.5,551.5,538.5,538.75,4637,3474
980810,537,551.5,534,550.25,2403,2942
980811,549,567,549,565,2593,2279
980812,561.5,566,558,559.5,1361,2148
980813,563,564.5,558,558.5,1055,1815
980814,562,570,558,560.5,1161,1436
980817,565,567,560.5,565.5,949,1141
980818,567,569.5,559.75,568.25,923,786
980819,571,587,571,581.5,707,350
980820,581.5,591,574,576.75,429,77
