960816,686,689,686,686.5,10,10
960819,686.5,686.5,686.5,686.5,0,10
960820,686.5,686.5,686.5,686.5,0,10
960821,686.5,686.5,686.5,686.5,0,10
960822,686.5,686.5,686.5,686.5,0,0
960823,686.5,686.5,686.5,686.5,0,10
960826,690,690,685,687.5,20,25
960827,682,682,682,682,0,25
960828,687,687,687,687,15,40
960829,682,682,682,682,10,50
960830,685,685,685,685,0,50
960903,686,688,686,688,5,50
960904,688,688,688,688,0,50
960905,686,686,686,686,15,65
960906,682,682,682,682,0,65
960909,692.5,692.5,692.5,692.5,0,65
960910,695,695,695,695,35,90
960911,698,698,698,698,5,90
960912,700,702,700,702,25,95
960913,700,700,700,700,15,100
960916,700,700,700,700,0,100
960917,700,700,700,700,0,100
960918,700,700,700,700,0,100
960919,695,695,695,695,5,100
960920,700,700,700,700,35,120
960923,700,700,700,700,20,125
960924,695,698,695,698,15,125
960925,696,698,695,698,25,150
960926,699,699,699,699,0,150
960927,695,695,694,694,25,165
960930,690,690,689,689,5,170
961001,685,688,682,688,65,180
961002,688,688,688,688,0,180
961003,685,685,675,675,80,240
961004,676,676,676,676,15,255
961007,676,679.5,676,679.5,25,270
961008,676,679,676,679,5,275
961009,681,681,680,681,25,270
961010,680,681,680,681,5,275
961011,675,675,671.5,671.5,30,295
961014,670,670,670,670,20,310
961015,672,672,668,670,75,380
961016,669,670,669,670,25,395
961017,660,668,660,668,45,430
961018,667,667,660,662.5,95,520
961021,660,660,660,660,10,530
961022,657.5,657.5,655,655,45,510
961023,661,664,661,664,65,480
961024,666,666,664,664,60,465
961025,658,663,657,663,40,465
961028,664,668,664,668,45,490
961029,660,661,660,661,10,500
961030,660,665.5,660,665.5,0,500
961031,660,660,660,660,15,515
961101,650,650,645,650,75,570
961104,650,650,650,650,0,570
961105,645.5,645.5,645.5,645.5,0,570
961106,645,647,644.5,646,90,570
961107,650,650,647,647,30,580
961108,646,650,646,650,35,560
961111,650,650,648,648,25,580
961112,640,656,640,656,15,565
961113,655,660,655,660,15,580
961114,655,660,655,660,30,610
961115,663,665,663,665,55,565
961118,664.75,664.75,664.75,664.75,0,570
961119,665,665,665,665,15,580
961120,659,668,659,668,70,640
961121,668,668,668,668,0,640
961122,667,667,667,667,0,640
961125,664.5,664.5,664.5,664.5,0,640
961126,659,660,654,657.5,60,630
961127,655,655,655,655,5,625
961129,656.5,656.5,656.5,656.5,0,625
961202,652,652,650,650,25,640
961203,650,650,649,649,5,640
961204,649,649,649,649,0,640
961205,644,652,643,652,10,645
961206,651.5,651.5,651.5,651.5,0,645
961209,648,648,648,648,10,645
961210,646,646,645,645,20,660
961211,646.5,646.5,646.5,646.5,0,660
961212,648.5,648.5,648,648,25,660
961213,655.5,655.5,655.5,655.5,0,660
961216,655,660,653,659,45,655
961217,656,656,656,656,0,655
961218,656,656,656,656,0,655
961219,650,654,649,654,35,670
961220,653,653,653,653,0,670
961223,653,653,653,653,0,670
961224,651,651,649,649,35,670
961226,650,650,648,648,20,660
961227,646,646,646,646,0,660
961230,640,640,636,637,25,660
961231,637,638,634,634,85,675
970102,640,644,640,644,40,700
970103,643.5,643.5,643.5,643.5,5,705
970106,648,648,647,647,40,680
970107,645,645,645,645,0,680
970108,644.5,644.5,644.5,644.5,10,685
970109,637.5,637.5,637.5,637.5,0,685
970110,648,649,647,649,155,670
970113,647,649,647,649,315,740
970114,646,646,643,646,145,830
970115,645.5,647,645,647,40,855
970116,647,647,645,645.25,65,870
970117,645,647,644,646.25,20,865
970120,646,647,646,646.75,60,880
970121,646.5,649,646.5,649,35,905
970122,648,648.5,648,648.25,10,920
970123,648,648.5,648,648.5,65,875
970124,648.5,649,648.5,649,75,900
970127,649,649,649,649,45,915
970128,648,651.5,648,650,150,1065
970129,649,652,649,651.75,50,1105
970130,649,650,649,650,35,1075
970131,648,649.75,648,649,60,1110
970203,647,648,646,648,60,1120
970204,649,653,649,651,25,1125
970205,651,655,651,655,20,1135
970206,655,655,652,652,20,1150
970207,651.5,651.75,651,651,55,1170
970210,651,655,651,655,25,1190
970211,653,659,653,659,25,1205
970212,660,660,660,660,105,1145
970213,658.5,663,658.5,663,55,1180
970214,660,660,660,660,30,1180
970218,660,670,660,668.5,75,1190
970219,668,668.5,668,668,50,1165
970220,668,670,668,670,60,1170
970221,665,671,665,670,45,1180
970224,670,670,669,669,20,1190
970225,667.5,674,667.5,674,50,1205
970226,670,670,670,670,10,1210
970227,669.5,670,669.5,669.5,30,1205
970228,663,670,663,669.5,20,1215
970303,674,674,673,673,95,1290
970304,670,673,670,673,100,1270
970305,672,672,668,672,130,1285
970306,672,673.5,670,673.5,25,1275
970307,673,679.5,673,679,175,1340
970310,675,684,675,684,100,1385
970311,675,680,675,679.5,115,1455
970312,680,681,677,677,115,1450
970313,678,678,672,672.5,50,1440
970314,679,679,679,679,45,1430
970317,680,680,672,672.75,90,1600
970318,671,673,669,673,190,1525
970319,669,673,669,673,85,1525
970320,679,679,675,678.5,30,1530
970321,671,671,671,671,20,1830
970324,670.5,670.5,670.5,670.5,0,1530
970325,669,670.5,667,670,45,1515
970326,670,670,666.25,669,75,1530
970327,673,675,665.5,675,105,1565
970331,670,671,659,662,505,1980
970401,663,664,662,664,90,2005
970402,660,664,660,664,70,2030
970403,660,664,660,664,25,2040
970404,662.5,662.5,660,660,40,2070
970407,662,669,662,669,10,2070
970408,664,667,664,667,20,2080
970409,667,669,666,669,70,2105
970410,670,671,669,670.5,90,2100
970411,673,673,670,670,45,2110
970414,673,673,670,672.5,50,2140
970415,670,670,665,669.5,65,2195
970416,665,665,659,662,20,2190
970417,659,662,659,662,30,2195
970418,657,658.5,656.5,658.5,115,2230
970421,655,662,655,660,135,2230
970422,660,662,660,662,20,2215
970423,664.5,667,662.5,664,120,2235
970424,660,668,660,668,130,2155
970425,668,670,668,670,40,2175
970428,667,667,666,666,15,2165
970429,666,666,662.5,662.5,120,2190
970430,664,664,658,663.5,210,2310
970501,663,663,663,663,80,2385
970502,663.5,667,663.5,667,15,2415
970505,665,667,665,666.5,45,2420
970506,664,666,664,666,15,2425
970507,668,669.5,668,669.25,65,2445
970508,665,669.5,665,669.25,50,2430
970509,669.5,669.5,668,669.25,100,2435
970512,669,669.5,667,669,45,2430
970513,665,668.5,665,668.5,45,2465
970514,667,667,664,666.5,30,2490
970515,668,669,668,669,20,2495
970516,668.5,669,668.5,669,30,2505
970519,665,665,663,663,125,2480
970520,664,664,659,659,80,2465
970521,658.75,660,655,660,80,2495
970522,661,662,659,659,30,2505
970523,659,659,652,652,275,2550
970527,652,652,645,645,215,2495
970528,647,647,640,647,195,2500
970529,648,654,645,652.75,160,2440
970530,656,656,655,655,280,2435
970602,655,656,653,653,75,2475
970603,654,656,654,656,65,2415
970604,652,655,650,655,30,2435
970605,655,655,650,653.5,60,2440
970606,656,656,655,655.25,40,2445
970609,651,653,650,653,55,2485
970610,652,652,642,646,280,2530
970611,646,648,643.25,648,135,2505
970612,648,649,648,648,50,2495
970613,650,654,649.5,651.75,135,2515
970616,640,644,640,644,195,2530
970617,645.75,649,645.75,649,40,2530
970618,651,651,645,648,75,2555
970619,644,646,639,641.75,210,2460
970620,639,639,633,635,195,2515
970623,635,636,634.5,634.75,880,2740
970624,637,639,637,639,180,2690
970625,636,638.5,636,637.75,70,2705
970626,636,642,635,637,340,2860
970627,637,638,635,635,320,2910
970630,635,635,626,626,1505,3835
970701,626,628,606,611,1495,4100
970702,611,613,609,609,735,4315
970703,611,611,605,609,330,4395
970707,605,608,597,602.75,1000,4695
970708,610,612,609,610.5,345,4590
970709,610.5,621,610,621,280,4530
970710,606,615,606,612,230,4600
970711,609,615,607,612,285,4705
970714,621,628,621,624.5,475,4620
970715,623,628.5,621.5,628,320,4675
970716,625,625,620.5,620.75,275,4640
970717,621,621,610,611,405,4575
970718,620,623.5,617,618,645,4225
970721,606,610,602,609.5,545,4415
970722,610,611,609,611,130,4385
970723,614,616,612,615.75,205,4395
970724,612,614,611,614,40,4445
970725,612,615,612,614,110,4440
970728,630,630,619,621,605,4435
970729,626,634,626,629.5,1060,4575
970730,632,637.25,630,630,695,4725
970731,631,636,630,636,445,4590
970801,634.5,638,634,637,590,4225
970804,643,643,635,635,530,4235
970805,635,640,635,636,725,4345
970806,637,642,637,641,395,4230
970807,638,638,629,629,570,4270
970808,629,630,627,630,250,4245
970811,625,627,620.5,620.75,1325,4820
970812,625,626,623,623.5,255,4925
970813,623.5,625,619.5,622,490,5100
970814,621.5,624,619,619,615,5420
970815,618,622.5,618,620,155,5375
970818,616,622,616,622,725,5780
970819,623,635,623,635,1475,6565
970820,634,634,627.75,627.75,2380,7440
970821,638,639,633,638,1740,8385
970822,634.25,637,632,632,915,8745
970825,627,629,626,629,180,8780
970826,627,628,622,624.25,330,8830
970827,625.5,634.5,625.5,633.5,2055,9160
970828,633,635,627,631,670,9145
970829,635,638,632,635,255,9250
970902,639,640,635,639.5,230,9255
970903,640,645,639.5,643,745,9350
970904,640,644,640,642.5,385,9295
970905,645,647,636,638,1035,9545
970908,635,637,630,637,4370,11515
970909,639.75,642.5,636.5,639.25,2970,12730
970910,640,641,635,635.5,890,13215
970911,636,639,635.5,639,495,13085
970912,641,642,629,629.5,1165,13445
970915,628.5,633.5,627.5,633.5,880,13990
970916,639,643.5,639,642.75,1795,13270
970917,640,643,637,639.5,4855,14850
970918,642,643.5,632.5,633,955,15260
970919,634,638.5,633,638.25,485,15395
970922,633.5,635.5,632,635.5,830,15770
970923,635,637,632,635.5,585,15875
970924,635.5,642.5,635.5,642.5,3655,17175
970925,644,644,637,639,730,16895
970926,639,639,635,638,860,17330
970929,634,636,631,635,925,17020
970930,633,634,630.25,632,3480,18915
971001,632,632,625.5,626,2685,20015
971002,627,632,627,630.5,1100,20380
971003,631,646,631,643.5,1510,20975
971006,643.5,649,643,647.25,1385,21160
971007,649,666,648,660.5,5790,22815
971008,659,664,658,663.5,2705,23270
971009,661,671,660,670.5,3365,24450
971010,679,692.5,678,690.5,10295,28080
971013,688,717,688,708.5,6435,29600
971014,700,705,698.5,702,6555,30880
971015,702,706,697.5,699,3370,32035
971016,701,702,694.5,694.75,1775,31715
971017,694,695,686.25,686.25,4560,29715
971020,684.5,700,683,688,2435,30495
971021,688,695.5,685,693,1410,31060
971022,697,701,697,699,2095,31415
971023,692,697,692,693,1365,31830
971024,696,698.5,691,696,630,31840
971027,698,699.5,692.5,694.25,1530,32185
971028,693,694,689,689.5,835,32515
971029,691,694,686,686.5,1810,33230
971030,682,686,679.5,683,3030,32805
971031,683,688.5,682.5,688.25,4065,32025
971103,692,708,691.5,707.75,6305,31260
971104,705.5,709.5,703,703,3075,31380
971105,702.5,705,696.5,703.5,2560,32205
971106,704,704,699.5,701,7800,32590
971107,701,710,699.5,709.5,4960,33945
971110,706,706.5,694.25,696.5,3325,34650
971111,697.5,707,696,702.75,6065,36005
971112,700,700.5,696.5,698.5,3530,36435
971113,700,707,699,701.25,3095,37245
971114,702,702.5,694,695,4555,37350
971117,694,696.5,689.5,695.5,4055,38740
971118,694,695,691,691.5,1510,39295
971119,690,691,687.5,688.5,1620,40035
971120,688,693,679.5,679.75,2040,40330
971121,681,685,679,680.25,2215,40395
971124,682.5,686,681,685.75,3895,40535
971125,686,686,681,684.25,1560,41365
971126,685,693,685,691.75,7910,41335
971128,692,695,688,688.5,2575,41550
971201,689,691,684.5,687.5,1485,42190
971202,688.5,689.5,677.75,678,1865,42320
971203,679,681,676.5,681,6110,44065
971204,681,682,671.25,672,4205,43985
971205,673,679,672,679,5295,45825
971208,684,686.5,681,686,2505,45970
971209,684,684.5,678,683.5,2210,46005
971210,684,685.5,681,685.25,4005,46565
971211,679,679,674,677,10970,49505
971212,677,677,665.5,666.75,8110,49870
971215,666,667,663,666.75,6740,49895
971216,670,672,667,667,2310,49700
971217,671,676,669.5,675.5,2475,50020
971218,677.5,678,668,668.75,5315,51010
971219,668,670,664,669.5,4130,52045
971222,668.5,670,666.5,669.5,1315,52100
971223,667,669.5,666,669.25,2745,51965
971224,671,677,669.5,674.75,1955,52395
971226,675.5,676,673,674,3405,52800
971229,676,676.5,667.5,669,3150,51850
971230,670,672,669.5,671.5,1770,50855
971231,671.5,672,665.5,666,2935,51300
980102,667,668,657,658.25,6340,53555
980105,660.5,663.5,659.5,662.75,3445,53325
980106,662,665.5,661,662.25,4620,54215
980107,662,668,661,667,4910,54940
980108,665,665,652,653.75,10790,53715
980109,655,657.5,652.5,654.5,1946,11029
980112,650,654,647.5,652.5,1086,11113
980113,661,669,658,660.5,2100,11199
980114,660.5,662.5,653,655.5,1319,11453
980115,652,657.5,650.5,657.25,983,11700
980116,657.5,661.5,652,653.75,920,12020
980120,655.5,663.5,653.5,658.25,2132,12289
980121,655,657,651,651.75,2102,12409
980122,652,659,651.5,657,1553,12686
980123,658.5,662,655,655.75,1315,13092
980126,657,661,655,659.5,1180,12800
980127,660,672,659.5,666.75,2609,13328
980128,666,674.5,665.5,669.75,2287,13239
980129,668,670.5,664.25,667.25,1036,13130
980130,666,667.5,660,661,1650,13271
980202,661,667,658,666.75,1565,13221
980203,665.5,671.5,665,671.25,1407,13467
980204,670,675,668,670.25,1741,13897
980205,670,679.5,667,675.75,2677,13932
980206,675,680.5,674.5,677.75,2068,14508
980209,679,684.5,679,682.5,3812,14782
980210,682,684,680.5,683.75,1706,14558
980211,680,681,669,672.5,2798,14640
980212,673,674,663.5,671.75,2002,14359
980213,671,672,666.5,667.5,2126,15003
980217,664,664.5,655.5,657.5,3321,15837
980218,658.5,661.5,657,660.25,2483,16114
980219,661,664.75,657.5,661.5,1469,16241
980220,662,665,657.5,659,1575,16283
980223,655,656,650,654.25,2600,16733
980224,653,654.75,644.5,644.75,3028,16779
980225,646,649.5,645,648,2303,16984
980226,648,649,641,643.25,2390,17484
980227,644.5,649,644,648,1847,17723
980302,652,654,647.5,648.25,1800,17877
980303,648.5,649,644,648.25,1938,18193
980304,649.5,650.5,641.5,644,3724,18355
980305,644.5,648,644,644.75,1570,18498
980306,645,652,641.5,651.5,2708,19149
980309,657,657,651,652.75,2921,19587
980310,651.5,657,651.5,656,2793,20471
980311,657,662,655,656.25,5346,21918
980312,652,653.5,646,646.75,8105,23548
980313,642,644.5,634.5,635,11095,26422
980316,635.5,639,632,635,5164,27305
980317,637,641.5,636,639.25,5307,28600
980318,639.5,646.75,639.5,640.5,4100,29068
980319,637,638.5,636,637,2781,28979
980320,636,638.5,631,631.5,3545,29325
980323,634,636,632,635.5,3000,29748
980324,636,636,631.5,635.25,2275,30078
980325,635.5,638.5,634.25,634.75,2995,30257
980326,635,636.5,631.5,632,3284,30394
980327,631.5,632,626.5,627.75,6177,29917
980330,628,633,628,632.25,3900,30400
980331,630,630,623,625,6905,30914
980401,625.5,625.5,618.5,620.25,5351,31671
980402,621,623,614.5,619.75,13616,32575
980403,617.5,619,615.25,615.75,6297,33393
980406,615.5,615.5,610,612,5218,34102
980407,614.5,615.75,612,612.25,6935,34948
980408,613,615,612,614.75,4032,35087
980409,620,620,610,610.75,9785,35067
980413,613,615,606.25,606.5,4514,35523
980414,609,610.5,607.5,607.75,3426,36063
980415,608.5,618,608.5,616.5,6562,35525
980416,613,620,612,617.75,5891,35802
980417,618,622,616.5,619,4248,36263
980420,617,618,613,617.5,4956,35570
980421,614.5,628.5,614,625.75,9351,37825
980422,621.5,626.5,616,617.25,10027,38768
980423,619,625,618.5,624.25,6659,39880
980424,628,633,625.5,626,9609,40295
980427,618,627.5,617.5,626.75,7998,40686
980428,626.5,628.5,619.5,625,7930,41315
980429,627,629,625,625.75,7049,42150
980430,625.5,627.5,616,617,10668,43202
980501,616.5,619,613.5,617,10724,43779
980504,622.5,623.5,615,619.25,9492,44660
980505,619.5,626.5,619,626,10030,45442
980506,627,635,626,634.25,11791,44721
980507,634,639,631.5,638,11930,45383
980508,633.5,635,630.5,631,7560,45323
980511,623,624,619.5,621.5,10184,45892
980512,618,622.5,617,619,11811,46430
980513,623,628,620.25,624.75,11474,47362
980514,623,629,622.25,624.5,8970,47621
980515,622,624.75,621,621.5,7561,48326
980518,621,629,620.5,622.75,9358,47715
980519,619,620,613.5,614,11094,48653
980520,615,616,611.5,615.75,7671,48717
980521,618,619.5,608,608.75,8960,48628
980522,608.5,613.5,607,613,7720,49715
980526,605,605.5,599,599.75,13303,51626
980527,600.5,600.5,585.5,589.75,32834,48084
980528,591.5,594.75,588.5,589,15000,48635
980529,588,597,587,589.75,14709,47330
980601,584,586.75,580.5,586,12883,48282
980602,587.5,592,586.5,591.75,8534,48180
980603,592,594,585,587,13906,49391
980604,584.5,587,581,586.75,12960,49340
980605,586.5,586.5,580,582.25,12017,49901
980608,574,577.5,572.5,576,13533,51283
980609,575,576.75,570,574.5,15942,52536
980610,576,580,572.5,578.5,13213,53179
980611,578,583,577.5,579,12851,54292
980612,578,588.5,577.5,587.5,13957,55121
980615,580.5,582,577,578,13979,56032
980616,580,589.5,580,587.25,16890,55954
980617,590,605,589,598.75,43512,58038
980618,598,602.5,593.5,599,31157,60354
980619,612,625,612,622.25,49672,61651
980622,614,623.5,612,622.75,30548,63196
980623,630,645,628.5,640.75,69968,67047
980624,634,657,634,654.5,52882,67619
980625,648,655.5,641,642,50187,70891
980626,647,649,635,636,41048,70347
980629,620,621,606,606,40721,71597
980630,611,619,601,616.75,44756,71680
980701,608,609.5,600,607.5,35097,69811
980702,602,609,601,602,30669,65719
980706,593,598.5,586.5,594.25,40569,65040
980707,606,619.5,605,614,42823,65992
980708,630,637,615.5,618.5,46285,66542
980709,614,615,607.5,608.5,30425,66415
980710,599,600,594,597,32273,66548
980713,603.5,605.5,587.5,596.5,43865,67537
980714,588,590,580,581,40383,64824
980715,580,582,571.5,578,43490,67163
980716,582.5,590,580,582.25,37655,67906
980717,597.25,609.5,592,604,52724,70403
980720,585,588,577,582.25,36504,68374
980721,581,582,571,575.75,41038,67804
980722,566,573.5,564,571.25,39055,68582
980723,572,573,567.5,569.75,21744,69434
980724,571,572,564,564.5,20855,70281
980727,563.5,569.5,563.5,565.5,23207,71801
980728,566,568,561,567.25,26163,73893
980729,571,573,564.25,568.25,31713,76005
980730,566,574,565.5,571.5,30768,78351
980731,569,570,560,560.75,35746,79428
980803,555,555.5,549,552,32409,79185
980804,550,555,547,547.75,29753,78730
980805,548,548.5,538.5,541.25,32585,80474
980806,538,540,533.5,539,34784,79511
980807,544.5,544.5,534,534.75,30534,80451
980810,536,540.5,533,539.5,24623,80666
980811,535,541.5,531.5,540.25,25591,81836
980812,535,536.5,528,532.5,36544,83723
980813,535,536,528.5,530,25101,84440
980814,532.5,536,531,534.25,27601,84024
980817,543,544,538.25,540.5,26614,85271
980818,538.5,539.5,534,538.5,25618,86045
980819,541.5,543.5,538.25,543,23435,85997
980820,541,542.5,536.5,537.5,24081,85916
980821,532.5,533.5,525.5,526,29924,88427
980824,528,529,524,528.75,22713,87206
980825,531,532,526.75,531.25,25839,88335
980826,528.5,531,523,523.5,31265,88739
980827,521,522,514.5,520.25,38988,89112
980828,520.5,520.5,512.5,513,29765,88664
980831,515,516.75,510.5,511.5,26208,88969
980901,509,519.5,508.5,518,38018,88912
980902,518,524.75,517,521,32367,88438
980903,516.5,523,515.75,521,29423,88238
980904,519.5,523.5,518,518.5,25243,88126
980908,524,527,520.5,522.25,20662,89165
980909,524,524,516.5,517,26259,89853
980910,517.5,525,516.5,522.5,29613,89634
980911,514,530,512.5,529,52376,91050
980914,527,535,524.25,531.25,34225,91157
980915,532.5,535,528,534.25,34842,90956
980916,536,536.5,525.5,526,46163,91962
980917,525,526.5,522,523.25,27934,91950
980918,524.5,525.5,521.5,522.75,26378,92991
980921,519.5,527.75,519,524,27532,92741
980922,525,531,523.5,529.75,25661,92576
980923,531.5,533,526,526.25,29519,91852
980924,530,533,528.75,531,32668,92635
980925,531,535.5,527,528,31323,92682
980928,526,533,525,532.25,30162,92494
980929,532,533,526,527.25,28636,91649
980930,526.5,527,520,520.75,34832,94158
981001,520,522,515,515.25,40784,95323
981002,518,519,515,515.75,32152,93392
981005,520,531,520,521,40190,91922
981006,521.5,524.5,520,522.75,24612,91136
981007,531.5,536,527,533.5,44642,89455
981008,532.5,542,531.5,540.5,45182,86846
981009,570.5,570.5,562,564,73972,82751
981012,562,562.5,556.25,557,32292,80065
981013,559.5,568.5,556.5,563.5,62181,75540
981014,561.5,566,555.5,556.25,36012,73045
981015,558.5,558.5,549.25,556,44312,69929
981016,561,562.5,554.5,557.5,37006,67751
981019,556,557,551,551.5,29024,66388
981020,552,553.5,547.75,551,36275,63970
981021,551,554.5,549.25,550.5,29519,61047
981022,550,556,547,555.5,31076,58270
981023,554.5,555.75,548,548.5,29926,52288
981026,546,551.5,545.25,548.5,33725,46019
981027,548,550.5,546.5,548,32959,42226
981028,547.5,555.5,547,552.5,43221,36914
981029,554.5,558.5,551.5,551.75,34111,27061
981030,552.5,559,552,558.5,17674,23185
981102,560,560.5,551.5,553.25,11298,19954
981103,553,553.75,550,550.75,6170,18671
981104,550,555.5,549,554.25,6635,17860
981105,555,562.5,555,559.5,6153,16108
981106,560,565,558,564.25,6361,13520
981109,563.5,567.5,561.75,567.25,4986,12290
981110,574,575.5,567.5,573.5,5227,9898
981111,575,580,572.5,579.75,4241,8260
981112,578.5,581,578,580.75,3016,6456
981113,577.5,578.5,570.5,571,4459,4837
981116,570,572.5,568.25,569.75,3488,3640
981117,567.5,573.75,566.5,572.75,4516,2274
981118,575.75,579,575,579,1855,584
