"Date","Open","High","Low","Close","Volume","OpenInt"
10/29/1999,245.00,245.00,245.00,245.00,1,1
11/01/1999,245.00,245.00,245.00,245.00,0,1
11/02/1999,245.00,245.00,245.00,245.00,0,1
11/03/1999,245.00,245.50,245.00,245.50,5,6
11/04/1999,245.50,245.50,245.50,245.50,1,6
11/05/1999,245.00,245.00,245.00,245.00,2,8
11/08/1999,245.00,245.75,245.00,245.75,2,10
11/09/1999,246.00,246.50,246.00,246.00,12,19
11/10/1999,242.25,242.25,242.25,242.25,0,11
11/11/1999,243.75,243.75,241.75,241.75,10,21
11/12/1999,240.50,240.50,240.50,240.50,1,22
11/15/1999,241.50,241.50,241.50,241.50,0,22
11/16/1999,244.00,244.00,242.50,242.50,2,22
11/17/1999,243.00,243.00,241.50,241.50,4,21
11/18/1999,241.50,241.50,240.75,241.00,5,24
11/19/1999,240.50,240.75,240.50,240.75,12,36
11/22/1999,241.00,243.00,241.00,243.00,15,51
11/23/1999,241.75,244.00,241.75,243.25,80,102
11/24/1999,243.50,243.50,243.00,243.00,8,106
11/26/1999,243.00,243.00,242.00,242.00,12,102
11/29/1999,242.75,242.75,241.00,241.50,82,153
11/30/1999,241.50,241.50,239.50,239.50,173,287
12/01/1999,240.50,242.00,240.25,241.25,139,388
12/02/1999,240.50,241.25,240.25,240.50,12,393
12/03/1999,240.00,240.50,239.25,239.25,6,399
12/06/1999,239.50,242.00,239.50,242.00,55,453
12/07/1999,241.50,241.50,240.50,241.25,51,483
12/08/1999,239.50,239.50,238.25,238.25,81,528
12/09/1999,238.25,238.25,235.25,235.25,14,530
12/10/1999,235.75,236.50,234.75,236.50,179,593
12/13/1999,234.50,234.50,233.75,234.25,72,649
12/14/1999,235.00,236.50,234.00,236.50,116,663
12/15/1999,236.25,236.25,236.25,236.25,1,663
12/16/1999,237.00,238.00,237.00,237.00,30,665
12/17/1999,237.25,238.50,237.25,238.00,12,664
12/20/1999,240.00,240.25,239.25,240.25,138,690
12/21/1999,240.25,240.25,239.50,239.50,24,711
12/22/1999,239.00,241.00,238.50,241.00,136,799
12/23/1999,242.00,242.00,240.50,242.00,34,797
12/27/1999,243.25,243.25,241.00,242.00,36,821
12/28/1999,242.00,242.00,240.75,242.00,44,838
12/29/1999,241.50,242.00,241.25,241.25,35,856
12/30/1999,241.00,242.25,241.00,241.50,35,856
01/03/2000,242.75,242.75,239.75,239.75,76,878
01/04/2000,240.50,241.25,240.00,241.00,29,883
01/05/2000,240.75,241.75,240.50,241.50,46,898
01/06/2000,243.00,243.75,242.50,242.50,379,1112
01/07/2000,242.00,245.50,241.75,245.50,209,1239
01/10/2000,244.00,247.00,243.75,246.75,430,1355
01/11/2000,246.00,247.00,245.00,246.00,226,1528
01/12/2000,250.50,253.50,249.50,252.50,1196,2307
01/13/2000,251.25,256.75,251.00,256.50,1544,3100
01/14/2000,254.50,257.00,254.50,255.75,1067,3781
01/18/2000,253.00,257.00,253.00,256.75,838,4079
01/19/2000,257.00,258.75,256.00,258.50,531,4295
01/20/2000,257.75,258.50,257.00,258.25,1134,4633
01/21/2000,258.25,260.00,257.75,260.00,412,4860
01/24/2000,261.00,262.50,260.00,262.25,785,5600
01/25/2000,262.00,263.00,261.25,262.75,685,6002
01/26/2000,260.00,260.50,258.25,258.75,264,6097
01/27/2000,257.25,261.75,257.25,261.50,486,6318
01/28/2000,260.75,261.75,258.50,259.75,317,6498
01/31/2000,254.75,256.75,254.50,256.25,285,6540
02/01/2000,256.25,258.25,255.50,258.25,210,6587
02/02/2000,257.50,259.50,257.25,258.25,492,6621
02/03/2000,255.75,258.00,255.50,256.50,452,6668
02/04/2000,254.75,259.00,253.50,258.75,384,6745
02/07/2000,260.25,260.50,259.00,260.25,138,6843
02/08/2000,258.25,260.75,258.25,260.00,469,6973
02/09/2000,258.00,261.00,258.00,260.75,274,7163
02/10/2000,261.00,263.00,260.00,262.75,746,7537
02/11/2000,262.00,262.75,259.50,259.75,284,7748
02/14/2000,260.50,261.75,260.25,260.75,600,7709
02/15/2000,257.75,261.75,257.75,260.75,296,7816
02/16/2000,261.00,262.25,259.75,262.25,325,7736
02/17/2000,261.00,262.25,260.25,260.75,484,7817
02/18/2000,260.00,260.75,259.50,260.25,285,7923
02/22/2000,260.25,260.75,259.00,259.50,227,8037
02/23/2000,257.00,257.50,254.00,254.50,159,8032
02/24/2000,253.50,256.75,253.25,256.25,462,8127
02/25/2000,254.50,254.50,252.75,253.50,164,8069
02/28/2000,252.75,254.25,252.75,253.50,207,8185
02/29/2000,253.25,258.00,253.00,258.00,451,8330
03/01/2000,256.50,258.00,256.25,256.75,808,8460
03/02/2000,255.25,257.25,255.25,257.00,157,8483
03/03/2000,257.25,258.75,257.00,258.50,785,8513
03/06/2000,257.50,261.00,257.25,261.00,712,8694
03/07/2000,260.50,261.00,257.00,257.25,223,8800
03/08/2000,257.00,259.75,257.00,258.25,200,8868
03/09/2000,260.75,261.75,260.00,260.25,663,8944
03/10/2000,260.00,260.50,258.50,259.75,116,9038
03/13/2000,261.50,264.00,261.50,263.75,706,9452
03/14/2000,264.75,269.50,264.25,269.25,1770,10634
03/15/2000,267.75,268.50,266.75,267.00,1686,10915
03/16/2000,265.50,269.75,265.00,266.50,1594,11239
03/17/2000,270.50,271.00,268.50,270.75,1145,11923
03/20/2000,264.50,267.25,264.25,266.75,478,11993
03/21/2000,266.00,266.75,262.75,264.50,450,11852
03/22/2000,265.50,266.75,263.75,266.50,406,11821
03/23/2000,264.25,264.50,262.50,263.00,1113,12107
03/24/2000,265.50,266.50,263.75,265.50,367,12184
03/27/2000,266.00,267.00,264.00,265.25,165,12210
03/28/2000,263.00,263.50,259.00,259.25,257,12247
03/29/2000,259.25,261.25,258.25,261.00,502,12262
03/30/2000,263.25,266.50,263.25,266.25,831,12652
03/31/2000,267.50,269.50,267.00,268.75,1012,12988
04/03/2000,270.75,271.00,267.50,267.75,898,13229
04/04/2000,267.00,267.25,263.75,266.25,414,13375
04/05/2000,265.25,267.25,264.75,266.25,306,13476
04/06/2000,261.50,263.75,261.25,261.50,599,13504
04/07/2000,260.25,263.50,259.75,263.50,466,13485
04/10/2000,260.25,261.50,260.00,261.25,394,13605
04/11/2000,259.75,260.75,257.50,257.75,495,13780
04/12/2000,258.25,260.50,258.25,260.50,697,13636
04/13/2000,261.25,262.75,260.50,262.50,447,13535
04/14/2000,264.75,264.75,261.00,261.25,389,13488
04/17/2000,260.75,261.00,258.50,259.00,285,13668
04/18/2000,259.75,260.25,259.00,259.50,209,13717
04/19/2000,261.00,263.25,260.25,263.00,260,13763
04/20/2000,259.00,262.50,259.00,262.50,310,13838
04/24/2000,261.75,263.50,261.00,263.50,166,13886
04/25/2000,264.25,265.75,263.75,265.75,393,13923
04/26/2000,267.25,267.25,263.25,263.25,414,14100
04/27/2000,261.75,262.00,260.25,260.75,350,14237
04/28/2000,261.50,261.50,258.25,258.50,259,14331
05/01/2000,264.50,270.25,264.00,269.75,1310,14792
05/02/2000,269.75,272.50,269.50,271.00,2188,15450
05/03/2000,273.00,279.75,272.50,275.50,3395,17125
05/04/2000,271.50,274.75,271.50,273.75,959,17394
05/05/2000,271.50,272.00,268.75,270.75,1314,17671
05/08/2000,267.00,269.25,264.50,264.75,1060,17853
05/09/2000,263.50,264.00,262.25,263.25,1639,17891
05/10/2000,265.75,270.00,264.75,267.75,798,17955
05/11/2000,270.00,270.00,266.50,269.25,1162,18179
05/12/2000,265.25,272.00,265.25,271.50,418,18243
05/15/2000,265.50,265.50,260.00,264.50,985,18362
05/16/2000,264.00,266.00,260.75,261.00,493,18588
05/17/2000,258.75,262.75,258.25,261.75,1626,18011
05/18/2000,267.50,268.00,263.25,264.50,329,18014
05/19/2000,264.25,267.50,264.00,266.75,358,18145
05/22/2000,264.75,270.00,264.50,267.75,281,18147
05/23/2000,266.25,267.50,264.75,265.50,391,18172
05/24/2000,263.00,263.75,261.00,262.00,773,18284
05/25/2000,261.25,262.25,256.50,258.25,977,18116
05/26/2000,258.25,261.00,257.50,260.75,440,18257
05/30/2000,253.25,253.50,250.25,251.75,1227,18244
05/31/2000,252.75,253.00,249.75,252.50,2339,18961
06/01/2000,255.75,255.75,252.00,252.50,1083,18984
06/02/2000,253.00,257.50,253.00,257.25,566,18943
06/05/2000,254.00,255.75,251.75,252.50,1055,18904
06/06/2000,252.75,254.00,251.00,253.75,923,19129
06/07/2000,250.00,250.25,247.50,248.50,1962,19141
06/08/2000,247.75,248.50,246.25,247.75,948,19763
06/09/2000,247.25,249.50,247.25,248.75,1074,19814
06/12/2000,240.00,241.00,237.75,238.50,2896,20501
06/13/2000,239.50,239.75,237.50,238.00,1711,20851
06/14/2000,234.50,235.25,230.75,233.25,2714,21648
06/15/2000,234.75,237.00,234.50,235.75,1017,22063
06/16/2000,238.00,239.75,237.50,237.50,1858,22533
06/19/2000,235.00,236.25,234.00,236.25,2011,23541
06/20/2000,233.75,234.25,231.75,233.50,2898,24381
06/21/2000,233.25,236.25,233.25,234.75,3625,25719
06/22/2000,236.25,236.75,234.00,234.25,2195,26214
06/23/2000,232.00,233.00,230.00,230.25,1393,26354
06/26/2000,226.00,227.50,225.25,226.25,3349,27372
06/27/2000,228.25,229.25,228.00,228.75,1851,28066
06/28/2000,226.25,227.25,224.50,224.50,2566,28577
06/29/2000,227.50,227.75,226.50,227.25,3455,28052
06/30/2000,219.00,222.00,218.50,219.00,4366,28682
07/03/2000,216.25,216.50,211.25,214.75,3620,29238
07/05/2000,213.00,216.50,213.00,216.00,2434,29254
07/06/2000,213.50,214.50,211.25,212.25,4027,30404
07/07/2000,215.75,218.00,213.50,214.00,2333,30595
07/10/2000,209.00,211.00,208.00,210.50,4337,31899
07/11/2000,211.50,211.50,208.25,208.50,2191,32168
07/12/2000,205.50,209.75,204.50,209.25,4706,33456
07/13/2000,210.75,210.75,208.00,209.75,3091,34138
07/14/2000,208.25,208.25,205.00,206.25,3013,35034
07/17/2000,204.00,204.25,202.00,203.00,4347,36132
07/18/2000,205.00,206.75,204.00,204.25,2490,36082
07/19/2000,203.00,206.50,202.50,205.25,3304,36084
07/20/2000,205.50,210.25,205.50,209.75,2405,36469
07/21/2000,209.50,212.00,209.25,211.75,1725,36910
07/24/2000,213.25,213.25,207.50,208.25,2265,37152
07/25/2000,207.00,207.25,205.00,206.50,3659,37875
07/26/2000,206.00,206.00,203.00,204.25,2190,38205
07/27/2000,205.50,206.50,204.25,204.50,2525,39000
07/28/2000,204.75,206.50,203.75,204.00,2180,39268
07/31/2000,201.75,205.75,201.25,204.00,4164,40641
08/01/2000,205.00,205.50,203.00,203.75,4058,41359
08/02/2000,204.50,206.00,204.25,204.50,2389,42014
08/03/2000,202.75,206.00,202.50,204.00,2210,42649
08/04/2000,203.00,204.25,202.25,202.75,1097,42421
08/07/2000,203.00,203.50,201.50,201.75,1685,42813
08/08/2000,202.25,203.75,201.75,203.50,1543,43160
08/09/2000,202.00,203.00,201.75,202.25,2559,43909
08/10/2000,203.00,203.50,201.50,201.75,5224,45525
08/11/2000,199.50,200.25,198.50,199.25,8890,47666
08/14/2000,199.00,200.50,198.75,200.00,2768,47778
08/15/2000,199.75,200.25,199.25,200.00,2357,48105
08/16/2000,200.25,203.50,200.25,203.00,2281,48243
08/17/2000,202.75,205.00,202.00,202.75,2657,49016
08/18/2000,202.50,202.75,201.25,201.50,1494,49154
08/21/2000,200.75,201.00,200.00,200.50,2943,50200
08/22/2000,200.75,201.75,199.50,199.75,3924,51565
08/23/2000,199.25,199.75,198.50,199.25,4653,52958
08/24/2000,199.25,200.50,198.75,200.00,3291,53641
08/25/2000,200.75,202.50,200.25,200.75,3961,54685
08/28/2000,205.50,205.50,202.00,203.75,3088,55059
08/29/2000,205.50,208.75,205.25,208.25,8347,56191
08/30/2000,208.25,208.75,205.50,205.75,8739,57668
08/31/2000,206.75,208.25,205.50,208.00,5326,58531
09/01/2000,207.50,207.50,206.00,206.25,3193,59024
09/05/2000,208.75,211.75,207.75,210.00,9882,61833
09/06/2000,208.00,208.25,205.50,205.75,7576,64267
09/07/2000,205.00,206.00,204.25,205.25,4784,64666
09/08/2000,206.25,208.50,206.25,207.50,4876,65411
09/11/2000,206.00,208.00,206.00,207.50,4441,66325
09/12/2000,205.00,206.00,203.25,206.00,4488,66834
09/13/2000,206.75,207.00,203.00,203.50,3503,67803
09/14/2000,202.75,203.25,201.50,201.75,4306,68701
09/15/2000,201.25,201.50,199.50,199.75,8228,70331
09/18/2000,199.25,202.25,198.75,201.25,8290,72030
09/19/2000,200.25,201.00,199.00,199.25,5471,73280
09/20/2000,199.50,201.75,199.25,200.00,5051,73708
09/21/2000,199.50,203.00,199.00,202.00,6005,74979
09/22/2000,202.25,206.75,202.25,205.50,9377,77214
09/25/2000,205.00,206.25,203.75,204.75,6050,78147
09/26/2000,205.50,207.75,205.50,206.00,5942,78695
09/27/2000,205.00,206.50,204.25,206.00,4120,79701
09/28/2000,208.00,208.75,207.00,207.75,6908,80415
09/29/2000,209.50,210.75,208.75,209.25,10160,82069
10/02/2000,209.50,212.75,208.50,211.00,8278,83875
10/03/2000,211.50,215.50,210.75,215.25,10326,86005
10/04/2000,215.00,217.50,214.25,216.00,10054,88248
10/05/2000,214.25,216.00,213.75,215.00,6534,88422
10/06/2000,214.50,217.75,214.00,215.00,7781,90949
10/09/2000,213.50,214.25,212.75,213.00,4088,91070
10/10/2000,212.25,215.50,212.25,215.00,5156,92317
10/11/2000,214.25,216.75,214.25,215.75,7502,93509
10/12/2000,221.00,222.50,219.25,219.25,15767,97628
10/13/2000,219.00,220.25,218.00,219.00,10460,100787
10/16/2000,219.50,219.75,217.50,217.75,9147,102248
10/17/2000,218.50,219.25,217.75,218.50,8261,103195
10/18/2000,217.25,218.25,217.00,217.50,5935,103648
10/19/2000,218.25,219.00,217.50,217.75,10456,106483
10/20/2000,217.75,218.25,215.75,216.00,8157,108590
10/23/2000,215.50,215.50,214.00,214.25,10687,112049
10/24/2000,214.25,215.50,214.00,215.25,9176,112269
10/25/2000,215.00,215.25,214.50,214.75,8333,114783
10/26/2000,214.50,215.00,213.50,213.75,5287,115528
10/27/2000,213.25,214.75,212.25,212.50,10238,117145
10/30/2000,212.25,213.00,211.75,212.00,9918,120182
10/31/2000,211.50,218.50,211.50,217.50,20487,127641
11/01/2000,216.50,221.00,216.50,217.50,20637,131751
11/02/2000,222.25,224.25,221.75,223.50,22100,137049
11/03/2000,224.00,225.00,223.00,224.50,13036,139726
11/06/2000,225.25,227.50,224.75,225.25,23487,146989
11/07/2000,225.25,227.00,224.00,226.75,12665,150228
11/08/2000,227.25,228.50,226.50,227.75,16565,154259
11/09/2000,226.75,227.00,224.50,225.50,18797,157788
11/10/2000,225.00,225.50,223.00,224.25,18534,163332
11/13/2000,223.25,224.00,222.50,223.25,11782,167567
11/14/2000,223.75,223.75,220.75,221.00,16420,175075
11/15/2000,220.50,221.25,219.50,219.75,23314,181676
11/16/2000,219.00,221.75,218.25,221.00,20139,186867
11/17/2000,223.00,224.50,222.50,223.50,26315,195294
11/20/2000,224.50,225.50,223.00,223.25,33332,204087
11/21/2000,221.75,223.25,221.75,223.25,30330,210860
11/22/2000,223.25,223.50,222.25,222.50,16031,214117
11/24/2000,223.25,224.50,222.75,223.25,18698,215267
11/27/2000,224.25,224.50,222.50,222.75,33225,224075
11/28/2000,222.25,222.25,219.50,220.25,60203,233872
11/29/2000,219.50,220.00,217.25,217.50,61549,246423
11/30/2000,216.50,221.25,216.25,220.50,62703,246550
12/01/2000,220.00,222.25,218.00,221.50,41723,247096
12/04/2000,220.50,221.50,219.50,220.25,31676,246920
12/05/2000,219.25,220.25,217.75,220.00,31630,247640
12/06/2000,219.50,220.00,218.50,218.75,28291,245684
12/07/2000,218.75,220.00,214.25,214.75,74032,252616
12/08/2000,214.50,219.50,214.25,218.75,43043,244567
12/11/2000,216.50,217.50,216.25,217.00,30647,241865
12/12/2000,216.75,216.75,215.75,216.25,26955,240050
12/13/2000,216.00,218.00,215.50,217.50,23902,239334
12/14/2000,219.00,220.50,218.25,218.50,35952,241840
12/15/2000,219.50,220.25,218.00,218.25,26855,238016
12/18/2000,220.25,223.50,220.25,223.25,44392,233898
12/19/2000,223.00,226.00,222.00,225.75,39604,232653
12/20/2000,225.50,227.00,224.25,225.00,31753,233562
12/21/2000,224.25,226.50,223.75,226.25,24869,230706
12/22/2000,227.00,227.50,226.25,226.75,18906,228765
12/26/2000,226.50,227.25,226.00,226.75,15562,230490
12/27/2000,226.00,229.50,224.50,228.75,34376,231750
12/28/2000,230.00,232.00,229.25,230.25,69804,244141
12/29/2000,229.50,232.00,229.00,231.75,31024,245497
01/02/2001,232.00,232.00,226.75,227.25,41489,247644
01/03/2001,226.75,230.75,226.50,230.00,39556,250584
01/04/2001,230.00,230.25,228.25,230.00,36393,247591
01/05/2001,229.00,229.25,225.00,226.00,49035,244074
01/08/2001,225.00,226.00,224.00,225.75,34702,239799
01/09/2001,225.50,228.50,225.25,227.50,24264,237247
01/10/2001,228.50,230.00,227.50,229.50,37234,234135
01/11/2001,222.50,225.00,222.00,222.50,68898,235692
01/12/2001,222.00,222.25,218.25,219.25,88655,218677
01/16/2001,217.25,218.50,216.00,216.25,55807,214807
01/17/2001,215.75,218.00,215.75,217.50,35588,212746
01/18/2001,218.50,220.00,217.75,218.00,30219,210532
01/19/2001,218.50,218.50,214.75,215.00,44919,211162
01/22/2001,214.00,215.50,212.75,215.25,50633,208551
01/23/2001,215.75,216.00,213.75,214.00,34263,201397
01/24/2001,214.00,216.75,213.25,215.50,38268,201307
01/25/2001,215.75,215.75,213.25,213.50,26497,198688
01/26/2001,212.75,213.00,209.25,209.50,62513,196801
01/29/2001,207.00,209.25,206.50,208.25,49333,197028
01/30/2001,208.75,210.75,208.50,209.25,29449,194583
01/31/2001,208.50,210.00,207.50,209.00,27130,189566
02/01/2001,209.25,212.25,209.00,211.00,28831,187785
02/02/2001,210.75,213.50,210.50,213.00,25991,184730
02/05/2001,213.00,213.00,211.00,212.00,21320,183962
02/06/2001,211.00,214.50,210.00,213.50,26344,181887
02/07/2001,213.75,214.75,212.00,212.25,26892,180150
02/08/2001,209.50,211.50,209.25,210.00,26226,177370
02/09/2001,210.25,211.00,209.50,210.25,19612,174371
02/12/2001,210.00,211.75,210.00,210.25,29002,164517
02/13/2001,210.00,210.50,209.25,209.75,30180,157625
02/14/2001,210.50,213.00,210.50,212.75,28272,149479
02/15/2001,213.00,214.75,211.75,212.00,34238,140989
02/16/2001,212.75,213.00,210.25,212.00,29757,130935
02/20/2001,213.50,214.00,212.00,212.25,28733,110247
02/21/2001,212.25,212.25,210.25,210.50,35872,94924
02/22/2001,209.75,212.75,209.50,209.75,35974,81082
02/23/2001,209.25,210.00,208.75,209.25,34140,72048
02/26/2001,209.50,210.50,208.75,209.25,35141,59132
02/27/2001,209.50,211.00,209.50,210.50,58359,35568
02/28/2001,211.00,215.50,211.00,214.50,26399,25469
03/01/2001,215.00,217.50,213.25,216.50,19627,18459
03/02/2001,219.00,219.00,215.50,215.75,10595,15392
03/05/2001,215.75,217.75,215.25,215.50,12617,12444
03/06/2001,215.50,216.25,215.00,216.00,6621,8958
03/07/2001,216.75,216.75,213.00,213.25,10756,8154
03/08/2001,212.25,215.00,212.25,213.50,10530,5893
03/09/2001,213.75,214.25,212.75,213.25,8236,4517
03/12/2001,213.00,215.00,212.25,214.50,6174,3768
03/13/2001,216.25,216.25,213.25,214.25,3634,1658
03/14/2001,214.00,214.00,211.25,211.50,1250,714
