590701,114.6,114.6,114.2,114.3,2528,17694
590702,114.2,114.4,113.7,114.4,2428,17984
590706,114.1,114.2,113.4,113.6,2842,18634
590707,113.5,114.6,113.5,114.3,2871,19069
590708,114.3,114.3,113.4,113.4,2189,19147
590709,113.4,114.3,113.4,114.1,2091,19059
590710,114.5,115.1,114.4,115.1,2784,19191
590713,114,114.4,113.6,113.6,2907,19278
590714,114,115.4,114,115.3,3911,19946
590715,115.3,115.4,114.4,114.5,4569,20001
590716,114.4,115.1,114.2,114.5,3917,20146
590717,114.7,114.7,114.5,114.6,2856,20108
590720,114.3,115.1,113.7,115,1840,20556
590721,115,115.1,114.5,114.5,2790,20695
590722,114.4,114.5,113.7,114.1,1871,20868
590723,113.7,113.7,113,113,2596,21236
590724,113.2,114,113.2,114,3373,21689
590727,113.7,114.3,113.5,113.6,2171,21982
590728,113.4,113.5,113.1,113.2,3429,22819
590729,113.1,113.5,113.1,113.2,2173,23237
590730,113.5,113.6,113.2,113.3,2088,23193
590731,113.4,113.7,113.3,113.6,2198,23562
590803,113.2,113.4,113,113.1,2333,23942
590804,113,113.4,112.7,113.2,2471,24552
590805,113.1,113.6,113,113.3,3590,25487
590806,113.1,113.1,112.3,112.4,2391,25707
590807,112.3,112.4,112.1,112.2,4786,25191
590810,112.1,112.5,112,112.1,3123,25132
590811,112.1,112.2,112,112.1,2699,24827
590812,111.7,112,111.6,111.7,1756,24518
590813,111.7,112.2,111.7,112.1,2006,24728
590814,112.3,112.5,112.3,112.4,2433,24568
590817,112.3,112.3,112,112,2088,24423
590818,112.1,112.1,111.7,112,2161,24810
590819,112,112.2,111.7,112,2098,24944
590820,112,112.2,111.7,112.1,1310,24946
590821,112.2,112.5,112.2,112.4,1126,24989
590824,112.1,112.4,112,112.2,1541,24814
590825,112.2,112.4,112.1,112.4,1509,24760
590826,112.3,112.4,112.2,112.2,919,24867
590827,112.2,112.3,111.6,112,1174,24704
590828,111.7,111.7,111.5,111.6,2302,24483
590831,111.4,112,111.3,112,1750,24564
590901,112,112.2,111.7,112,2481,25219
590902,112.2,112.3,112.1,112.2,1892,25312
590903,112.2,112.3,112,112.3,1692,25699
590904,112.2,112.3,112.1,112.2,1342,25893
590908,112.3,112.3,111.6,111.7,1073,25964
590909,111.4,111.4,111.1,111.2,2615,26567
590910,111.2,111.4,111.1,111.2,2323,26466
590911,110.6,111,110.4,110.4,2389,26656
590914,110.3,110.3,110.1,110.1,4260,26389
590915,110.1,110.2,109.7,109.7,4363,26326
590916,110,110.3,110,110,3148,26346
590917,110.1,110.1,109.6,109.7,2210,26809
590918,109.7,110,109.5,109.6,1846,26925
590921,109.5,109.5,109.2,109.2,1738,27150
590922,109.1,109.4,109.1,109.3,3370,27437
590923,109.3,110.2,109.3,110.2,3336,27607
590924,110.6,110.7,110.3,110.3,2683,27780
590925,110.2,110.2,109.5,109.6,3593,28383
590928,109.6,110,109.4,109.6,2981,28655
590929,109.6,109.7,109.4,109.4,2449,28394
590930,109.4,109.6,109.1,109.6,2094,28224
591001,109.4,110,109.3,109.5,1450,28196
591002,109.5,110.2,109.5,110,1411,28024
591005,110.2,110.6,110.1,110.2,1172,28015
591006,110.2,110.5,110.1,110.2,2257,28040
591007,110.2,110.4,110,110.3,1463,27686
591008,110.3,110.5,110.2,110.3,1606,27947
591009,110.2,110.2,109.6,110,2066,27993
591012,109.4,109.5,109.1,109.2,3300,28152
591013,109.1,109.4,109,109.3,3435,28097
591014,109.2,109.2,108.6,108.7,2385,28055
591015,108.4,108.6,108.3,108.5,3236,27895
591016,108.4,108.4,108.1,108.1,3830,27208
591019,108,108.5,107.6,108.3,3799,26919
591020,108.6,109.4,108.3,109.2,5263,26526
591021,109.2,110.2,109.2,110,4144,26318
591022,110.1,110.6,109.6,109.6,6158,26061
591023,109.5,109.6,109.3,109.6,4881,27199
591026,110,111.5,110,111.3,3448,26804
591027,111.2,111.3,110.1,110.2,6410,25859
591028,110.1,110.4,109.7,110.4,4183,24905
591029,110.1,110.1,109.5,109.6,3241,24937
591030,109.6,110.3,109.6,110.1,4819,24897
591102,109.5,110.1,109.5,109.7,4817,24834
591103,109.7,112.1,109.7,111.2,4482,25619
591104,112,113.5,112,112.5,7028,26035
591105,113,113.6,112.5,112.7,9240,24965
591106,112.4,113.3,112.2,113.1,6019,24488
591109,113,113.1,112.6,112.7,4587,24525
591110,112.4,113.1,112.2,112.5,5261,24161
591111,112.4,113.4,112.4,112.7,5617,24176
591112,112.7,113,112.2,112.6,5973,24003
591113,113,113.1,112.6,112.6,4429,23370
591116,112.6,113,112.4,112.4,4336,22488
591117,112.7,112.7,112.4,112.5,4845,22159
591118,112.5,112.6,112.1,112.4,2790,24454
591119,112.3,112.4,111.5,111.6,3243,21493
591120,111,111.2,110.4,110.5,3357,20700
591123,110.2,111,110.1,110.1,5907,20381
591124,110.3,110.6,110.1,110.3,4792,20345
591125,110.4,110.7,110.2,110.4,3526,19227
591127,110.4,110.4,110,110,3236,18647
591130,110.2,110.4,110,110.1,3288,17835
591201,110.2,110.6,110.1,110.3,5090,17082
591202,110.2,110.4,109.6,110,3526,16321
591203,109.7,109.7,109.4,109.7,5095,14065
591204,109.5,110,109.4,109.5,3864,12351
591207,109.7,110.4,109.6,110,1945,11101
591208,110.2,110.4,109.6,109.7,2793,10010
591209,109.7,109.7,109.3,109.4,2029,8907
591210,109.6,109.7,109.3,109.5,1828,7959
591211,109.5,109.6,109.4,109.5,1721,7544
591214,109.5,109.6,109.5,109.5,886,7094
591215,109.4,109.5,109.3,109.4,915,6729
591216,109.4,109.4,109.1,109.1,1740,5358
591217,109,109.1,108.2,108.2,1324,4767
591218,108.1,109.1,108.1,109,1943,3196
591221,108.5,108.6,107.3,107.3,1814,2229
