601115,114.2,114.3,113.6,113.6,0,0
601116,113.2,113.6,113.2,113.3,55,55
601117,113.4,113.4,113,113.1,5,55
601118,113.1,113.1,112.4,112.4,125,175
601121,113,113.2,112.5,112.5,596,681
601122,113.1,114,113.1,113.4,132,718
601123,113.4,113.7,113.4,113.7,126,729
601125,114.5,114.5,113.4,113.4,40,745
601128,113.4,114.1,113.4,114,110,845
601129,113.7,113.7,113.5,113.5,102,906
601130,113.7,114.1,113.6,114,101,997
601201,113.7,113.7,113.6,113.6,75,1037
601202,114.2,114.2,113.6,113.6,111,1093
601205,114.2,114.4,114.2,114.3,62,1143
601206,114.6,114.7,114.4,114.4,45,1183
601207,115,115,114.4,114.6,113,1261
601208,115.1,115.1,114.1,114.1,271,1326
601209,114.3,114.3,113.4,113.4,406,1648
601212,114.2,114.2,113.6,113.6,259,1805
601213,113.5,113.7,113.5,113.6,10,1815
601214,113.5,113.6,113.3,113.4,107,1905
601215,113.3,113.6,113.3,113.4,605,2210
601216,113.4,114.4,113.4,114,282,2330
601219,114.2,114.2,113.6,113.6,290,2495
601220,113.5,114.1,113.5,114,126,2566
601221,114.1,115.4,114.1,115,240,2636
601222,115.2,115.2,114.7,115,225,2700
601223,114.7,115.3,114.5,115,102,2762
601227,115.1,115.2,115,115.1,70,2787
601228,115.1,115.5,115,115.5,173,2808
601229,115.2,115.2,115.2,115.2,91,2843
601230,115.3,115.5,115.1,115.2,32,2855
610103,115.6,116.2,115.5,116.2,135,2920
610104,116.1,118.3,116.1,118,263,2958
610105,117.7,118,117.3,117.6,1138,3556
610106,117.7,119,117.6,118.5,176,3556
610109,118.6,119.7,118.2,118.5,308,3580
610110,118.5,118.5,117.7,118.1,1291,4217
610111,118,118.2,117.4,117.5,299,4359
610112,117.3,117.4,117,117,258,4312
610113,117.4,119,117.3,119,422,4455
610116,119.2,119.2,118.6,119,534,4624
610117,118.7,119,118.2,118.3,907,4917
610118,118.1,118.2,117.6,118,257,4927
610119,118,118.1,117.7,117.7,230,4974
610120,117.7,118.1,117.5,117.7,115,4974
610123,118.2,118.3,118.1,118.3,139,5027
610124,118.6,119.6,118.6,119.2,139,5033
610125,119.2,119.3,119,119,312,5152
610126,119,119.5,118.6,119.4,224,5179
610127,120,122.6,120,121.2,182,5139
610130,124,125.1,123.2,124.4,2443,5303
610131,124.4,124.7,123.7,124,1155,6000
610201,123.1,123.5,123,123.5,1166,6664
610202,124.2,124.7,123.7,124.6,992,6876
610203,125,127,125,126.7,1553,7623
610206,128,128.7,127,128.4,2610,8184
610207,126.6,127.4,126.2,126.5,1851,8721
610208,126.2,126.3,124.7,125.4,2127,9591
610209,126.4,126.7,125.7,126,1591,10018
610210,126,126.1,123,124.1,1676,10399
610213,123.2,124.7,123,124,2669,10388
610214,124.1,124.4,123.7,123.7,1072,10061
610215,124,125.3,123.3,125.2,562,10049
610216,125.4,126.2,123.2,124.4,1018,10309
610217,123.4,124,122.4,122.5,2014,10385
610220,122,122,121.2,121.6,1515,10339
610221,121.6,123,121.4,122.3,1077,10455
610223,123.7,123.7,123,123.4,1212,10621
610224,123.6,124.2,123.4,123.5,816,10533
610227,124,124.3,121.6,122,1128,10760
610228,121.2,122.3,120.6,122.2,1378,11187
610301,122,122,121,121.4,1715,11417
610302,121,122,121,121.7,1449,11408
610303,122,122.4,121.5,122.2,632,11343
610306,122.5,123.7,122.5,123.2,966,11362
610307,123.2,123.6,122.5,122.6,716,11558
610308,122.6,123.1,122.5,122.6,531,11602
610309,122.6,122.6,119.6,120.4,392,11790
610310,120.6,122.7,120.2,121.5,1838,11220
610313,122.3,122.3,120.7,121,1439,11324
610314,121,121.5,120.4,121.4,467,11372
610315,121,121.2,120.3,120.4,961,11358
610316,120.5,122.2,120.5,121.3,633,11181
610317,121.1,121.2,119.6,120,1387,11441
610320,120,120,118.4,118.4,926,11544
610321,119,119.4,119,119,1463,11553
610322,120,120.2,119.1,119.3,931,11380
610323,119.7,120.6,119.7,120.1,270,11495
610324,120.1,120.3,119.7,120,1215,11556
610327,119.7,120.2,118,118.3,562,11603
610328,118.2,118.2,115.6,115.7,1128,11413
610329,115,115.1,112.1,113.5,1931,11069
610330,113.2,115,113.2,114.5,5094,10636
610403,114.6,115.1,114.4,115.1,2496,10642
610404,114.6,116.5,114.6,116.1,1562,10983
610405,116.6,117.1,115.7,116.1,1178,10887
610406,116.2,116.3,115.4,116,645,10979
610407,116.2,116.2,115.4,115.6,450,11039
610410,116,116,114.1,114.2,828,10745
610411,114.1,116,113.5,115.6,1117,10824
610412,116,116,114.7,115.2,1110,10827
610413,115,115.3,114.4,114.7,603,10991
610414,115,115.1,114.4,114.4,790,11191
610417,114.5,115.2,114,114.2,459,11204
610418,114,115.3,114,115.2,508,11253
610419,115.6,116,115.3,115.7,341,11201
610420,115.7,116.2,115.5,116.2,671,11205
610421,116.4,117,116.2,116.4,682,11524
610424,117,118.4,117,117.7,818,11866
610425,118.4,118.7,118.2,118.4,859,11803
610426,118.3,118.3,117.4,117.4,897,11718
610427,117.5,117.7,117.2,117.4,1242,12217
610428,117.6,118.7,117.5,118.5,432,12304
610501,119,119.6,118.6,119.1,1129,12596
610502,119,119.1,118.6,119,988,12709
610503,119,119,118.2,118.2,419,12820
610504,118.1,118.4,117.5,118.3,697,12755
610505,118.3,118.5,118.2,118.2,993,12858
610508,118.1,118.7,118.1,118.2,482,12815
610509,118.4,118.5,118.1,118.1,719,12777
610510,117.7,118.2,117.7,118.2,492,12854
610511,118.3,119.1,118.3,119,567,12832
610512,119.2,120.2,119.2,120,661,12970
610515,121,121,120,120.2,983,13340
610516,120.2,120.3,118.6,118.7,758,13493
610517,118.7,120,118.2,120,1001,13687
610518,119.7,119.7,119.3,119.4,1121,13882
610519,119.1,119.2,118.6,118.6,408,13955
610522,118.6,118.6,116.6,116.7,320,13980
610523,116.2,117.7,116.2,116.6,951,14072
610524,116.6,117.5,116.6,117.3,697,14027
610525,118.2,118.3,117.6,117.6,522,13925
610526,117.6,118.2,117.4,118,571,14032
610529,118,118.2,117.6,118.2,462,14082
610531,118.1,119,118,118.7,388,14182
610601,118.7,119,118.4,118.6,574,14296
610602,118.7,119.3,118.6,119.3,291,14316
610605,119.3,120.2,119.1,120.1,731,14510
610606,120.4,120.4,119.4,119.4,1319,14741
610607,119,119.3,118.4,119.1,881,14662
610608,119,119.3,118.7,119.3,833,14646
610609,119,119,118.2,118.3,798,14907
610612,117.5,117.7,117.2,117.2,1317,14872
610613,116.7,117.4,116.6,117.4,1494,14784
610614,117.2,117.6,117.2,117.2,1365,15153
610615,117,117.6,117,117.5,799,15338
610616,117.3,117.3,116.6,116.7,1066,15831
610619,116.2,116.4,115.4,116.1,889,16040
610620,115.7,117,115.4,116.4,2503,16558
610621,116.6,117.2,116.2,116.2,1940,16615
610622,116.3,117,116.1,116.6,1066,16876
610623,116.6,117.4,116.5,117.3,1010,17295
610626,117.2,117.3,116.4,116.4,1121,17594
610627,116.1,116.3,116,116.1,1385,17829
610628,116,116.3,115.5,115.5,1499,18618
610629,115.7,116.7,115.6,116.5,2549,19150
610630,116.2,118.1,116.2,117.1,3449,20181
610703,116.6,118.4,116.6,117.6,4100,20855
610705,117.7,118.3,117.3,117.3,3475,22235
610706,117.4,117.6,117.1,117.5,3844,22987
610707,117.6,118,117.2,117.2,3078,23400
610710,117,118.1,117,118,3320,23716
610711,118.2,119.4,118.1,119.1,3371,24401
610712,119.6,120.2,119.2,119.3,4767,25163
610713,118.4,118.6,117.2,117.2,6811,26653
610714,117.2,117.7,116.7,117.1,5109,26504
610717,117,117.5,117,117.3,2802,26721
610718,117.4,117.6,116.2,116.3,2250,27181
610719,116,116.4,116,116.3,3945,27005
610720,116.5,117,115.7,116.2,2694,27328
610721,116.1,116.1,115,115.1,3378,27773
610724,114.4,114.7,113.6,114.6,4105,28060
610725,115,115.5,114.7,115.4,4643,28385
610726,116,116.2,114.6,114.6,3069,28243
610727,114.6,114.6,114.1,114.6,2738,27775
610728,114.6,115.5,114.2,114.5,1839,27037
610731,114,114.1,113.2,113.4,1845,26809
610801,113.4,113.5,112.6,112.7,3401,26827
610802,112.6,113.4,112.4,113.4,3340,26486
610803,113.2,113.4,112.3,112.7,2019,26145
610804,112.4,112.7,112,112.3,2725,25924
610807,112.2,112.4,111.5,111.5,1998,25724
610808,111.6,111.6,110.6,111.2,1561,25830
610809,111.5,111.5,111.1,111.3,3006,25417
610810,111.1,112.1,111.1,111.4,1420,24962
610811,111.4,111.6,111.2,111.4,1950,24801
610814,111.3,112.4,111.2,112.3,1103,24809
610815,112.2,113,112.2,112.5,2051,24314
610816,112.4,112.4,112,112.2,1618,23762
610817,112.2,112.2,111.6,112,1486,23568
610818,111.7,112.1,111.5,112.1,1752,22933
610821,112,112.1,111.6,111.6,1776,21780
610822,111.6,112,111.5,111.7,1370,21082
610823,111.7,112,111.5,112,1418,20839
610824,111.7,112.2,111.6,112.2,2464,19520
610825,112.3,112.6,112.1,112.4,1940,17969
610828,112.2,112.4,111.5,111.5,1360,17607
610829,111.5,111.6,110.4,110.4,2630,16341
610830,110.1,110.2,109.6,110,2603,15107
610831,110,110.3,109,109.1,4317,12410
610901,109,109.3,108.4,108.5,7736,8273
610905,108.3,109.1,108.2,108.2,3876,5499
610906,108.2,108.6,108.1,108.3,2486,4152
610907,108.3,108.4,108.2,108.4,1563,3084
610908,108.4,109,108.4,108.6,1431,2703
610911,109,109.2,108.5,108.5,820,2235
610912,108.2,108.3,108.2,108.2,825,1855
610913,108.6,109.2,108.6,109,395,1605
610914,108,108.2,107.6,107.7,572,1600
610915,107.3,107.5,106.2,106.5,845,1263
610918,106,107.4,106,107,647,878
610919,107,107.3,107,107.2,349,818
610920,107.4,107.6,107,107.4,397,631
