620102,121.2,121.2,119,119.4,0,0
620103,119.4,119.5,118.4,118.5,228,168
620104,118.3,118.6,117.4,117.6,371,444
620105,117.2,117.4,117,117,456,624
620108,116.7,116.7,116,116.2,417,909
620109,116.2,117.4,116.2,117.3,471,1242
620110,116.2,116.6,115.4,115.6,1157,1773
620111,115.3,115.4,114,114,873,2135
620112,114,114.5,113.7,114.2,1251,2900
620115,114.2,114.2,113.5,113.6,814,3131
620116,113.4,114.1,113.1,113.6,868,3582
620117,113.6,114.1,113.2,113.2,711,3917
620118,113.3,113.3,112.4,112.5,1210,4575
620119,112.6,113.6,112.6,113.5,2881,5981
620122,113.6,113.7,112.4,112.5,1559,6693
620123,112.4,113.5,112.4,113.5,1247,7181
620124,113.6,113.7,113.4,113.5,1897,8356
620125,113.3,114.6,113.3,114.2,956,8801
620126,114.3,114.4,114,114.3,1291,9114
620129,113.7,115.1,113.7,115.1,409,9235
620130,115,115.1,114.5,114.7,650,9357
620131,115,116.4,114.4,116.1,1257,9964
620201,116.1,116.7,115.7,116.5,1801,10396
620202,116.5,116.5,116.1,116.3,3602,11542
620205,116,117.6,115.6,117.6,1393,11917
620206,117.2,117.5,116.6,117.3,1175,12445
620207,117,117.2,116.4,116.6,1572,12843
620208,116.4,116.4,115.7,116.1,1552,13251
620209,116,116,115.5,115.5,2988,14299
620212,115.3,115.6,115.1,115.4,972,14419
620213,115.2,116.2,115,116.2,1532,14810
620214,116.2,116.2,115.6,116.1,1995,15516
620215,116.1,116.2,115.5,115.7,813,15861
620216,115.5,115.5,115.3,115.4,1115,16337
620219,115.2,115.4,114.6,115,925,16564
620220,114.5,115.5,114.3,115.4,2248,17561
620221,115.6,115.7,115,115.6,1934,17932
620223,115.4,115.5,115,115.2,2034,18805
620226,115,116,114.7,116,1227,18867
620227,115.4,115.5,115.2,115.2,2006,18718
620228,115.5,115.7,115.1,115.7,1445,18699
620301,115.7,116.5,115.5,116.1,2052,18894
620302,116,116.4,116,116.2,2338,19304
620305,116.2,117.4,116.2,117.2,962,19713
620306,117.3,117.4,116.5,116.6,2696,20419
620307,116.5,117.1,116.4,116.6,1620,20648
620308,116.5,117.1,116.5,116.6,1829,21134
620309,116.7,116.7,116.4,116.5,2319,20052
620312,116.2,116.6,116.2,116.4,1489,20520
620313,116.4,116.5,115.7,116.2,2391,20911
620314,116.1,116.4,116,116.3,3695,22440
620315,116.5,117.6,116.4,117.4,2758,22544
620316,118.1,119.4,117.6,119.3,3278,22799
620319,118.6,119.3,118.3,118.6,7705,25177
620320,118.2,118.6,118,118.3,5553,26138
620321,118.3,118.5,117,117.2,6589,27616
620322,117.3,118,117.2,117.7,5612,28097
620323,118,118.1,117.5,117.7,2725,28718
620326,118,118.1,117.4,117.6,1990,29716
620327,117.5,118.4,117.3,118.3,1293,29717
620328,118.3,119,118,118.7,3342,30543
620329,118.7,119,118.4,118.5,4244,31047
620330,118.6,119.2,118.5,119,4351,32103
620402,118.7,118.7,118,118,3473,32770
620403,117.7,118.7,117.5,118.6,4573,33001
620404,119.1,119.3,118.3,118.6,4416,34444
620405,119,119.2,118.4,118.6,7408,36211
620406,118.6,118.6,118.1,118.1,4745,36556
620409,118.2,118.7,117.1,117.2,4118,37340
620410,117.2,118.4,117.2,118.3,4736,37598
620411,118,118.3,117.1,117.1,2672,37629
620412,117.1,117.4,116.5,117.2,2771,37377
620413,117.2,117.2,116.5,117,6934,36310
620416,116.4,117.5,116.4,117.1,2681,36348
620417,117.1,117.2,116.7,116.7,2837,36456
620418,116.7,117.6,116.6,117.6,1332,36303
620419,117.5,118.6,117.5,118.3,2395,35634
620423,118,118.2,117.5,118.2,3680,35736
620424,118.2,118.4,117.7,118.4,1220,35875
620425,118.7,119.2,118.1,118.1,1065,36045
620426,118.1,118.2,117.5,118,3435,36051
620427,118,118.3,117.7,118.1,1469,36020
620430,117.7,118.4,117.5,117.7,1546,35870
620501,117.6,118.4,117.6,118.2,1799,35625
620502,118.1,118.4,118,118.4,1182,35870
620503,118.5,119.2,118.4,119.1,1858,35775
620504,119.2,119.2,118.4,118.5,3048,36324
620507,118.4,119.3,118.3,119.2,2069,36463
620508,119.2,119.6,119.1,119.4,1919,36984
620509,119.1,119.3,118.6,119,2665,37785
620510,118.6,119,118.3,118.7,2819,37882
620511,119,119,118.1,118.2,3451,37671
620514,118.2,118.3,117.5,118.1,2171,37622
620515,118.3,118.5,118.1,118.4,4245,37302
620516,119.2,119.4,118.2,118.4,2131,37402
620517,118.6,118.6,118.2,118.3,5415,37665
620518,118.1,118.4,117.6,118.2,2944,37571
620521,118.1,118.4,118,118.2,2037,37599
620522,118.2,118.3,117.5,117.6,2013,37431
620523,117.4,117.5,117,117,1607,37583
620524,117.3,117.5,117,117.2,2808,37464
620525,117.4,117.7,117.1,117.4,2379,37977
620528,117.1,117.4,116.6,116.6,3233,37779
620529,116,116.3,112.6,116.2,3607,38782
620531,116.2,116.6,115.7,116.1,8755,37849
620601,116,116,115.3,115.4,3018,38006
620604,115.7,116.3,115.1,115.4,3496,38172
620605,115.4,115.4,114.2,114.4,5109,37975
620606,114.5,114.5,113.6,113.6,9270,34633
620607,112.4,113.5,112.4,112.7,4196,34389
620608,112.5,113.4,112.4,112.4,8558,33595
620611,112.5,113.4,111.5,113.3,4729,32784
620612,113.4,113.4,112.7,113.1,5801,32942
620613,112.7,114,112.2,113.6,3687,32458
620614,113.6,113.6,112.2,113,4172,32603
620615,112.4,113,112.4,112.6,5939,33267
620618,112.6,113.4,112.4,113.3,1081,33368
620619,113.5,114.2,113.2,114,1991,33658
620620,114.1,114.4,114.1,114.3,2950,33752
620621,114.1,114.5,113.6,114.3,3767,33537
620622,113,113.4,112.2,112.2,3660,33002
620625,111.6,112,111.4,111.6,5720,34564
620626,111.6,112.1,111.4,111.4,3061,34402
620627,111.4,111.6,111.2,111.4,2497,34481
620628,111.3,113.2,111.3,113.2,2260,34819
620629,113.2,113.6,112.3,112.3,4812,34486
620702,112.5,113,111.4,111.4,5441,35389
620703,111.2,112.2,111.2,112.1,4589,36236
620705,112.1,112.4,111.5,112,3630,36284
620706,112.3,112.5,112,112.4,6484,36942
620709,112.5,112.5,112.1,112.1,3914,37176
620710,112,112.1,111.7,111.7,2050,37610
620711,111.2,111.4,110.6,111.1,3111,36533
620712,110.7,111.4,110.5,111.4,7552,39741
620713,111.2,111.3,110.7,111.1,5134,40740
620716,111,111,110.2,110.3,2713,41434
620717,110,110.2,109.7,110,3628,41962
620718,109.6,110,109.4,109.4,6208,42869
620719,109.3,110.3,109.3,110.2,5274,42972
620720,110.2,110.2,109.6,109.7,4618,42473
620723,109.7,109.7,107.7,108.2,3177,42211
620724,107.6,108.3,107.6,108.1,8391,41786
620725,108.3,109,108.3,108.7,4104,41773
620726,109,109.1,108,108,4462,41426
620727,108,108,107.3,107.3,5092,40825
620730,107.4,108,107.3,107.7,5415,40492
620731,108,108.6,108,108.5,2388,40406
620801,108.7,108.7,107.6,107.6,4348,40532
620802,107.6,108.2,107,107,3770,40429
620803,107.1,107.1,106.6,107,5389,39972
620806,107,107,106.1,106.1,3308,40097
620807,106.1,106.2,105.5,105.6,5395,40847
620808,105.5,106.4,105.1,106.2,4769,41814
620809,106.4,106.5,105.4,105.6,6937,41983
620810,105.5,106.1,105.4,106,7132,42171
620813,106.6,106.6,106,106.3,4558,42534
620814,106.5,107.5,106.5,107.4,6676,43151
620815,107.5,107.5,107.1,107.4,7140,43350
620816,107.2,107.3,106.3,107.2,3112,43889
620817,107,107.7,106.6,107.6,4022,44372
620820,107.6,109,107.4,108.3,4000,44758
620821,108.5,108.5,107.4,107.7,8236,43816
620822,107.4,108.2,107.3,108.1,4592,44632
620823,108.1,108.6,107.6,108.5,3720,44268
620824,108.5,108.5,107.4,107.4,4057,44463
620827,107.2,107.2,106.4,106.5,4395,44234
620828,106.2,107,106.2,107,5762,44841
620829,107.1,107.3,106.7,107.2,3412,44560
620830,107.1,107.1,106.5,107.1,3572,44652
620831,106.5,107,106.4,107,2598,44971
620904,106.7,108.1,106.6,107.7,2071,45114
620905,107.7,107.7,107,107.2,5976,45230
620906,107.2,107.6,107.2,107.3,3674,45505
620907,107,108,107,107.7,5007,45806
620910,107.7,108.4,107.5,108.1,3100,45876
620911,108,108.3,107.6,108,5227,46078
620912,108.4,108.6,108,108.1,3863,46310
620913,108,108.1,107,107,4758,46611
620914,107,107.6,106.7,107.5,6368,47223
620917,107.2,107.7,107,107.7,5741,48123
620918,107.7,108.1,107.5,107.6,4559,47819
620919,107.5,108.1,107.1,107.2,6004,47139
620920,107.2,108.4,107.2,108.2,8594,45661
620921,108.2,109,108,108.1,6225,45575
620924,108,108.1,107.2,107.7,6211,45345
620925,107.7,108,107.4,107.6,5874,44423
620926,107.5,107.6,107.2,107.3,3113,43679
620927,107.4,108,107.2,107.7,5217,42462
620928,107.7,108.4,107.1,107.2,3756,42179
621001,107.2,107.6,106.4,106.5,5396,42487
621002,106.4,107,106,106.1,8068,42294
621003,106.2,106.5,105.6,106.1,8456,41504
621004,106.2,107.1,106.1,106.1,6616,40284
621005,106.3,106.7,106,106.6,6381,39740
621008,106,106.2,105.6,106.2,4988,39408
621009,106,106,105.4,105.4,5224,38937
621010,105.5,106.3,105.4,105.5,5062,38364
621011,105.4,105.6,105.2,105.4,7100,38564
621012,105.4,106,105.4,105.5,3706,38200
621015,105.4,105.5,105.1,105.2,3130,38269
621016,105.2,105.6,105.2,105.6,4139,38453
621017,105.7,105.7,105.3,105.4,3091,37820
621018,105.3,105.4,105.2,105.2,3590,38013
621019,105.2,105.2,105,105,3384,37752
621022,105.3,109.6,105.2,107.5,5141,37560
621023,109,114.3,108.6,112,12498,37092
621024,114,115.6,111,111.4,22459,33808
621025,108,109.4,108,108.5,16036,32922
621026,108.5,110.7,108.3,109.6,8683,32490
621029,107.4,107.6,106.4,106.7,6932,32319
621030,106.5,107.4,106.5,107.1,8605,31608
621031,107,107.5,107,107.1,5742,31625
621101,107.6,108,107.4,107.4,8475,32166
621102,107.4,108.2,107.2,107.4,3995,31733
621105,107,107,106,106,5875,32184
621107,106,106,105.3,105.4,6044,32651
621108,105.4,105.4,105.2,105.3,10480,32687
621109,105.1,105.6,105,105.2,5052,33159
621112,105.1,106.4,105.1,106.1,7344,33680
621113,106.2,106.5,106,106.2,5684,33756
621114,106.5,107.3,106.3,106.6,7199,34043
621115,107.1,107.1,106.4,106.4,7342,32958
621116,106.5,107.1,106.5,106.6,7331,31422
621119,107,108.2,107,108.1,5510,31659
621120,107.7,108.4,107.4,107.4,5024,31197
621121,106.6,107.1,106.3,106.6,5849,30060
621123,106.5,107,106.4,106.4,5433,29002
621126,106.6,106.7,106.1,106.2,2219,29209
621127,106.2,106.6,106.1,106.4,5850,28219
621128,106.2,106.4,106.2,106.2,4088,27640
621129,106.3,107.2,106.3,107.1,3130,26777
621130,107.6,108.1,107.3,107.6,6292,24844
621203,108.2,108.5,107.5,107.5,5846,23957
621204,107.7,108.1,107.2,107.2,4192,22722
621205,107.6,108.1,107.1,108,4355,21204
621206,108.1,108.7,108.1,108.4,3946,20094
621207,108.7,109.5,108.7,109.1,5145,18131
621210,109.4,110.6,109.4,110.5,4586,16655
621211,111.2,112,111,111.2,6611,13403
621212,111.2,111.3,110.6,111.2,5517,11905
621213,111.2,112.1,110.6,111,3068,10643
621214,110.7,111.2,110.1,110.1,3857,10185
621217,110.3,112,110.2,111.7,6484,5748
621218,111.6,112.1,110.7,111.4,5451,4449
