620801,116.1,116.5,115.7,115.7,0,0
620802,116,116.4,115.3,115.3,840,815
620803,115.4,115.4,114.7,115.2,355,1054
620806,114.7,115,114.4,114.5,237,1156
620807,114.2,114.3,114,114.2,214,1288
620808,113.7,115.1,113.5,114.7,107,1360
620809,114.6,115.1,114.3,114.4,870,1961
620810,114.4,114.6,114.2,114.6,125,2012
620813,115.4,115.6,114.4,115.1,151,2032
620814,115.3,116.2,115.2,116.2,431,2088
620815,115.6,116.2,115.6,116.2,226,2139
620816,116,116,115.2,116,111,2200
620817,115.5,116.6,115.5,116.5,190,2330
620820,116.4,118.1,116.3,117.4,223,2363
620821,117.5,117.5,116.2,117,987,3160
620822,116.3,117,116.2,117,206,3211
620823,117,117.6,116.6,117.6,140,3241
620824,117.1,117.3,116.2,116.4,159,3304
620827,116.3,116.3,115.5,115.5,92,3359
620828,115,116.1,114.7,116,245,3452
620829,116,116.2,115.7,116.2,340,3552
620830,116,116.2,115.6,116.2,150,3612
620831,115.5,116,115.4,116,235,3747
620904,116,116.7,116,116.6,130,3757
620905,116.5,116.5,116,116.2,848,4145
620906,116.6,116.6,116.2,116.4,80,4165
620907,116.4,117,116.3,117,86,4180
620910,116.7,117.3,116.6,117.2,152,4204
620911,117.1,117.1,116.6,117,355,4387
620912,117.4,117.4,116.7,116.7,311,4328
620913,116.4,116.4,115.5,115.6,248,4384
620914,115.3,116.1,115.3,115.6,169,4449
620917,115.4,116,115,115.7,201,4499
620918,115.6,116,115.1,115.6,604,4625
620919,115.6,116,114.5,114.5,515,4831
620920,114.5,115.5,113.7,115.4,542,4822
620921,115.5,116.1,115.3,115.6,1068,4779
620924,115.4,115.4,114.3,115.1,1312,5461
620925,115.2,115.3,115,115.2,621,5802
620926,115,115.3,114.5,115.2,405,5892
620927,115.1,115.7,114.6,115.6,364,5907
620928,115.7,116.2,115.1,115.4,1049,6360
621001,115.6,115.7,114.5,114.6,331,6484
621002,114.4,114.6,113.7,114,413,6568
621003,113.5,113.6,112.7,113.2,637,6490
621004,113.6,114,113,113.1,649,6453
621005,113.1,113.7,113.1,113.4,426,6448
621008,113.1,113.1,112,112.4,510,6609
621009,112.3,112.3,112,112.3,666,6532
621010,112.4,113.6,112.4,113.1,676,6672
621011,112.5,113.4,112.5,113.4,709,6822
621012,113.5,113.5,113.3,113.4,401,6662
621015,113.2,113.2,112,112.4,171,6766
621016,112.5,113.1,112.4,112.7,826,7131
621017,112.7,113,112.3,112.3,462,7437
621018,112.3,112.3,112.2,112.2,612,7618
621019,112.1,112.2,111.7,111.7,390,7868
621022,112.5,116.4,112.4,114.4,721,8125
621023,117,121.4,116.2,119.2,2265,8456
621024,122,123.4,118,119,3651,8016
621025,116.2,117,115.6,116,2362,7653
621026,116.5,118.3,116.3,117.6,2681,7650
621029,114.4,115.2,114,114,1836,7960
621030,114.2,114.3,113.6,113.6,2533,8963
621031,114.2,115.2,114.1,114.5,2073,9790
621101,115,115.4,115,115,1353,9906
621102,115,115.7,114.4,114.5,1109,10211
621105,114.3,114.3,113.4,113.4,915,10513
621107,113.4,114.2,113.4,113.7,753,10834
621108,113.7,113.7,113.4,113.5,1515,11240
621109,113.4,113.4,113.1,113.3,974,11651
621112,113.2,114.5,113.1,114.2,1524,12194
621113,114.7,114.7,113.7,114,951,12673
621114,114.4,114.7,114.3,114.4,1720,13285
621115,114.6,114.6,114.2,114.2,1541,13891
621116,114.5,115.1,114.5,114.6,798,14190
621119,115.1,116.2,115.1,115.7,1446,14787
621120,115.7,116.2,115.2,115.2,1287,15423
621121,114.7,114.7,114.5,114.6,1855,15528
621123,114.5,115,114.5,114.6,1577,16115
621126,114.5,114.6,114,114.2,470,16375
621127,114.2,114.6,114.1,114.4,1197,17098
621128,114.6,114.6,114.3,114.5,1694,17564
621129,114.4,115.1,114.4,115.1,999,18003
621130,115.2,115.4,114.7,115.2,833,18284
621203,115.5,115.5,115.1,115.1,1497,18848
621204,115.3,115.3,114.6,114.7,1143,19288
621205,114.6,115.2,114,115.2,944,19637
621206,115.4,115.7,115.3,115.4,923,20177
621207,115.7,116.1,115.6,116,1586,20589
621210,116.4,116.7,116.2,116.6,1858,21111
621211,118,118,116.3,116.5,2999,21887
621212,116.4,116.7,116.2,116.4,4980,22229
621213,116.5,116.5,115.6,116,2587,22734
621214,116,116.3,115.7,116.2,2765,23523
621217,116.1,116.3,115.6,116.3,2115,23823
621218,116.3,116.3,115.7,116,1840,24823
621219,115.6,115.6,115,115.4,1462,25395
621220,115.3,115.4,115.3,115.3,2337,25999
621221,115.3,115.3,115,115.1,1032,26303
621226,115,115.2,114.6,115.1,1862,27110
621227,115.1,116,115.1,115.7,1232,27365
621228,115.6,116.2,115.6,116,1659,27620
621231,116.1,116.2,115.5,115.6,1815,27911
630102,115.7,115.7,115.3,115.7,0,0
630103,116,116.2,115.7,115.7,4162,28983
630104,115.6,116.1,115.6,115.6,2037,29338
630107,115.7,116.3,115.6,116,1373,29596
630108,115.7,116.4,115.7,116.2,965,29732
630109,116.1,116.2,115.3,115.7,1394,30055
630110,116,116.2,115.6,116.2,2854,30306
630111,116.3,116.7,116.3,116.6,2924,30737
630114,116.7,117.4,116.7,117.1,1977,31013
630115,117.2,118.1,117.1,118,3487,31928
630116,118.2,118.2,117.5,118.1,2371,32223
630117,118.3,118.5,118.1,118.4,1691,32426
630118,119,119.2,118.4,118.6,1310,32290
630121,119,119,117.6,118.2,2036,32302
630122,118.1,118.1,117.2,117.2,2092,32719
630123,117.1,118,117.1,117.4,2509,33041
630124,118,118,117,117,2362,33480
630125,117,118.1,117,118,2413,33343
630128,118,118.6,117.6,118.4,5437,35463
630129,118.5,118.5,118.2,118.3,4285,37226
630130,118.1,118.1,117.3,117.3,1938,37376
630131,117.1,117.6,117,117.4,1564,37460
630201,117.2,117.2,116.3,116.3,1703,37559
630204,116.3,116.7,116.3,116.5,2014,37769
630205,116.5,117.1,116.4,117.1,1067,37853
630206,117.1,117.3,116.6,116.6,1851,38443
630207,116.6,117,116.4,116.5,2370,39373
630208,116.6,117.3,116.5,117.1,1486,39509
630211,117,118,117,117.7,1810,39509
630212,118.1,118.2,117.5,118,2187,40132
630213,117.7,118.5,117.7,118.5,1872,40965
630214,118.6,119.4,118.5,119.3,1374,41207
630215,119.4,119.6,119.2,119.4,3183,41678
630218,119.3,119.4,118.5,118.6,3044,42860
630219,118.4,118.6,118.1,118.1,2843,42922
630220,118,118.4,117.5,118.3,1963,43076
630221,119,119.5,119,119.3,2222,43049
630225,119.3,120,119.3,120,2554,43614
630226,120,120.2,119.6,119.7,3079,44718
630227,119.6,119.6,119.4,119.5,3256,45044
630228,119.4,120.3,119.4,120.2,2101,45278
630301,120.3,120.6,120.2,120.3,3505,45729
630304,120.4,120.4,119.6,119.6,3245,45677
630305,119.6,119.6,118.7,119.1,1702,46010
630306,118.7,118.7,118.2,118.2,4293,45313
630307,118.2,119.3,118.2,119.2,5921,45504
630308,119.3,119.7,118.7,119,3469,45764
630311,118.5,119.5,118.5,119.5,3402,45873
630312,119.1,119.2,118.7,119.2,2377,46030
630313,119.2,119.4,118.7,119,1479,46159
630314,118.6,119.3,118.6,119,2012,46243
630315,119,119.3,119,119.3,1540,46329
630318,119.1,119.5,118.7,119.5,1296,46263
630319,119.4,119.7,119.4,119.4,2618,46614
630320,119.5,119.5,118.7,119,3225,47010
630321,119.3,119.4,119.1,119.3,2677,47721
630322,119.5,120,119.4,119.6,2492,48681
630325,119.4,119.6,119,119.1,2029,49425
630326,119,119,118.4,118.6,3208,50192
630327,118.3,118.6,118.2,118.3,3606,50492
630328,118.2,118.6,118.2,118.5,4192,50920
630329,118.7,119.2,118.3,118.4,2620,50902
630401,118.1,118.1,117.5,117.6,3442,50988
630402,117.4,117.5,117.1,117.4,4493,51156
630403,117.2,117.6,117,117.6,5184,50241
630404,118,118,117.5,117.6,3704,50100
630405,117.6,117.7,117.4,117.5,1890,50600
630408,117.4,117.6,117.2,117.6,2404,50649
630409,117.4,118.4,117.3,118.3,3939,50277
630410,118.3,118.3,117.7,117.7,3352,50833
630411,117.6,118.3,117.6,117.7,2857,52227
630415,117.6,118.1,117.5,118,3343,52537
630416,118,118.2,117.7,118,3775,53080
630417,118.1,118.6,117.7,118.5,2849,53482
630418,118.6,119.3,118.5,119.2,4743,53090
630419,119,119,118.4,118.5,5445,53494
630422,118.4,118.6,118.3,118.6,3539,53330
630423,118.5,118.6,118.3,118.6,4088,54422
630424,118.4,118.5,118.2,118.4,2133,54714
630425,119.2,119.2,118.6,119,4608,54277
630426,119,119.4,119,119,4202,54305
630429,118.6,119,118.5,118.6,3213,54035
630430,118.5,118.7,118.4,118.6,3344,53731
630501,118.6,119.3,118.5,119.2,3391,54210
630502,119.2,119.6,119.1,119.5,4878,55073
630503,119.4,120,119.4,119.7,4036,55735
630506,119.7,120.2,119.6,120.2,4656,55267
630507,120.2,120.7,120.1,120.4,3664,56087
630508,120.4,121,120.2,120.4,5634,56244
630509,120.3,121,120.3,121,7922,55133
630510,120.7,121.3,120.6,121.2,6312,55101
630513,121,121.1,120.5,120.6,6837,54535
630514,120.6,120.6,119.7,120.3,6910,53672
630515,120.1,122,120.1,121.6,5483,54112
630516,121.4,121.6,121,121.1,10538,54114
630517,120.7,121.1,120.2,120.6,7004,54007
630520,121,121.2,120.5,121.1,7973,53630
630521,120.7,121,120.2,120.4,6294,53800
630522,119.4,121.7,119.1,121.6,8283,54632
630523,121.2,121.6,120.6,121.3,11009,53786
630524,121.3,121.6,121.2,121.3,5881,53481
630527,121.2,121.5,120.6,120.7,5469,52195
630528,120.6,121.7,120.6,121.6,5748,50932
630529,122,122.7,122,122.7,6416,51732
630531,122.7,123.3,122.6,123.2,9007,51066
630603,123.4,124.1,123.4,123.5,8247,49591
630604,123.6,123.7,123.1,123.2,10014,48165
630605,123.2,123.6,123.1,123.3,7113,47175
630606,123.3,124.4,123.3,124.3,5972,45819
630607,124.6,124.7,124.4,124.6,6503,45399
630610,124.6,125.1,124.5,125,9886,44150
630611,125,125.4,124.5,125.3,7252,43133
630612,125.6,126.6,125.5,126.5,11144,40409
630613,127,127.4,126.5,126.6,10820,37302
630614,126.4,127.4,126.2,127,9727,34617
630617,127.1,127.3,126.5,127.1,8775,33200
630618,127,127.2,126.5,126.6,5704,30862
630619,126.6,126.6,125.6,125.7,6814,29796
630620,125.7,126.4,125.4,126.2,6201,28167
630621,125.7,126,125.5,125.6,6120,26837
630624,126,127.2,125.7,127.2,3496,26020
630625,127.3,127.6,127,127,5699,26382
630626,126.7,127.7,126.7,127.6,5802,25951
630627,127.7,128.5,127.7,128.3,5855,24693
630628,128,128.1,127,127,6251,23866
630701,127.6,129.5,127.6,129.2,9051,23164
630702,129.4,129.5,127.3,128,7526,19910
630703,129.6,130,128.4,129.3,4729,18855
630705,128.4,129.1,128,129,5770,18446
630708,128,128.3,127.4,128,3990,17143
630709,128,129.7,128,129.3,4674,16511
630710,129.4,130.2,129.4,130,4571,15557
630711,129.7,130.1,129.4,130,5871,14667
630712,130.3,130.4,129.3,129.5,2808,13829
630715,128.6,128.6,127.7,128,5008,12035
630716,128.1,129.6,127.6,129.3,3962,11572
630717,129.4,129.6,128.4,129.3,3499,10584
630718,129.4,130,129,130,3666,9063
630719,130.2,131.3,130.1,130.4,3329,7901
630722,130.2,131,126,126,5910,6530
