630102,113.1,113.1,111.4,111.5,0,0
630103,111.7,111.7,110.6,110.6,499,370
630104,110.5,111,110.2,110.4,998,1153
630107,110.4,110.7,110.2,110.4,1724,2247
630108,110.5,111.1,110.4,110.7,1459,3241
630109,111.1,111.1,110.4,111,756,3536
630110,111,111.3,110.7,111.1,1252,4202
630111,111.2,111.4,111,111,648,4567
630114,111.3,112,111.2,111.4,1404,5445
630115,111.6,112.7,111.5,112.6,1594,6545
630116,113,113.3,112.6,113.3,2101,7454
630117,113.6,114,113.3,114,1490,8362
630118,114.4,114.6,114,114.4,1086,8737
630121,114.5,114.6,113.5,114.1,1374,9184
630122,113.7,114.1,113.2,113.2,1711,9608
630123,113.1,113.6,113,113.4,1587,10597
630124,113.6,113.7,112.7,112.7,1448,11392
630125,113,114.3,112.6,113.7,2650,12602
630128,114,114.3,113.7,114,2076,13125
630129,114.1,114.3,114,114.1,1510,13650
630130,114,114,113.4,113.4,790,13980
630131,113.2,113.6,113.1,113.5,676,14356
630201,113.4,113.4,112.4,112.5,1276,14920
630204,112.4,113.2,112.4,113.2,1330,15503
630205,113.1,113.5,113,113.4,678,15774
630206,113.4,113.7,113.1,113.1,1375,16575
630207,113.2,113.4,113,113.3,1752,17398
630208,113.3,113.7,113.2,113.5,642,17476
630211,113.5,114.4,113.5,114.3,300,17526
630212,114.5,114.6,114.1,114.4,2634,19016
630213,114.4,115.2,114.3,115.2,1616,19431
630214,115.2,115.5,114.7,115.2,2185,20107
630215,115.1,115.5,115,115.3,2868,20685
630218,115.2,115.2,114.3,114.5,1671,20930
630219,114.4,114.6,114.2,114.3,2567,21425
630220,114.4,114.7,114.1,114.4,1220,21404
630221,115,115.1,114.5,114.5,990,21310
630225,115,115.3,114.6,115.2,857,21516
630226,115.3,115.4,115.1,115.1,1496,22372
630227,115.3,115.3,114.6,115,1492,22577
630228,115,115.3,114.6,115.3,1476,23561
630301,115.2,115.5,115.1,115.3,1404,24191
630304,115,115.2,114.5,114.6,1404,24067
630305,114.4,114.7,114.4,114.5,1003,24406
630306,114.3,114.5,114.1,114.3,2403,24548
630307,114.1,115.1,114.1,115.1,3258,24322
630308,115.2,115.4,114.5,114.6,2050,24362
630311,114.5,115.4,114.5,115.3,970,24835
630312,115,115.4,114.7,115.4,822,25079
630313,115.2,115.5,115,115.1,853,25096
630314,115.1,115.4,115,115.2,802,25391
630315,115.1,115.2,114.6,115.1,679,25744
630318,114.6,115.2,114.4,115.2,858,25817
630319,115.1,115.4,115,115.2,960,26115
630320,115.1,115.3,114.4,114.6,729,26154
630321,114.5,114.6,114.2,114.4,2541,27475
630322,114.4,115.2,114.4,114.7,3779,28056
630325,114.6,115,114.4,114.4,1640,28671
630326,114.4,114.4,114.1,114.4,1095,29035
630327,114.3,114.3,113.7,114,2056,29464
630328,114.1,114.4,114,114.4,2623,29998
630329,114.5,115,114.1,114.1,1746,30234
630401,114,114,113.6,113.7,1506,29993
630402,113.6,114.1,113.4,113.7,1384,30253
630403,114,114,113.6,113.7,2596,29681
630404,114,114.1,113.6,113.7,1067,29694
630405,113.7,114,113.6,114,1242,29849
630408,114,114,113.5,113.7,2073,30057
630409,113.7,114.3,113.6,114,1970,29704
630410,114,114.1,113.6,113.6,1193,30405
630411,113.7,114,113.3,113.4,757,30597
630415,113.4,113.5,113.1,113.3,2405,30792
630416,113.2,113.3,112.6,113,3270,31055
630417,113,113.2,112.7,113.1,2912,32217
630418,113.2,113.6,113.1,113.4,2042,32578
630419,113.5,114,113.4,113.6,1840,32669
630422,113.5,114.2,113.4,114,2318,33026
630423,114.1,114.2,114,114.1,1276,33035
630424,114.2,114.4,114.1,114.1,1087,32877
630425,114.6,114.7,114.3,114.4,1538,32972
630426,114.5,115.4,114.3,114.6,1191,33292
630429,114.4,114.4,114,114,3119,34108
630430,113.7,114.1,113.6,114,1822,34454
630501,114,114.3,113.6,114.2,942,34644
630502,114.2,115,114.1,115,1084,34873
630503,115,115.1,114.7,115,1038,35116
630506,115,115.1,114.7,114.7,1006,35341
630507,115,115.7,115,115.4,1108,35707
630508,115.4,115.7,115.2,115.2,5013,36409
630509,115.2,116.4,115.2,116.2,1886,37121
630510,115.7,116.4,115.6,116.1,2949,37171
630513,115.5,116,115.2,115.4,3423,37543
630514,115.3,115.5,115,115.1,2407,37826
630515,115,116.1,115,115.6,2729,37343
630516,115.5,115.6,115.3,115.4,2923,37497
630517,115.1,115.5,114.5,115,1604,37195
630520,115,115,114.2,114.2,2703,36939
630521,114.2,114.4,113.4,113.6,3172,37272
630522,113,115.2,113,114.6,3522,37494
630523,114.4,114.7,114.2,114.4,4527,37542
630524,114.5,115,114.4,114.7,2433,37998
630527,114.4,114.7,114.2,114.5,1320,38158
630528,114.4,115.1,114.2,115.1,2163,38909
630529,115.1,115.6,115,115.4,1720,38892
630531,115.4,115.5,115.3,115.5,3343,39094
630603,115.6,116.4,115.6,116.1,2177,39156
630604,116.1,116.1,115.6,116,4630,39233
630605,116,116.3,115.5,115.6,2410,39405
630606,115.6,116.6,115.6,116.5,3069,39175
630607,116.7,117,116.2,116.5,4894,39640
630610,116.4,116.5,116.1,116.2,5104,39534
630611,116.4,116.4,115.7,116,4382,39702
630612,116.2,117.3,116.2,117.1,5170,40073
630613,117.2,118.1,117.2,117.4,6799,40867
630614,117.4,118.2,117,117.4,8215,41745
630617,117.4,118,117.2,117.3,7406,42533
630618,117.4,117.5,116.6,116.6,3316,42307
630619,116.4,116.6,116,116.2,4646,41832
630620,116.2,116.6,116,116.4,5624,42353
630621,116.2,116.2,115.5,115.6,4993,42403
630624,115.6,117,115.6,116.6,4392,43789
630625,117,117.3,116.1,116.2,4932,44540
630626,116.3,117,116.3,116.6,4760,45007
630627,117,118,117,117.7,4513,45586
630628,117.7,118.1,117.2,117.3,10004,46193
630701,118,123.2,118,123,6922,47524
630702,123.4,125,121.5,121.6,22603,46931
630703,122.4,123.6,121.6,122.5,19753,49759
630705,121.4,122.3,121.3,122.1,15313,51958
630708,120,120,118.2,119,9418,53211
630709,119.1,119.7,119.1,119.3,18121,50708
630710,119.4,120,119.1,119.2,6955,50861
630711,119,119,117.6,118,8071,52127
630712,118,118.2,117,117.4,10123,52622
630715,115.6,116.2,115,115,9079,53154
630716,115,115.6,115,115.3,16344,51582
630717,115.3,115.3,114.6,115,7399,51059
630718,114.7,115.2,114.5,115,6151,50310
630719,114.7,115,114.3,114.6,4891,50309
630722,114.5,114.5,114,114.1,5535,49039
630723,114.3,114.7,114.1,114.5,5988,49290
630724,115.1,115.6,115,115.4,5132,48602
630725,116,116.3,115.5,115.6,7083,49178
630726,115.3,115.4,114.2,114.4,5635,48700
630729,114.2,114.3,113.6,114.2,4656,48744
630730,114,114,113.3,113.3,6802,49065
630731,113.3,113.3,112.4,112.6,6369,48644
630801,112.4,113.4,112.4,113.2,11176,48140
630802,113,113.6,112.6,113.2,9503,48162
630805,113.2,113.4,113,113.2,5855,48143
630806,113,113,112,112.2,4063,47823
630807,112.1,112.1,111.3,111.5,6503,47891
630808,111.7,112.2,111.5,111.5,5520,48152
630809,111.4,111.5,111.1,111.3,4037,48953
630812,111.6,112.3,111.4,111.7,5269,48855
630813,111.7,112.7,111.7,112.5,6574,50219
630814,112.5,113.2,112.2,112.2,6881,49138
630815,112,112.7,111.6,112.7,6315,48428
630816,112.4,112.7,112,112.2,5561,49653
630819,112,112.3,111.6,112.2,2426,49639
630820,112.2,112.5,111.6,112.5,3604,49499
630821,112.5,113,112,112.1,4396,49391
630822,112,113.1,112,113,3746,49627
630823,113.1,113.4,112.4,113,4531,49938
630826,113,113.4,112.6,113.2,5116,50513
630827,113.2,114,113,114,3715,50808
630828,114,114,113.3,113.3,7508,51585
630829,113.3,113.4,113,113.2,4589,51705
630830,113.1,113.5,113.1,113.2,2975,52049
630903,113.2,113.7,113,113.5,3362,52643
630904,113.7,113.7,113.3,113.5,5398,53257
630905,113.4,113.6,113,113,5099,53407
630906,113,113.1,112.4,112.4,4437,53870
630909,112.5,112.7,112.3,112.4,5155,54575
630910,112.4,113.6,112.4,113.4,7271,55869
630911,112.7,113.4,112.4,113.3,9970,59901
630912,113.3,114.2,113,113.7,5535,60301
630913,113.6,114.6,113.5,114.3,8992,61107
630916,115,116,115,115.5,13304,60480
630917,115.5,117,115.2,116.1,15390,60627
630918,116.2,116.7,116,116,17783,62950
630919,116.1,117,115.3,115.5,10424,63132
630920,116,120.2,115.6,120.2,13510,64988
630923,119.2,120.1,117.7,118.7,24607,65181
630924,119,121.5,118.6,121.4,18555,66502
630925,122.2,124.4,121.2,123.7,21848,67335
630926,123,123,117.5,119,26020,63420
630927,118,118,116.3,117.2,28521,59730
630930,117.6,120.5,117.6,119.7,15445,58810
631001,120.2,122.2,119.2,121,12421,58182
631002,119.4,120.3,118.7,119.4,19526,60471
631003,118.4,119.7,118,119.2,10487,61012
631004,119.4,121,119.4,120.2,11860,60082
631007,120.6,121.7,120.6,121.5,10069,60803
631008,122.4,123.1,120.5,120.5,11687,61460
631009,120.4,121.5,120.1,121.5,12894,59778
631010,121.6,122,120.3,121.2,10713,60754
631011,119.4,119.4,116.4,116.5,11377,61616
631014,116.1,117.4,116,116.6,19928,62032
631015,117.2,118.7,117.2,118.6,12775,61329
631016,118.6,118.7,117.6,118.1,9740,61767
631017,117.4,117.5,116.2,116.2,8910,61894
631018,116,116.2,115.6,115.7,12674,60778
631021,115.6,117,115.4,116.4,11215,61141
631022,116.7,117.4,116.5,117.1,10943,60476
631023,117.4,118,117.3,117.4,10569,59839
631024,118,118.2,117.2,117.3,9858,58251
631025,116.7,118,116.5,117.4,7080,57578
631028,116.5,117.6,116.5,117.3,17508,57389
631029,117.2,117.4,116.5,116.6,10622,55736
631030,116.5,116.5,116,116.2,9309,53890
631031,116.5,117.2,116.2,116.7,10717,53042
631101,117.1,118.6,117,118.3,6693,52492
631104,118.3,119.5,118.3,119.1,10520,51240
631105,119,119.1,118.2,118.5,12427,51019
631106,118.4,118.7,117.6,118.1,9151,49925
631107,118,118.7,117.6,118.3,10136,48466
631108,118.6,119.4,118.4,119.1,7269,48811
631111,119,119.1,118.4,118.4,9061,47187
631112,118,118,117.4,117.5,8409,48371
631113,117.4,118.1,117.3,117.6,9772,48957
631114,117.6,117.6,117,117.1,8649,48379
631115,117,117.1,116.6,116.6,6191,49618
631118,116.5,117.4,116.4,117.1,6821,48637
631119,116.7,117.4,116.5,116.7,9073,48541
631120,116.6,117.2,116.3,116.3,6787,47445
631121,116.4,116.4,116,116.1,11201,47082
631122,116.2,116.2,115,115.2,8520,44897
631126,115.6,116.2,115.4,116,10294,41988
631127,116.2,116.4,116,116.4,9543,40961
631129,116.2,116.4,115.5,115.7,9353,37106
631202,115.6,116,114.7,115.5,12889,32770
631203,115.6,116.2,115.5,115.5,9943,31365
631204,115.6,117,115.6,116.4,5577,28882
631205,116.6,117.4,116.6,117.3,7397,23189
631206,117.3,118.5,117.3,118.4,6241,21335
631209,118.5,119.2,118.3,118.6,6431,19355
631210,119,119.3,118.1,118.3,4191,18039
631211,118.2,118.5,118,118.4,4087,17199
631212,118.7,119,118.2,118.4,2390,15063
631213,118.7,119,118,118.1,3386,13365
631216,118,118.1,117.6,117.7,3315,11150
631217,117.7,117.7,117.4,117.7,1851,10661
631218,117.6,118.3,117.6,118.2,2122,9060
631219,118.7,119.4,118.2,118.3,3293,6708
