630401,116.4,116.6,116.4,116.4,0,0
630402,116.4,117,116.3,117,32,27
630403,116.6,116.7,116.4,116.5,55,77
630404,116.7,116.7,116.6,116.6,86,143
630405,116.6,116.6,116.4,116.6,20,148
630408,116.3,116.6,116.2,116.5,10,153
630409,117,117,117,117,20,168
630410,116.7,116.7,116.6,116.6,40,178
630411,116.5,116.6,116.2,116.2,25,178
630415,116.2,116.3,115.7,116.1,76,234
630416,116,116,115.5,115.5,90,299
630417,115.4,115.7,115.4,115.6,255,454
630418,116.1,116.3,116,116.3,415,734
630419,116.3,116.5,116.2,116.4,116,735
630422,116.7,116.7,116.6,116.6,402,972
630423,116.7,117,116.6,117,80,1012
630424,117.1,117.3,117.1,117.1,110,1022
630425,117.5,117.6,117.2,117.4,152,1139
630426,117.5,118.3,117.2,117.6,265,1169
630429,117.3,117.3,116.4,116.4,317,1327
630430,116.3,116.6,116.3,116.6,406,1667
630501,116.6,117.2,116.6,117.2,213,1747
630502,117.2,118,117.2,118,60,1757
630503,117.7,118,117.7,118,212,1847
630506,118,118,117.5,117.6,76,1867
630507,117.5,118.4,117.5,118.3,407,2079
630508,118.2,118.4,117.6,118.1,507,2330
630509,118.2,119.3,118.2,119,335,2425
630510,118.7,119.3,118.5,119.2,522,2850
630513,118.4,118.6,118.1,118.4,507,2937
630514,118.4,118.4,117.7,118.1,224,2988
630515,118,119,117.7,118.6,371,3067
630516,118.4,118.6,118.2,118.3,525,3202
630517,118.1,118.4,117.5,118,1070,3427
630520,117.6,117.7,116.7,117.2,1241,3852
630521,117.2,117.2,116.4,116.5,557,4045
630522,115.5,118,115.5,117.5,772,4475
630523,117,117.4,117,117.4,1702,4653
630524,117.3,118,117.3,117.6,266,4666
630527,117.5,117.6,117,117.4,170,4671
630528,117.3,118.1,117,118.1,794,5303
630529,118.1,118.4,118,118.3,635,5808
630531,118.3,118.4,118.1,118.4,436,5808
630603,118.4,119.4,118.4,119.1,898,5788
630604,119.2,119.2,118.5,119,737,6100
630605,118.7,119.2,118.4,118.6,534,6190
630606,118.7,119.7,118.7,119.6,932,6320
630607,120,120,119.2,119.6,1880,7295
630610,119.2,119.3,118.7,119.2,1484,7469
630611,119.2,119.3,118.5,118.7,454,7593
630612,118.7,120.3,118.7,120.2,460,7833
630613,120.2,121,120,120.5,1960,8151
630614,120.1,121.2,119.6,120.6,1393,8261
630617,120.3,121,120.1,120.3,1387,8543
630618,120.4,120.4,119.5,119.6,584,8730
630619,119.3,119.4,118.7,119,930,9267
630620,119.1,119.5,119,119.3,1187,9566
630621,118.6,118.7,118.4,118.4,960,9726
630624,118.7,119.6,118.6,119.5,1245,10361
630625,119.5,120.1,119.2,119.2,972,10609
630626,119.3,120,119.3,119.6,2071,11154
630627,119.7,120.7,119.7,120.7,927,11240
630628,121.1,121.2,120.2,120.2,1711,11560
630701,123.6,126,122.6,125.6,1954,11841
630702,127,129,124.6,125,5605,13688
630703,125,126.6,125,125.6,5858,14771
630705,125,125.3,124,125,4183,16109
630708,122,122.7,121.3,122,2770,16708
630709,122.1,123.1,122.1,122.4,4462,17577
630710,122.5,123.1,122.1,122.3,1855,17834
630711,121.6,122,121.1,121.2,1772,18411
630712,121.4,121.5,120.4,120.7,2567,18903
630715,119.4,119.4,118.2,118.3,3531,19239
630716,118.1,118.6,118.1,118.2,3702,18374
630717,118.1,118.2,117.4,118,3185,17571
630718,117.6,118.1,117.4,117.7,3587,18679
630719,117.7,117.7,117.2,117.4,1616,18829
630722,117.3,117.4,116.7,117,1532,18885
630723,117.1,117.6,117,117.5,1057,19024
630724,118,118.6,117.7,118.4,2080,19091
630725,119.6,119.6,118.4,118.4,1723,19146
630726,118.3,118.3,117.2,117.3,1798,18876
630729,117.3,117.3,116.5,117,1883,19067
630730,116.6,116.6,116.2,116.2,1673,19328
630731,116,116.1,115.5,115.6,1748,19413
630801,115.4,116.3,115.4,116,3713,20000
630802,116.1,116.7,115.7,116.3,2117,20924
630805,116.3,116.4,116.2,116.4,2181,21320
630806,115.6,115.7,115.3,115.4,872,21290
630807,115.3,115.4,114.5,114.6,1131,21505
630808,114.6,115.3,114.6,114.7,3321,22381
630809,114.5,114.6,114.3,114.4,1281,22279
630812,114.6,115.4,114.6,114.7,1235,22561
630813,115,115.6,115,115.6,2122,22797
630814,115.7,116.3,115.2,115.2,1922,23187
630815,115,116,114.7,115.7,1687,23137
630816,115.6,115.7,115,115.2,1804,23145
630819,115,115.3,114.6,115.2,708,23117
630820,115.2,115.6,115,115.6,756,23147
630821,115.7,116.1,115.1,115.1,564,23127
630822,115.3,116.2,115.3,116.2,737,23120
630823,116,116.3,115.4,116.1,632,23097
630826,116.1,116.4,116,116.2,915,23075
630827,116.2,117,116,117,1001,23342
630828,117,117,116.4,116.4,1253,23846
630829,116.4,116.4,116,116.3,850,23986
630830,116,116.4,115.7,116,749,24197
630903,115.7,116.5,115.7,116.5,1297,24514
630904,116.5,116.5,116.3,116.3,1587,25166
630905,116.2,116.5,115.7,115.7,746,25441
630906,115.6,116,115.4,115.5,1374,25993
630909,115.4,115.7,115.3,115.4,2724,26431
630910,115.4,116.6,115.4,116.4,1578,27014
630911,115.5,116.4,115.5,116.4,2368,26752
630912,116.2,117.4,116.1,117.2,1377,27247
630913,117.1,118,117,118,3098,27844
630916,118.4,119.6,118.4,119.3,3995,28111
630917,119.4,121,118.6,120,4838,28200
630918,119.5,120.2,119.2,119.3,6005,28693
630919,119.3,120,118.4,118.7,3199,28969
630920,119,124.4,119,123.5,4259,29914
630923,123.7,124,121,122.6,7787,29851
630924,122.6,125.4,122.4,125.2,4536,29834
630925,126.2,128,125.1,127.7,9936,28796
630926,127.4,127.4,121.5,123,11033,28939
630927,121,121.6,120.2,121.4,11345,31567
630930,121.6,124.3,121.6,123.6,5046,31560
631001,124.4,125.7,122.7,124.4,6125,31713
631002,122.7,123.7,122.2,122.6,8168,32095
631003,122.2,123.1,121.3,122.5,4058,33334
631004,122.7,124.3,122.6,123.6,4501,34017
631007,124.2,125.5,124.2,125.4,3778,33969
631008,127,127,124.4,124.4,7608,32320
631009,124.5,125.4,123.6,125.4,4889,32267
631010,126.4,126.4,124.2,125.1,5337,32670
631011,123.4,123.4,120.2,120.2,5132,33101
631014,120.2,121.3,119.5,120.4,7976,34916
631015,120.7,122.5,120.7,122.4,4365,35028
631016,122.4,122.4,121.4,121.7,3749,35035
631017,121.3,121.3,120,120,3282,35361
631018,119.6,120,119.3,119.6,5025,35765
631021,119.6,120.6,119.4,120.1,2878,35987
631022,120.3,121,120.1,120.7,4366,36848
631023,121.4,121.7,121,121.1,3338,36771
631024,122.2,122.2,121.1,121.2,3003,37667
631025,121.1,122.1,120.4,121.6,3782,38698
631028,121.2,122,120.7,121.1,10511,42005
631029,121.2,121.4,120.6,120.7,5775,43344
631030,120.5,120.6,120,120.2,4267,43505
631031,120.5,121.3,120.3,121,5214,44255
631101,121,123.1,121,122.7,4396,44266
631104,122.7,124,122.7,123.5,7239,44229
631105,123.5,123.5,122.3,123,10187,46794
631106,122.7,123,121.6,122.1,6656,48054
631107,121.7,123,121.7,122.4,7630,49869
631108,122.4,123.5,122.4,123.3,4770,50233
631111,123.2,123.2,122.2,122.2,5556,49612
631112,122,122,121.3,121.3,2787,50188
631113,121.4,122,121.2,121.4,4623,50761
631114,121.5,121.6,121,121.2,5126,50505
631115,121,121,120.4,120.6,4200,51809
631118,120.2,121.6,120.2,121.4,3997,51881
631119,121.1,121.6,120.7,121.2,6954,53559
631120,120.4,121.3,120.4,120.7,4576,54429
631121,120.4,120.5,120.1,120.2,6144,55580
631122,120,120.3,119.1,119.2,5266,55610
631126,119.6,120.4,119.5,120.4,10261,56508
631127,120.5,121,120.5,120.6,4127,56406
631129,120.6,121,120,120.2,5190,56386
631202,120,120.2,118.6,119.6,8707,60373
631203,119.7,120.2,119.5,119.7,13074,58151
631204,119.6,120.5,119.5,120.3,5789,58070
631205,120.5,121,120.4,120.6,6144,58398
631206,120.6,121.6,120.6,121.5,6641,58418
631209,121.4,122.1,121.3,121.5,8662,58346
631210,121.7,122,121.1,121.3,5958,59034
631211,121.2,121.3,120.7,121.1,6146,60224
631212,121.1,121.6,121.1,121.4,4104,61203
631213,121.4,121.5,120.5,120.5,5445,61244
631216,120.6,120.7,120.3,120.3,5086,61403
631217,120.3,120.4,120,120.3,3654,61648
631218,120.5,121,120.5,120.6,4731,62364
631219,121.4,121.7,121,121.2,5059,62111
631220,121.3,121.4,120.1,120.2,5928,62631
631223,120,120.3,119.6,120.3,5722,61553
631224,120.3,120.5,120.1,120.5,2704,61436
631226,120.3,121.1,120.3,121,1565,61811
631227,121.3,121.3,121,121.1,2591,61601
631230,121.1,121.2,120.2,120.4,2593,61320
631231,120.2,120.2,119.7,120.1,3874,61349
640102,120,120,119,119.1,2674,61039
640103,119.3,119.7,119.2,119.5,6095,60268
640106,120.2,121,120.1,120.7,3649,59312
640107,120.4,120.5,119.7,119.7,5329,59326
640108,120,120.5,119.7,120.1,5049,58630
640109,120,120.6,119.7,120.5,4495,58267
640110,120.4,121,120.2,120.7,4453,58049
640113,120.6,121.4,120.4,121.3,5243,57831
640114,121.2,121.5,121.1,121.2,5899,57825
640115,121,121.2,120.6,121,7083,57623
640116,121,121.1,120.5,120.6,3619,57381
640117,120.5,120.7,120.4,120.5,2399,57494
640120,120.4,120.4,120.1,120.2,3738,56862
640121,120.2,120.5,120.2,120.5,3347,55755
640122,120.5,120.7,120.3,120.6,2205,55284
640123,120.6,121.4,120.6,121.3,3718,53331
640124,121.4,121.5,121.1,121.1,4185,52684
640127,120.4,120.7,120.4,120.5,5077,50449
640128,120.5,121,120.3,120.7,2130,50049
640129,120.5,121.4,120.5,120.6,6177,48728
640130,120.4,120.5,120.3,120.3,6385,47643
640131,120.4,120.5,120.1,120.2,5748,45150
640203,120.2,120.4,119.6,119.6,7082,41405
640204,119.5,119.6,119.3,119.4,4861,39710
640205,119.2,120,119.1,119.7,3978,39223
640206,119.7,120.4,119.5,119.7,4086,38737
640207,119.7,119.7,119.4,119.6,4633,37341
640210,119.4,119.5,119.2,119.2,2203,37341
640211,119.1,119.1,118.6,118.7,2845,36146
640212,118.4,118.5,117.6,117.7,6376,34051
640213,117.1,117.5,117,117.4,6064,33731
640214,117.1,118.2,117.1,118,6188,32184
640217,117.5,117.6,117.3,117.6,3965,30499
640218,117.4,118,117.4,117.6,2721,29698
640219,117.6,117.6,117.4,117.4,1390,29370
640220,117.4,118,117.2,117.7,2015,29071
640224,117.6,118.4,117.4,118.3,4995,26631
640225,118.4,119.2,118.3,118.7,4393,25183
640226,119,119.1,118.4,118.5,6462,22462
640227,118.4,118.5,118.2,118.2,3642,20773
640228,118.1,118.6,118,118.2,4497,18977
640302,118.1,118.5,118.1,118.4,8015,16226
640303,118.2,119,118.2,118.7,3109,14629
640304,118.6,119,118.5,118.6,2887,13302
640305,119,119.6,119,119.4,2832,12404
640306,119.6,120,119.3,119.6,3360,12017
640309,119.5,119.6,119,119.1,2472,10606
640310,119.2,119.6,119,119.4,2349,9652
640311,119.5,120,119.4,119.7,2058,9074
640312,120.2,120.3,119.7,120,2185,8638
640313,120,120.4,120,120.2,2896,7202
640316,120.3,120.4,120,120.3,1421,6608
640317,120.4,120.6,119.4,119.5,1548,5714
640318,119.3,120.3,119.3,120.2,3478,4006
640319,120,120.2,119.3,119.3,2160,2486
