630801,120,120.2,119.6,120.1,0,0
630802,120,121,120,120.5,1057,782
630805,120.5,120.6,120.3,120.6,149,834
630806,119.7,120.1,119.6,119.7,75,850
630807,119.6,119.6,119.2,119.2,238,1072
630808,119.2,119.6,119.2,119.2,988,1735
630809,119.2,119.2,119,119,495,2038
630812,119,119.6,119,119.4,201,2144
630813,119.2,120,119.1,120,852,2856
630814,120,120.3,119.4,119.4,211,2972
630815,119,120.2,119,120.2,640,3395
630816,120,120.1,119.3,119.4,225,3390
630819,119.1,119.4,119.1,119.4,55,3430
630820,119.4,120,119.2,120,42,3431
630821,120,120.2,119.5,119.5,50,3451
630822,119.6,120.4,119.6,120.4,182,3553
630823,120.4,120.4,119.7,120.3,178,3613
630826,120.3,120.6,120,120,85,3648
630827,120.3,121.2,120.3,121.2,271,3844
630828,121.1,121.1,120.6,120.6,70,3889
630829,120.2,120.5,120.2,120.5,76,3890
630830,120.3,120.6,120,120.1,45,3905
630903,120,120.4,120,120.4,131,3900
630904,120.5,120.5,120.2,120.2,1555,4100
630905,120.2,120.4,119.6,119.6,521,4456
630906,119.6,119.7,119.3,119.3,916,4920
630909,119.5,119.7,119.2,119.4,908,5520
630910,120,120.5,119.6,120.4,950,5679
630911,120.2,120.2,119.5,120.2,160,5719
630912,120.2,121.4,120,121,1821,7392
630913,121,121.6,120.7,121.6,970,8207
630916,122.3,123.6,122.3,123.3,309,8342
630917,123.2,125,122.6,123.6,758,8494
630918,124,124,123.2,123.2,491,8651
630919,123.4,123.6,122.2,122.5,751,8852
630920,122.3,128.6,122.3,128.4,1036,8813
630923,127.6,128,125.6,126.4,2404,9791
630924,126.5,129.1,126.2,129.1,2514,10256
630925,130,131.4,129.1,131.3,2842,10793
630926,130.7,130.7,124.6,125.4,3203,11727
630927,124.4,124.6,122.6,123.2,3067,12729
630930,123.6,126.2,123.6,125.7,1847,12009
631001,126.2,128.1,125.2,126.5,1139,12268
631002,125.5,125.6,124.5,125,1667,12439
631003,124.2,125.2,124,125,1402,12686
631004,125.1,126.2,125.1,125.6,645,13019
631007,126.4,127.5,126.4,127.5,284,13051
631008,128.4,129.2,127,127.6,613,13024
631009,127,128.3,126.7,128.2,1536,13235
631010,130,130.2,127.7,128,884,13544
631011,126.6,126.7,124,124,971,13883
631014,124,124.6,123.6,123.7,2165,14104
631015,124.4,125.6,124.2,125.4,1457,13723
631016,125.6,125.7,124.6,125.1,1118,13865
631017,124.3,124.5,123.6,123.6,1038,14223
631018,123.6,123.6,123.3,123.4,842,14231
631021,123.2,124.7,123.2,124.4,1047,14616
631022,124.7,125.2,124.5,125.2,1921,15193
631023,126.3,126.4,125.2,125.2,865,15193
631024,126,126.2,125.2,125.4,1555,15591
631025,125.2,127,125,126.5,864,15880
631028,126.4,127.1,126,126,2937,17188
631029,126.1,126.3,125.4,125.5,1699,17575
631030,125.3,125.4,124.6,125.1,1295,18315
631031,125.3,126.2,125.2,125.7,2546,19539
631101,126.1,127.7,126,127.7,1532,19969
631104,128.2,129.1,127.7,128.3,3230,20924
631105,128.4,128.4,127.2,128.1,3090,21634
631106,128.1,128.2,127.1,127.4,3678,23256
631107,127.2,128.1,127.1,127.3,1297,23862
631108,127.6,128.6,127.5,128.3,1244,24055
631111,128.1,128.2,127.4,127.4,1854,24604
631112,127.3,127.3,126.3,126.3,2187,25453
631113,126.4,127.1,126.2,126.7,2194,26348
631114,127,127,126.1,126.1,2174,27086
631115,126,126,125.4,125.5,1625,27550
631118,125.3,126.6,125.3,125.7,2126,28036
631119,125.5,126.4,125.4,125.7,1411,28175
631120,125.4,126.1,125.2,125.5,964,28408
631121,125.5,125.5,125.1,125.2,2139,28069
631122,125.1,125.3,124,124.1,2420,28521
631126,124.6,125.3,124.3,125.2,2427,29399
631127,125.4,125.7,125.4,125.5,1993,29912
631129,125.5,125.6,125,125,1464,30649
631202,125,125.2,124,124.5,1975,31499
631203,124.5,124.6,124.2,124.3,2157,31988
631204,124.4,125.2,124.2,125.2,1310,32566
631205,125.4,125.6,125,125.3,1742,32559
631206,125.2,125.7,125.1,125.4,2112,33226
631209,125.5,125.6,125.3,125.4,1951,33080
631210,125.4,125.5,125.2,125.4,1173,33519
631211,125.3,125.3,125,125,1219,33597
631212,125.2,125.5,125.2,125.5,2128,33719
631213,125.5,125.5,124.7,125,581,33550
631216,125.1,125.2,124.7,125,1708,33717
631217,124.6,124.6,124.5,124.5,863,33885
631218,124.7,125.2,124.7,125,775,33948
631219,125.6,126,125.2,125.3,1008,33920
631220,125.5,125.6,124.6,124.6,2042,33974
631223,124.4,124.7,124.2,124.7,912,33741
631224,124.7,124.7,124.4,124.7,1465,33836
631226,124.6,125.2,124.6,125.2,386,33827
631227,125.4,125.4,125.2,125.3,437,33816
631230,125.1,125.3,124.4,124.4,799,33662
631231,124.2,124.5,124.1,124.1,1584,33328
640102,124,124,122.7,122.7,1252,33230
640103,123.4,123.7,123.2,123.5,5449,33207
640106,124.4,125.4,124.2,125.2,1348,33189
640107,124.5,124.6,124,124,2764,33517
640108,124.1,124.6,123.7,123.7,1321,33613
640109,124,124.6,123.7,124.5,1727,33829
640110,124.5,124.6,124,124.4,1129,33934
640113,124.6,125.3,124.3,125.1,2515,34486
640114,125.3,125.5,125,125.3,1858,34841
640115,125.2,125.3,124.7,125.1,3718,36172
640116,125.1,125.1,124.5,124.5,1788,36808
640117,124.6,124.6,124.1,124.3,865,37020
640120,124.2,124.3,123.7,124,1416,37145
640121,124.1,124.6,124,124.5,1885,37614
640122,124.6,125,124.3,124.4,1259,37620
640123,124.5,125.2,124.5,125,1866,37317
640124,125.1,125.2,124.5,124.6,1553,37232
640127,124.2,124.5,124.2,124.4,1125,37668
640128,124.3,124.5,123.7,124.5,952,37991
640129,124.4,124.7,124.2,124.4,1438,37926
640130,124.3,124.3,124,124.1,1232,38021
640131,124.1,124.4,123.7,124,882,38152
640203,124.2,124.3,123.5,123.6,1693,38329
640204,123.5,123.7,123.4,123.4,1507,38187
640205,123.4,124.1,123.2,124,3242,38011
640206,123.6,124.6,123.6,124.1,1684,37992
640207,124,124.1,123.6,124,2130,38038
640210,123.6,123.7,123.4,123.4,1390,38006
640211,123.2,123.2,122.5,122.7,2219,38445
640212,122.4,122.4,121.7,122,3437,38231
640213,121.4,121.7,121.3,121.6,3675,38140
640214,121.5,122.5,121.5,122.5,5430,38322
640217,122.2,122.2,121.7,122,2565,38652
640218,122,122.3,121.7,122.1,1663,38617
640219,122.1,122.2,121.7,122,1616,38424
640220,122,122.4,121.6,122.3,1523,38501
640224,122.1,123.1,121.7,123.1,2751,38739
640225,123,123.6,123,123.3,2617,39459
640226,123.4,123.4,123.1,123.2,3205,40167
640227,123.1,123.2,122.7,122.7,1672,40550
640228,122.7,123.7,122.7,123.4,3901,41395
640302,123.4,123.6,123.3,123.6,3753,42597
640303,123.6,124.1,123.4,123.6,2311,42876
640304,123.6,123.6,123.1,123.1,1857,42994
640305,123.3,124,123.2,123.6,2310,43321
640306,123.7,124,123.5,123.6,1851,43650
640309,123.6,123.6,123.4,123.5,3076,44040
640310,123.4,123.7,123.3,123.6,1800,43881
640311,123.5,124,123.4,123.7,2441,44352
640312,124,124.3,123.7,124.3,1869,44138
640313,124.3,124.7,124.3,124.5,2568,44306
640316,124.7,125,124.1,124.2,2849,44190
640317,124.1,124.3,123.1,123.2,2282,44661
640318,123.3,124.3,123.3,124.1,5586,45222
640319,123.4,124.2,123.2,124.1,2447,46231
640320,124,124.1,123.3,123.5,2054,46008
640323,123.4,123.4,122.6,122.7,2003,46114
640324,122.5,122.6,122.3,122.5,3691,45710
640325,122.4,122.7,122,122.3,2671,46507
640326,122.4,123.1,122.3,123.1,2208,45939
640330,122.7,123.1,122.5,123,2913,45249
640331,123,123.2,122.4,123,2026,45366
640401,123,123,122.4,122.7,3301,46136
640402,122.4,123,122.4,122.7,2006,46325
640403,123,123.2,122.6,123.1,1661,46077
640406,123,123.2,122.7,123,2257,45544
640407,123,124,123,124,2181,45227
640408,124,124.4,123.6,124.2,3292,44218
640409,124.2,124.2,123.3,123.6,3640,44261
640410,123.6,124,123,123.1,4275,44059
640413,123,124,122.6,124,3913,44341
640414,124,124.2,123.7,124.1,1937,44611
640415,124.2,124.5,124.1,124.4,998,44558
640416,124.5,124.6,124.4,124.4,2494,44681
640417,124.4,124.6,124.3,124.6,2387,45286
640420,124.4,124.5,124,124.2,2586,45089
640421,124.2,125,124.2,125,3150,44790
640422,125,125.2,124.5,124.6,2979,44805
640423,124.5,124.6,124.1,124.3,4698,44796
640424,124.2,124.5,124.1,124.4,3051,43905
640427,124.1,124.4,124.1,124.3,2365,43983
640428,124.2,124.4,124.2,124.4,2951,43409
640429,124.3,124.7,124.3,124.7,1709,43104
640430,124.5,125,124.5,125,2624,42993
640501,125,125,124.5,124.7,2995,43483
640504,125,125.3,124.6,125.2,2573,43553
640505,125.3,125.4,125.2,125.3,2705,43594
640506,125.3,126,125.2,125.7,2331,43766
640507,125.7,126,125.4,125.5,5341,43881
640508,125.4,125.6,125.4,125.6,2734,43974
640511,125.6,125.6,125.2,125.3,3399,44527
640512,125.1,125.1,124.2,124.4,3779,44368
640513,124.2,124.3,123.6,123.6,5526,44066
640514,123.4,124.2,123.2,123.2,6000,43225
640515,123.3,123.6,123.3,123.4,5586,42892
640518,123.5,124,123.4,124,4832,42791
640519,123.7,124.3,123.7,124.2,5400,43316
640520,124.2,124.2,124,124,7299,43632
640521,124,124.5,124,124.3,4470,43079
640522,124.4,124.6,124.3,124.5,3935,43565
640525,124.4,124.4,124.1,124.3,4445,42813
640526,124.2,124.2,123.5,123.7,3304,42671
640527,123.5,123.5,123.1,123.2,4964,41472
640528,123.1,123.3,123,123.1,6376,41735
640601,123,123.4,123,123.2,4892,42079
640602,123.2,124.3,123.2,124.1,5569,40947
640603,124.1,124.4,123.6,124.2,6126,40388
640604,124.2,124.3,123.6,124.1,5802,39809
640605,124,124.1,123.6,123.7,5477,39722
640608,123.4,123.5,123.1,123.2,6137,38930
640609,123.1,123.5,122.6,123.5,5816,38568
640610,123.3,123.5,123.1,123.3,7022,37027
640611,123.3,123.3,122.7,123.1,4579,36203
640612,122.7,123,122.6,123,3346,35203
640615,122.6,122.6,122.3,122.3,5231,34492
640616,122.3,122.4,122,122.3,5066,33529
640617,122.3,122.7,122.1,122.6,5501,33051
640618,122.6,123.1,122.4,123.1,4536,32615
640619,123.2,123.5,123,123.3,6038,32700
640622,123,123.2,122.6,123,6311,31803
640623,122.7,123.1,122.5,123.1,5124,30749
640624,123.2,123.4,123,123.2,5390,30322
640625,123.1,123.2,123,123.2,3891,28506
640626,123.2,123.5,123.2,123.4,3088,28145
640629,123.6,124,123.6,123.6,4303,27441
640630,123.5,124,123.4,123.6,5533,24339
640701,123.5,123.6,123.1,123.1,5049,23887
640702,123.2,123.4,122.7,122.7,4522,22647
640706,123.1,123.2,122.7,122.7,4995,22112
640707,122.6,122.7,122.2,122.3,4932,21246
640708,122.2,122.2,121.5,121.5,7714,20245
640709,121.5,121.6,121.2,121.4,5807,17341
640710,121.5,121.6,120.7,120.7,3619,16782
640713,120.5,120.6,119.7,119.7,6356,14140
640714,119.5,120.5,119.5,120.3,4378,12302
640715,120.2,120.6,120.1,120.1,4678,11335
640716,120.4,120.6,120.3,120.6,3659,10143
640717,120.6,120.7,120.4,120.7,3108,9204
640720,120.2,120.3,120,120,2321,8315
640721,119.5,119.6,119.1,119.1,2899,6864
