640102,116.1,116.1,116,116,0,0
640103,116.3,116.6,116.3,116.4,51,51
640106,117.4,118.5,117.3,118.5,61,97
640107,118.2,118.4,118,118.2,122,208
640108,118.1,119.1,118.1,118.4,313,384
640109,118.4,119.7,118.3,119.6,196,546
640110,119.7,119.7,119.1,119.5,570,753
640113,119.4,120.3,119.4,120.1,330,946
640114,120.3,120.3,120,120.1,135,1063
640115,120.6,120.6,119.6,120,187,1143
640116,119.7,119.7,119.4,119.4,786,1669
640117,119.2,119.4,118.5,118.5,242,1869
640120,118.5,118.5,118.2,118.3,327,1981
640121,118.4,119,118.3,119,462,2318
640122,118.7,119.2,118.4,118.7,353,2495
640123,118.6,119.4,118.6,119.3,375,2605
640124,119.5,119.5,118.7,119,135,2655
640127,118.4,119,118.4,118.7,423,2883
640128,119,119.1,118.6,119,280,2863
640129,119.1,119.2,118.6,119,589,3023
640130,118.6,119,118.5,118.7,373,3225
640131,118.7,119.2,118.6,118.6,225,3385
640203,119,119.1,118.4,118.7,346,3616
640204,118.6,119.1,118.5,118.7,1236,4210
640205,118.4,119.1,118.4,119,905,4360
640206,119,119.6,118.7,119.2,296,4380
640207,119.2,119.3,118.7,119.2,1027,4727
640210,119,119.2,119,119.1,537,4857
640211,119.1,119.1,118.5,118.6,452,5099
640212,118.5,118.6,118.3,118.3,881,5440
640213,118.1,118.2,117.7,118.2,603,5796
640214,118.2,118.6,118,118.5,2010,6926
640217,118.3,118.6,118.2,118.4,613,7233
640218,118.4,118.7,118.4,118.6,565,7413
640219,118.6,119,118.5,118.6,430,7483
640220,118.7,119.1,118.5,119,405,7708
640224,118.7,119.4,118.5,119.4,543,7901
640225,119.4,120.1,119.2,119.6,585,8033
640226,119.6,120,119.5,119.7,1537,8534
640227,120.1,120.4,120,120.2,1304,9058
640228,120.3,121.3,120.2,120.6,1465,9817
640302,121.4,121.5,120.6,121.5,2151,10771
640303,121.5,121.7,121,121.1,3125,12185
640304,121.1,121.1,120.3,120.7,1118,12681
640305,120.5,121.2,120.5,121.2,1576,12917
640306,121,121.5,121,121.5,551,12947
640309,121.2,121.5,121,121.5,868,13118
640310,121.6,122.2,121.4,121.7,2085,13584
640311,122,122.2,121.7,121.7,1914,14355
640312,121.7,121.7,121.5,121.5,869,14490
640313,121.7,122.2,121.6,121.7,623,14543
640316,122,122.7,121.7,122.5,854,14722
640317,122.4,123.1,122.3,122.6,2108,15587
640318,122.6,123.4,122.6,123.2,2034,15795
640319,121.4,121.6,120.2,121.6,2826,16571
640320,121.2,121.7,120.7,121,4289,17066
640323,120.5,120.5,119.6,119.7,1994,17392
640324,119.5,119.6,119.2,119.5,4672,18117
640325,119.4,119.6,119,119.1,2012,18524
640326,119.2,119.5,119,119,2139,18651
640330,119.1,119.3,118.7,119.2,2327,18278
640331,119.3,120.6,119.1,120.3,2271,18728
640401,120.4,120.5,120,120.1,3196,19584
640402,119.7,120.1,119.6,119.7,2826,19624
640403,119.7,119.7,119.4,119.6,895,19989
640406,119.1,119.4,118.7,119.1,846,20147
640407,119,119.6,119,119.5,3369,20703
640408,120,120,119.6,120,1211,20446
640409,119.7,120,119.2,119.2,2004,20737
640410,119.2,119.4,119.1,119.1,2607,20709
640413,119.1,119.5,119.1,119.4,1071,20668
640414,119.4,119.7,119.3,119.7,1409,21148
640415,119.6,120.6,119.6,120.3,736,21173
640416,120.2,120.3,120,120.3,1969,21740
640417,120.3,120.3,120.1,120.3,934,21801
640420,120,120,119.3,119.6,678,21869
640421,119.4,119.5,119.2,119.4,1480,22207
640422,119.5,119.7,118.4,118.5,2720,22436
640423,118.4,118.6,118.3,118.4,3777,22525
640424,118.4,118.6,118.4,118.5,2634,22215
640427,118.2,118.4,118.1,118.2,1186,22385
640428,118.2,118.5,118.2,118.4,1225,22447
640429,118.3,118.7,118.3,118.7,1282,22527
640430,119,119.1,118.6,118.7,1210,22503
640501,118.6,118.7,118.2,118.5,1371,22667
640504,118.4,118.6,118.3,118.5,1624,23177
640505,118.5,118.6,118.3,118.4,1474,23112
640506,118.4,119.2,118.3,119.1,1088,23413
640507,118.7,119,118.3,118.4,1615,23735
640508,118.4,119,118.4,119,2069,24376
640511,118.3,118.6,118.2,118.3,1672,24652
640512,118.2,118.2,117.6,118,2418,25222
640513,117.6,117.6,117.4,117.4,3460,25759
640514,117.4,117.6,117.2,117.2,3068,26736
640515,117.3,117.6,117.2,117.6,3023,27565
640518,117.7,118,117.2,117.3,1994,27978
640519,117.4,117.5,117.3,117.5,3933,29188
640520,117.4,117.5,117.2,117.5,1317,29491
640521,117.4,118.2,117.4,118.2,2131,29782
640522,118.1,119,118.1,119,2102,29957
640525,118.4,118.5,118.1,118.3,4801,31569
640526,118.3,118.6,117.6,117.7,2754,32102
640527,117.6,117.6,117.4,117.6,2357,32369
640528,117.5,117.6,117.4,117.5,3362,32084
640601,117.6,119,117.6,118.4,2073,31930
640602,118.7,119.6,118.6,119.4,4521,32318
640603,119.3,119.4,118.3,118.5,7737,32521
640604,118.5,118.7,118.3,118.6,3135,33011
640605,118.2,118.2,117.6,117.7,1489,32945
640608,117.6,117.6,117.3,117.5,3101,33114
640609,117.5,118.2,117,118.2,4321,33807
640610,118,118.3,117.6,118.1,4256,34109
640611,117.4,118,117.3,117.6,3336,34094
640612,117.4,117.6,117.2,117.5,1918,34522
640615,117.2,117.2,116.6,116.7,2375,35003
640616,117,117.4,116.6,117.4,3327,34318
640617,117.3,117.4,117.1,117.4,2974,34583
640618,117.4,117.4,116.7,116.7,1430,34785
640619,117,117.1,116.4,116.5,2918,34187
640622,116.4,116.5,116.2,116.3,4655,34735
640623,116.4,116.5,116.2,116.5,4573,35770
640624,116.6,117.3,116.6,116.7,4042,36433
640625,117,117,116.5,116.7,3476,36829
640626,117,117.5,117,117.4,3129,36825
640629,117.7,118.1,117.6,117.6,3475,37577
640630,117.5,117.6,117.2,117.3,3456,37814
640701,117.1,117.2,116.5,116.5,2283,38409
640702,116.6,117,116.4,116.4,2464,38373
640706,116.4,116.4,115.6,115.7,3537,39009
640707,115.6,116.1,115.6,115.6,4502,39115
640708,115.5,115.6,115.4,115.4,3727,39346
640709,115.4,115.7,115.2,115.5,2209,39425
640710,115.7,115.7,115.4,115.6,4477,39634
640713,115.4,115.6,115,115,4073,40029
640714,115,115.2,114.6,115.1,5687,40304
640715,115.1,115.4,115.1,115.3,3305,40433
640716,115.4,115.6,115.2,115.3,2518,40909
640717,115.3,115.6,115.3,115.6,2684,41161
640720,115.5,115.5,115,115,2597,41378
640721,114.7,115,114.4,114.4,4172,40450
640722,114.4,115.2,114.4,115,5417,39928
640723,115.1,115.4,115,115.2,5366,39392
640724,115.2,115.2,114.5,114.5,3203,39258
640727,114.4,114.4,114,114.2,2365,39413
640728,114.1,114.1,113.6,113.7,3126,39833
640729,114.1,114.4,113.7,114.1,4380,40060
640730,114.1,114.3,114,114.1,4760,41069
640731,114.1,114.2,114,114.1,1780,41368
640803,114.7,115.7,114.7,115.4,2665,41271
640804,115.6,116.2,115.3,115.7,9008,41261
640805,117.4,118.6,116.7,117.7,8592,43107
640806,117.4,117.4,116.4,116.5,10702,42492
640807,116.6,117,116.4,116.7,7565,43126
640810,116.5,116.5,116.1,116.4,6264,43949
640811,116.3,117.6,116.1,117.5,4948,44426
640812,117,118.5,116.6,118.3,6342,44373
640813,118.2,118.4,117.5,117.7,10619,45455
640814,117.5,117.7,117.1,117.2,7162,46174
640817,118,119.3,118,119.1,6323,45902
640818,119.1,119.6,118.7,119.5,10070,45861
640819,119,119.3,118.6,119,9976,46871
640820,118.7,119.1,118.2,118.2,8204,48369
640821,117.4,118.6,117.4,118.5,5676,49587
640824,118.5,120.4,118.4,120.1,7862,51389
640825,120,121,119.6,121,11234,50228
640826,121.6,122.5,121.4,122.1,10371,51174
640827,121.6,122.5,121.5,122.2,14046,50905
640828,121.6,122.2,121.2,121.5,10169,52196
640831,121.6,121.7,120.5,120.7,7035,53452
640901,121,121.3,120.4,120.4,7340,53442
640902,120.5,121,120.4,120.5,6819,54155
640903,121,122,120.7,121.6,4428,54960
640904,121.6,123.1,121.6,123,7130,55377
640908,123.2,123.3,122.3,122.5,13237,56170
640909,122.5,122.6,122.2,122.4,7847,56319
640910,122.4,123.4,122.4,123,6454,56558
640911,123.4,124.5,123.1,124.5,11420,58671
640914,124.3,124.3,123.3,123.3,12483,59299
640915,123.1,123.4,122.5,123,11556,60241
640916,123,123.1,122.3,122.4,10293,60175
640917,122.4,123.4,122.3,123.1,7782,59769
640918,123.3,124.2,123.2,124.2,9125,60132
640921,124,124,121.6,122.1,8932,60993
640922,122.1,122.6,122,122.1,14240,60137
640923,122,122.2,121.4,122,7277,59020
640924,121.6,121.7,121.2,121.5,9177,59222
640925,121.6,122,121.3,121.3,6619,59222
640928,121.3,122,121.3,121.4,4793,59454
640929,121.7,121.7,121.4,121.5,4463,59699
640930,121.4,121.5,120.5,120.5,6124,60445
641001,120.4,122.6,120.1,121.6,9572,58630
641002,122.2,123.5,122.2,122.4,13926,58765
641005,122.4,123,122.1,122.1,11787,59706
641006,122.2,122.2,121.1,121.3,5611,58985
641007,121.2,121.7,121.1,121.6,8632,58437
641008,121.6,122.4,121.6,122.3,6167,60049
641009,122.4,123.2,122.3,122.5,7762,61152
641012,122.1,122.4,121.6,121.6,11122,62672
641013,122,122,121.4,121.5,7021,64156
641014,121.4,121.4,120.6,120.6,7862,64042
641015,120.6,122,120.2,120.5,11615,61123
641016,120.7,121,120.3,120.3,14426,60240
641019,120.3,121.2,120.2,121.2,10626,62951
641020,121.2,121.6,121.2,121.4,12053,64206
641021,121.6,121.7,121.2,121.5,7514,63729
641022,121.4,121.6,121.2,121.2,7175,64034
641023,121.1,121.1,120.5,120.6,9934,63865
641026,120.4,120.6,120.2,120.3,10375,66327
641027,120.3,120.5,120.2,120.3,10895,65895
641028,120.2,120.2,119.4,119.4,7376,65591
641029,119.4,119.4,118.4,118.4,12623,64581
641030,119,119.3,118.4,119.1,12282,63221
641102,119.2,120.1,119.2,119.4,12559,61550
641104,120.1,120.3,119.6,120.1,8274,61242
641105,120.1,120.5,120.1,120.4,6754,61834
641106,120.6,120.7,120.4,120.4,5011,61629
641109,120.3,120.5,120.3,120.4,6557,61428
641110,120.4,120.4,119.5,119.6,6167,60312
641111,119.6,120.1,119.4,119.7,9155,60567
641112,119.6,120.2,119.5,119.5,6451,58903
641113,119.5,119.5,119.2,119.2,6256,57795
641116,119.2,120,119.2,120,9672,56436
641117,120,121,120,120.7,5462,54728
641118,121,121.4,121,121.2,5524,53004
641119,121.3,122,121.3,122,5905,50437
641120,122.1,122.5,122.1,122.4,6819,48670
641123,122.5,123.1,122.2,122.4,8545,44522
641124,122.4,122.7,122.3,122.5,7404,42068
641125,122.5,123,122.5,122.6,4951,40632
641127,122.6,122.6,122,122,5723,39299
641130,121.6,123.2,121.6,123.1,7852,38970
641201,122.2,122.4,121.2,121.4,14330,32402
641202,121,121.5,120.7,121,16149,21495
641203,121,121.6,121,121.4,10922,17276
641204,121.7,122.4,121.7,122.1,8052,12646
641207,122.2,123.1,122.2,122.5,5822,10132
641208,123,123,122.4,122.7,5295,8268
641209,123,123.4,122.6,123.1,4369,7336
641210,123.1,123.1,121.7,122,2476,5818
641211,122.6,122.6,122,122.2,4589,6320
641214,122.4,123,122.4,122.5,974,4630
641215,122.7,123,122.1,122.3,587,4254
641216,122,123,122,122.7,1324,4150
641217,123,123.3,122.5,123.1,921,3760
641218,123.3,124.1,123,123.7,1469,3281
641221,123.7,124,123.4,123.5,2052,2200
