640401,123.1,123.3,123,123.1,0,0
640402,123,123.1,123,123.1,935,870
640403,122.6,123,122.6,122.6,20,890
640406,122.5,122.6,122.1,122.4,30,915
640407,122.4,123,122.4,123,396,1026
640408,123.1,123.1,123.1,123.1,205,1111
640409,123,123.2,122.4,122.5,40,1151
640410,122.4,122.5,122.3,122.4,50,1181
640413,122.2,122.7,122.2,122.7,156,1212
640414,123.2,123.2,123.2,123.2,278,1362
640415,123.1,123.6,123.1,123.4,20,1360
640416,123.4,123.5,123.4,123.4,261,1355
640417,123.4,123.4,123.3,123.4,52,1365
640420,122.7,123,122.4,123,30,1375
640421,122.6,122.6,122.6,122.6,27,1392
640422,122.6,122.7,121.5,121.7,355,1687
640423,121.7,121.7,121.5,121.7,585,1822
640424,122,122,121.7,121.7,222,1890
640427,121.4,121.7,121.4,121.6,110,1940
640428,121.4,121.7,121.4,121.7,109,1983
640429,121.6,122.2,121.6,122.1,146,2118
640430,122.2,122.4,122,122,25,2133
640501,122.1,122.1,121.6,122,130,2253
640504,122,122.2,121.6,122.1,355,2373
640505,122,122.1,122,122.1,290,2453
640506,122,122.7,121.7,122.6,175,2513
640507,122.2,122.3,122,122,236,2657
640508,122.1,122.4,122,122.4,126,2721
640511,122,122.2,121.6,122,357,2918
640512,121.6,121.7,121.2,121.4,162,2960
640513,121.1,121.3,121.1,121.2,501,3316
640514,121.2,121.4,120.7,121,152,3301
640515,121,121.4,121,121.4,294,3455
640518,121.3,121.4,120.7,121.1,162,3537
640519,121,121.1,120.7,121.1,130,3527
640520,121,121,120.6,121,267,3557
640521,121.1,122,121.1,122,538,3930
640522,122,122.6,122,122.5,345,3973
640525,122.2,122.2,122,122,772,4312
640526,121.6,121.6,121.4,121.4,331,4397
640527,121.1,121.1,120.7,120.7,401,4323
640528,120.7,121,120.6,121,772,4499
640601,120.7,122.3,120.7,122.1,542,4795
640602,122.4,123.1,122.2,123.1,1111,4705
640603,122.7,123,122,122.2,1835,4851
640604,122,122.3,122,122.2,622,4924
640605,122,122,121.4,121.5,361,5170
640608,121.1,121.2,120.7,121.2,737,5057
640609,121.2,122,120.6,121.7,477,5102
640610,122,122.1,121.5,122,815,5297
640611,121.4,121.5,121.3,121.4,827,5562
640612,121.2,121.4,121,121.4,125,5542
640615,121,121,120.5,120.6,290,5637
640616,120.4,121.2,120.4,121.2,541,5402
640617,121,121.2,120.6,121.1,656,5737
640618,121,121,120.4,120.6,595,5982
640619,120.5,120.6,120.1,120.2,606,6143
640622,120,120.2,119.7,120.2,575,6198
640623,120,120.3,119.7,120.3,801,6518
640624,120.3,121,120.3,120.5,446,6607
640625,120.5,120.7,120.2,120.7,807,6832
640626,121,121.3,120.6,121.2,1071,7089
640629,121.5,122,121.5,121.5,1900,7756
640630,121.3,121.4,121.1,121.3,1213,8198
640701,121.1,121.1,120.4,120.5,688,8422
640702,120.4,120.7,120.2,120.4,798,8784
640706,120.2,120.2,119.5,119.5,773,9178
640707,119.5,120,119.5,119.5,1478,9149
640708,119.5,119.6,119.2,119.3,1163,9339
640709,119.3,119.6,119.1,119.4,1273,9577
640710,119.5,119.6,119.2,119.5,940,9990
640713,119.2,119.3,118.7,119,1343,10078
640714,118.7,119.2,118.6,119.1,1823,10031
640715,119.1,119.3,119,119.2,1866,11060
640716,119.3,119.4,119,119.2,708,11355
640717,119.2,119.4,119.1,119.3,1783,12343
640720,119.2,119.3,118.2,118.4,1034,12827
640721,118.2,118.3,118,118,3304,13776
640722,117.7,118.5,117.7,118.4,1875,14165
640723,118.2,118.7,118.2,118.7,1020,14451
640724,118.6,118.6,117.7,118,911,14477
640727,117.6,117.6,117.3,117.3,1578,14554
640728,117.2,117.4,117,117.4,1193,14767
640729,117.3,118,117.3,117.6,1834,15029
640730,117.6,117.7,117.4,117.5,1547,15141
640731,117.5,118,117.4,117.7,332,15233
640803,118.6,119.3,118.5,119.3,875,15518
640804,119.4,119.7,119.2,119.5,1647,15708
640805,123,123.4,120.6,121.7,3701,17069
640806,121.1,121.1,120.3,120.5,3640,17415
640807,120.5,120.7,120.3,120.5,3391,18764
640810,120.4,120.4,119.6,120.3,1673,19040
640811,120.2,121.6,120.1,121.6,1716,19398
640812,121.2,122.5,121,122.3,2192,19585
640813,122.3,122.4,121.5,121.5,4028,20746
640814,121.6,121.6,120.7,121,2230,21603
640817,121.7,123.2,121.7,122.7,2581,22261
640818,123.2,123.6,122.6,123.6,4013,23176
640819,123.3,123.3,122.5,122.5,4553,24485
640820,122.4,123,122,122.1,2247,25358
640821,121.5,122.5,121.4,122.4,1841,25769
640824,122.5,124.5,122.5,124.3,3007,26494
640825,124.4,125.1,124,125,4341,27334
640826,125.6,126.5,125.5,126,3862,27763
640827,126,126.6,125.5,126.2,6840,29099
640828,126,126.1,125.2,125.6,4347,29755
640831,125.5,125.6,124.5,124.7,4402,31911
640901,125,125.3,124.5,124.5,2733,33004
640902,124.5,125,124.5,124.7,3944,33672
640903,125,126,125,125.6,2396,34290
640904,125.6,127.2,125.6,127,5043,35620
640908,127.2,127.3,126.3,126.6,5474,36704
640909,126.5,126.5,126.1,126.1,3785,36915
640910,126.4,127.2,126.4,126.6,2266,36732
640911,127.3,128.3,126.7,128.2,3707,37314
640914,127.6,128,127.2,127.2,5528,37346
640915,127,127.2,126.3,126.5,2795,37663
640916,126.6,127.1,126.1,126.1,4154,36143
640917,126.4,127,126.1,126.7,2655,36822
640918,127.4,128.1,127.1,128,3425,37349
640921,127.6,127.6,125.5,125.7,4500,38428
640922,125.6,126.5,125.6,125.7,4205,38566
640923,126,126.1,125.4,125.7,2195,38737
640924,125.7,125.7,125.1,125.3,2914,38562
640925,125.5,126,125.2,125.2,1730,38676
640928,125,125.5,125,125.3,2162,39072
640929,125.4,125.5,125.1,125.2,1268,39416
640930,125,125.2,124.3,124.4,1594,39966
641001,124.3,126.5,123.7,126,2746,39856
641002,126.2,127.6,126.2,126.4,5882,40326
641005,126.6,126.7,126,126,4260,41058
641006,125.6,126,125.1,125.2,2180,40915
641007,125.1,125.7,125.1,125.7,1877,41323
641008,126,126.4,125.7,126,1521,41814
641009,126.2,126.7,126.1,126.3,2464,42764
641012,126,126.2,125.6,125.6,3663,42846
641013,125.6,126,125.3,125.3,2584,44042
641014,125.2,125.2,124.6,124.6,3237,45505
641015,124.4,125.7,124.2,124.4,3897,47313
641016,124.3,124.6,124.2,124.3,5346,49347
641019,124.2,125.2,124.2,125.1,2429,49420
641020,125.1,125.7,125.1,125.4,5200,51716
641021,125.4,125.7,125.4,125.5,3541,52300
641022,125.4,126,125.3,125.3,2640,52820
641023,125.1,125.2,124.4,124.5,4316,55313
641026,124.3,124.6,124.2,124.4,6935,58275
641027,124.4,124.6,124.3,124.3,4766,60119
641028,124.1,124.2,123.5,123.5,2039,60698
641029,123.5,123.5,122.6,122.6,6566,62452
641030,123,123.4,122.5,123.1,7011,63494
641102,123.2,124.2,123.2,123.4,7179,64493
641104,124,124.3,123.5,123.7,4167,65444
641105,124,124.4,124,124.3,4876,65726
641106,124.5,124.7,124.2,124.3,3531,65774
641109,124.2,124.4,124.1,124.1,4596,65969
641110,124,124.2,123.6,123.6,2020,66542
641111,123.7,124,123.4,124,3928,67331
641112,123.7,124.3,123.5,123.7,2881,67606
641113,123.7,123.7,123.5,123.5,3270,68692
641116,123.6,124.4,123.5,124.4,5057,69802
641117,124.4,125.2,124.4,125.1,2888,70470
641118,125.3,125.7,125.3,125.5,5201,71191
641119,125.6,126.4,125.5,126.4,3547,72096
641120,126.5,127.1,126.4,127,4438,72964
641123,126.7,127.3,126.6,127,5190,73999
641124,127.1,127.2,126.7,127.2,4247,74580
641125,127.2,127.4,127,127.2,4708,75189
641127,127.3,127.3,126.4,126.4,5132,75162
641130,126.4,127.4,126.2,127.3,6966,75112
641201,127,127,125.5,126,9940,77499
641202,125.6,126,125.3,125.4,15938,79689
641203,125.7,126.4,125.7,126.2,15033,84202
641204,126.7,127,126.4,126.4,9293,86574
641207,126.5,127.2,126.5,127,6601,86458
641208,127.2,127.2,126.4,126.6,8714,86059
641209,126.6,127.2,126.5,127,7211,85767
641210,126.7,126.7,126,126,7044,85553
641211,125.6,126.3,125.6,126.3,10648,84416
641214,126.2,126.5,126.2,126.4,4678,83600
641215,126.5,127,126.2,126.3,4209,84482
641216,126.3,126.4,126.1,126.4,6782,86825
641217,126.5,126.5,126.2,126.5,5786,86178
641218,126.3,126.7,126.2,126.5,3878,85842
641221,126.4,127.2,126.2,127.1,5502,86110
641222,127,127.2,126.5,126.6,7005,86779
641223,126.3,126.3,125.6,125.6,5510,86710
641224,125.6,126,125.4,125.6,8348,86138
641228,125.7,126.1,125.5,125.6,2590,85722
641229,125.5,125.7,125.4,125.6,2702,85877
641230,125.7,126.2,125.6,126.1,5522,84651
641231,126.2,126.4,126,126.3,5415,82860
650104,126.4,126.4,126,126.1,5514,83065
650105,126,126.2,125.7,126,5708,82340
650106,126,126.1,125.5,125.5,5784,81033
650107,125.5,126,125.5,125.5,4378,79304
650108,125.6,126.1,125.5,126.1,4728,79328
650111,125.5,125.7,125.4,125.6,5206,77734
650112,126.1,126.5,126,126.5,4137,77477
650113,126.4,127,126.3,126.5,6685,74498
650114,126.5,126.5,125.6,126,8794,73583
650115,125.7,126.4,125.6,126.3,6393,72864
650118,126.3,126.7,126.3,126.5,4130,71642
650119,126.5,126.7,126.2,126.4,3838,71216
650120,126.3,126.4,126.2,126.2,6281,69558
650121,126.3,126.4,126,126.4,3810,68959
650122,126.4,126.7,126.3,126.3,3872,69535
650125,126.4,126.4,126.2,126.3,6008,66331
650126,126.4,127.2,126.4,127,2342,66208
650127,127.2,128,127.2,127.4,5445,65688
650128,127.6,127.7,127.4,127.5,8392,62535
650129,127.5,127.6,126.7,127,3515,61030
650201,126.7,127.5,126.6,127.3,4017,60413
650202,127.4,128.2,127.4,128.1,5112,57384
650203,128.2,128.5,128.2,128.2,4844,56446
650204,128.3,128.7,128.3,128.4,6805,54512
650205,128.3,128.4,128.2,128.3,4466,53505
650208,128.7,129,128.5,128.6,4166,51646
650209,128.4,128.5,128,128.4,4920,49504
650210,128.5,129,128.2,128.3,4812,46761
650211,129,129.2,128.4,129,3904,45971
650212,128.7,128.7,128,128,4767,44333
650215,127.7,127.7,127.1,127.4,3652,43552
650216,127.4,127.6,127.3,127.4,4597,42408
650217,127.3,127.7,127.3,127.5,2814,41825
650218,127.5,127.7,127.4,127.7,5212,38774
650219,127.5,128.1,127.4,127.4,3827,36872
650223,127.4,127.4,127,127.1,3667,34843
650224,127,127,126.5,126.5,6905,32543
650225,126.4,126.6,126.3,126.3,5268,30024
650226,126.5,127.4,126.5,127.3,11281,26130
650301,127.2,127.7,127.1,127.3,8859,22208
650302,127.4,127.7,127.3,127.6,5282,20377
650303,127.6,128,127.5,128,2376,18720
650304,128,128.6,128,128.6,1969,17705
650305,128.6,128.7,128.4,128.4,2926,16385
650308,128.6,128.7,128.3,128.7,2261,15776
650309,128.7,129.1,128.5,129.1,1332,15313
650310,129.2,129.4,129.1,129.4,3233,14974
650311,129.4,129.6,129.3,129.4,3133,13121
650312,129.4,130.2,129.3,130,3005,12002
650315,130.2,130.3,129.7,129.7,5555,7289
650316,130,130,129.5,129.6,1624,6041
650317,129.7,130.2,129.7,130.2,1657,5178
650318,130.3,130.6,130.1,130.4,2205,3893
650319,130.3,130.5,130,130.3,2059,3209
650322,130,131.2,130,131,2241,1823
