640601,123.6,124.5,123.6,124.5,0,0
640602,124.6,125.4,124.6,125.4,407,407
640603,125.2,125.2,124.4,124.4,328,655
640604,124.4,124.5,124.4,124.5,51,695
640605,124.2,124.2,123.7,124,140,750
640608,123.4,123.4,123.2,123.4,256,910
640609,123.6,124.6,123,124.6,140,989
640610,124.4,124.4,124.2,124.4,136,1055
640611,123.7,124.1,123.5,124,95,1095
640612,123.6,124,123.5,124,95,1180
640615,123,123.4,123,123.2,161,1241
640616,122.6,123.4,122.6,123.4,175,1333
640617,123.1,123.4,123,123.4,406,1547
640618,123.1,123.1,122.7,123,470,1697
640619,122.7,123,122.6,122.7,315,1792
640622,122.3,122.5,122.2,122.5,245,1862
640623,122.3,122.6,122.2,122.6,183,1910
640624,123,123.3,122.7,123,180,1920
640625,122.7,123.2,122.5,123.2,195,1989
640626,123.1,123.6,123,123.6,557,2347
640629,124,124.2,124,124,783,2737
640630,123.6,123.7,123.4,123.6,266,2890
640701,123.5,123.5,122.7,122.7,255,2995
640702,123,123.2,122.5,123,106,3071
640706,122.3,122.5,122,122,312,3196
640707,122,122.2,121.7,122,931,3377
640708,121.7,121.7,121.5,121.6,247,3417
640709,121.3,122,121.3,122,294,3540
640710,122,122.1,121.5,122.1,243,3650
640713,121.5,121.6,121.3,121.4,609,4057
640714,121.2,121.6,121.1,121.6,1048,4237
640715,121.4,121.6,121.3,121.6,869,5046
640716,121.5,121.7,121.3,121.4,302,5185
640717,121.3,121.6,121.3,121.5,949,5415
640720,121.4,121.5,120.4,120.7,448,5533
640721,120.4,120.5,120.2,120.2,1850,6048
640722,120.1,120.6,120.1,120.4,1046,6440
640723,120.6,121,120.5,121,557,6488
640724,120.6,120.6,120.1,120.1,419,6443
640727,120,120,119.5,119.5,675,6622
640728,119.4,119.6,119.2,119.6,478,6900
640729,119.5,120.3,119.5,120.1,667,7173
640730,120,120.1,119.6,119.7,734,7372
640731,120,120.3,119.7,120.3,331,7544
640803,121.2,121.5,121,121.5,742,7890
640804,121.5,122.1,121.2,122,890,8144
640805,124.4,124.4,123,124.1,1778,8705
640806,123.3,123.3,122.5,123,1405,8714
640807,122.7,123.1,122.5,123.1,1107,8930
640810,123,123,122,122.6,320,8804
640811,122.4,124.2,122.4,124.2,694,8995
640812,123.6,125.1,123.4,124.6,891,9003
640813,124.6,124.6,123.6,123.7,3757,11088
640814,123.7,124.1,123.1,123.4,881,11584
640817,124.2,125.4,124.2,125.1,993,11471
640818,125.4,126,125.2,126,1052,11878
640819,125.5,125.5,124.7,125,2311,12718
640820,124.5,125.2,124.2,124.2,1406,12988
640821,123.6,124.6,123.5,124.6,736,13127
640824,124.6,126.7,124.6,126.4,1300,13092
640825,126.4,127.2,126.1,127.1,2481,13764
640826,128.4,128.4,127.6,128.1,2309,14754
640827,128.2,128.6,127.5,128.2,3016,15579
640828,127.6,128,127.2,127.6,1384,15846
640831,127.6,127.7,126.4,126.6,1429,15888
640901,126.5,127.2,126.4,126.5,672,15901
640902,126.6,126.7,125.5,126.6,956,16145
640903,127,127.7,127,127.7,397,16350
640904,127.7,129,127.7,128.5,1463,16535
640908,129.1,129.1,128.1,128.3,1352,16634
640909,128.2,128.2,127.6,128,1606,16915
640910,128.2,128.6,128.1,128.3,2716,17280
640911,129.4,130,128.7,130,1510,17940
640914,129.4,129.6,128.7,128.7,1449,18245
640915,128.5,129,128.2,128.5,2040,18624
640916,128.6,128.7,128.1,128.1,1293,17979
640917,128.1,129,128.1,129,1184,18386
640918,129.2,130.1,129,129.7,1671,19041
640921,129.3,129.4,127.6,128,2276,19384
640922,128,128.6,128,128.1,1779,20006
640923,128,128.2,127.5,128,717,20248
640924,128.1,128.1,127.4,127.5,607,20338
640925,127.5,128.2,127.4,127.5,1045,20503
640928,127.4,128,127.4,127.6,1738,20698
640929,128.1,128.1,127.2,127.2,664,20988
640930,127.3,127.3,126.5,126.5,1338,21261
641001,126.4,128.6,126.3,128,2166,20941
641002,129.1,130,129,129,3339,21123
641005,129.2,129.3,128.1,128.1,3125,21944
641006,128.2,128.2,127.4,127.5,1226,21904
641007,127.4,128.2,127.4,128.1,3232,23970
641008,128.1,128.6,128.1,128.3,1193,24032
641009,128.3,129.2,128.3,128.6,1725,24542
641012,128.5,128.5,128,128.1,3408,25621
641013,128.2,128.3,127.6,127.6,1661,26321
641014,127.5,127.6,127,127,1317,26340
641015,126.7,128,126.5,126.6,1828,26205
641016,127,127.1,126.4,126.4,2382,26493
641019,126.4,127.3,126.4,127.3,1506,26535
641020,127.3,128.2,127.3,128,2032,26858
641021,128,128.2,127.6,128,1336,27451
641022,127.7,128.4,127.6,127.6,1124,27870
641023,127.5,127.6,127,127,1955,28887
641026,126.7,127.3,126.7,127.1,1963,29394
641027,127.1,127.2,126.7,127,3905,31026
641028,126.6,126.6,126.1,126.1,1197,31645
641029,126.1,126.3,125.3,125.3,2731,32898
641030,125.5,126.1,125.3,125.7,4385,34493
641102,126,127,126,126.3,3763,35777
641104,127,127.2,126.3,126.4,2584,36834
641105,126.4,127.1,126.4,126.7,3364,37163
641106,127.1,127.3,126.6,126.6,2071,37608
641109,126.6,126.7,126.5,126.5,3184,38278
641110,126.6,126.6,126.2,126.4,2271,39020
641111,126.5,126.5,126.2,126.3,3370,40499
641112,126.3,126.6,126.2,126.2,3239,41588
641113,126.3,126.4,126.1,126.1,3263,42749
641116,126.3,126.7,126.1,126.5,4464,45227
641117,127,127.7,127,127.5,4326,46745
641118,128,128.4,127.7,128.3,3980,47204
641119,128.4,128.7,128.3,128.7,2760,48258
641120,129,129.4,129,129.2,4028,48855
641123,129.4,129.6,129.1,129.3,3620,49567
641124,129.5,129.5,129.2,129.4,4199,49076
641125,129.5,129.7,129.4,129.6,2394,50192
641127,129.6,129.6,129,129.1,4060,51220
641130,129,129.4,128.6,129.3,3225,51680
641201,129.3,129.3,128.2,128.3,6174,53957
641202,128.2,128.3,127.7,128.1,6954,56765
641203,128.2,129,128.2,128.5,6436,59017
641204,129.2,129.5,128.7,129,4862,61062
641207,129.1,129.5,129,129.2,4434,62561
641208,129.4,129.5,128.5,129,3912,63561
641209,129,129.3,128.6,129.1,4037,63645
641210,129,129,128.2,128.2,4150,64704
641211,128,128.7,128,128.6,6025,66075
641214,128.6,129.1,128.5,128.7,3155,66298
641215,129,129.3,128.6,128.7,2922,65766
641216,128.5,129,128.4,128.6,2669,64867
641217,128.6,129,128.5,128.7,1089,64889
641218,128.7,129.2,128.5,129,1383,64644
641221,128.6,129.4,128.6,129.3,2369,64457
641222,129.3,129.5,128.7,129,1812,64602
641223,128.6,128.7,128.1,128.2,2436,64899
641224,128,128.3,127.7,128.3,1927,64955
641228,128.1,128.4,128,128,1658,65140
641229,127.7,128.1,127.6,128,1616,65320
641230,128.1,128.3,128,128.2,2199,64591
641231,128.3,128.6,128.3,128.5,2135,64596
650104,128.4,128.6,128,128.1,856,64586
650105,128.1,128.4,128,128.1,1758,64964
650106,128.1,128.1,127.6,127.7,1916,64638
650107,127.6,128,127.5,127.5,2171,64909
650108,127.6,128.2,127.6,128.2,1975,64577
650111,127.5,128.1,127.5,127.7,2228,64450
650112,128.2,129,128.2,128.6,2678,65682
650113,129,129.2,128.6,129,3077,65080
650114,128.6,128.6,128.1,128.4,3991,65242
650115,128.2,128.7,128,128.6,3852,65967
650118,128.5,129.2,128.5,128.7,2624,64745
650119,128.6,129.2,128.5,128.7,2690,64780
650120,128.6,128.7,128.4,128.4,3170,64832
650121,128.4,128.7,128.3,128.5,1715,65109
650122,129,129.1,128.5,128.6,1235,65999
650125,129,129,128.5,128.7,2765,65649
650126,128.7,129.4,128.6,129.3,1089,65125
650127,129.7,130.3,129.6,129.7,2955,65254
650128,130.2,130.2,129.7,130.2,7920,64559
650129,130,130.2,129.3,129.3,4028,65017
650201,129.2,130.1,129.1,129.7,4340,65977
650202,130,130.6,130,130.5,4213,66952
650203,130.4,131,130.4,130.5,4214,67679
650204,130.6,131.2,130.6,130.7,3432,68159
650205,130.6,130.7,130.4,130.6,3353,68445
650208,131.4,131.5,131.1,131.2,3238,68705
650209,130.7,131,130.1,130.6,3882,69361
650210,130.4,131.3,130.4,131.2,3481,69720
650211,131.3,131.6,130.7,131.3,3193,70121
650212,131.1,131.2,130.3,130.3,4429,70666
650215,130.2,130.2,129.4,129.7,2843,71850
650216,129.6,130.1,129.6,129.7,3424,71813
650217,129.7,130.2,129.6,130,3547,72914
650218,130.1,130.4,130,130.2,4381,73748
650219,130.2,130.5,130.1,130.2,2116,73232
650223,130,130.1,129.5,129.7,2038,73681
650224,129.5,129.6,129.3,129.3,5203,74984
650225,129.3,129.5,129.3,129.3,4927,76032
650226,129.4,130.2,129.4,130.1,6030,77253
650301,130.2,131,130.1,130.2,5076,78308
650302,130.3,130.5,130.2,130.4,3995,78801
650303,130.4,130.6,130.2,130.3,2623,78594
650304,130.5,131,130.5,131,3053,78745
650305,131,131.2,130.6,130.7,5263,79108
650308,131.1,131.2,130.6,131.1,5132,78789
650309,131,131.3,130.6,131.2,4160,79232
650310,131.4,131.6,131.3,131.4,4386,79288
650311,131.4,132,131.4,131.7,5826,79843
650312,131.6,132.4,131.5,132.1,4503,80071
650315,132.2,132.4,131.7,132,9005,78575
650316,131.7,132,131.6,131.7,5384,79171
650317,132,132.3,131.7,132.2,4459,79393
650318,132.2,132.5,132.1,132.4,5645,79473
650319,132.4,132.5,132.2,132.2,7005,79054
650322,132,132.7,132,132.6,5709,78721
650323,132.6,132.7,132.2,132.2,6399,77910
650324,132.1,132.4,132.1,132.3,6390,77613
650325,132.4,133,132.4,132.6,5117,76445
650326,132.7,133.3,132.7,133.2,4330,75654
650329,133.2,133.3,133.1,133.2,6247,74225
650330,133.4,133.4,132.7,132.7,4500,72853
650331,133,133.2,132.6,133.1,4681,71310
650401,133.1,133.1,132.4,132.7,4637,70887
650402,132.7,133,132.5,132.5,8428,68744
650405,132.4,132.5,132.2,132.5,3809,69224
650406,132.5,132.6,131.4,131.6,4709,68939
650407,131.5,132,131.5,132,12627,64283
650408,132.1,132.7,132.1,132.5,3844,63139
650409,132.5,133.1,132.4,132.7,5938,61181
650412,133.1,133.1,132.5,132.6,5306,59718
650413,132.5,132.5,132.1,132.3,5002,59610
650414,132.5,133,132.4,132.7,8815,55013
650415,132.7,133.2,132.7,133,4791,54496
650419,133.1,133.1,132.6,132.6,5996,51980
650420,132.7,133.2,132.7,133,2857,51988
650421,133.1,133.3,133.1,133.3,2669,50958
650422,133.3,133.4,133.1,133.2,5000,49424
650423,133.2,133.4,133.1,133.3,5349,47946
650426,133.3,133.7,133.3,133.5,4379,46096
650427,133.6,134.1,133.5,134.1,4028,45759
650428,134,134.4,133.5,133.6,9037,42543
650429,133.5,133.6,132.7,133.2,9680,40559
650430,133.1,133.4,133,133.3,8792,37607
650503,133.1,133.1,132.7,133,11315,31632
650504,133,133.4,133,133.3,5862,27698
650505,133.5,133.7,133.3,133.7,5227,26077
650506,133.6,134,133.4,133.5,4835,22694
650507,133.5,133.5,133,133.1,6283,19368
650510,133,133.1,132.5,132.5,4738,15946
650511,132.7,133,132.5,133,3985,13667
650512,133,133.5,133,133.5,4501,13075
650513,133.7,134.4,133.6,134.3,4477,10464
650514,134.4,135,134.3,134.7,5693,11054
650517,134.6,134.7,133.6,134,3324,7864
650518,134.1,135.2,133.7,135,2602,5904
650519,135.2,135.2,133.4,134.1,3165,4407
