640803,123.2,123.3,123.2,123.2,0,0
640804,123.4,124,123.4,123.5,20,20
640805,125,126.2,125,126,31,39
640806,124.5,125,124.2,124.7,11,50
640807,124.5,124.5,124.5,124.5,295,300
640810,123.6,124.4,123.6,124.4,5,295
640811,124.7,126,124.7,126,120,385
640812,125.6,127,125.6,126.6,70,385
640813,126.6,126.6,125.5,125.6,530,625
640814,125.4,125.4,125,125.2,273,868
640817,125.6,127,125.6,127,115,908
640818,127.1,127.6,126.7,127.6,229,992
640819,127.2,127.2,126.5,126.5,688,1186
640820,126.6,126.6,125.7,125.7,220,1326
640821,125.4,126.4,125.3,126.4,401,1591
640824,126.5,128.4,126.5,128.1,580,1851
640825,128.1,128.6,127.7,128.6,1345,2771
640826,129.2,129.4,129,129.4,943,3479
640827,129.2,129.7,129,129.5,776,3562
640828,129.2,129.4,128.6,129,349,3726
640831,128.5,128.6,127.6,127.7,511,3876
640901,128.1,128.2,127.4,127.4,202,3940
640902,127.5,127.7,127.3,127.6,166,4031
640903,128.1,129,128,129,165,4091
640904,129.2,130,128.5,129.6,570,4466
640908,130.4,130.4,128.7,129.4,574,4482
640909,129.3,129.3,128.6,129,881,4777
640910,129.2,129.6,129.2,129.4,1463,5224
640911,130.2,131,129.7,130.4,262,5285
640914,130.4,130.6,129.6,129.6,687,5486
640915,129.4,129.7,129,129.4,1282,6301
640916,130,130.1,129,129.1,620,6496
640917,129,130,129,130,397,6547
640918,130.2,131,129.6,130.7,1080,7080
640921,130.5,130.5,128.6,129,787,7255
640922,128.7,129.6,128.7,129.1,501,7312
640923,128.7,129.2,128.5,129.2,473,7403
640924,129.2,129.2,128.4,128.5,360,7502
640925,128.7,129.3,128.5,128.6,384,7731
640928,128.6,129.1,128.6,128.6,195,7766
640929,129.1,129.1,128.2,128.3,180,7836
640930,128.2,128.3,127.7,128,645,7831
641001,127.7,130.1,127.6,129.6,953,8032
641002,130.2,131.2,130.1,130.2,1324,8049
641005,130.4,130.6,129,129.2,1086,8334
641006,129.2,129.2,128.4,128.6,388,8392
641007,128.5,129.2,128.1,129,524,8481
641008,129.3,129.5,129.3,129.4,698,8748
641009,129.5,130.2,129.4,129.6,292,8899
641012,129.3,129.6,129.2,129.2,522,9028
641013,129,129.3,128.7,128.7,515,9163
641014,128.7,128.7,128.3,128.4,613,9522
641015,128.3,129.3,128.1,128.1,1150,10165
641016,128.1,128.2,128,128.1,1236,10840
641019,128,129,128,128.7,454,10932
641020,128.7,129.5,128.7,129.5,945,11367
641021,129.4,129.6,129.2,129.5,1085,11937
641022,129.4,130,129.2,129.2,372,12081
641023,129.1,129.1,128.4,128.5,726,12495
641026,128.4,129.1,128.4,128.7,1234,12900
641027,128.6,129,128.6,128.6,3135,15158
641028,128.4,128.4,128,128,931,15685
641029,127.7,128,127.2,127.2,3135,16629
641030,127.4,128,127.2,127.6,2538,18215
641102,127.6,128.6,127.6,128.3,1753,18942
641104,128.3,128.7,127.7,128,2166,19546
641105,127.6,128.3,127.6,128.3,3046,19972
641106,128.4,128.6,127.7,127.7,1826,20459
641109,127.7,128,127.6,128,1934,21584
641110,127.7,128,127.6,127.7,1393,22494
641111,128,128,127.5,127.7,1120,23089
641112,128,128.4,128,128,1392,23911
641113,127.7,128.2,127.7,127.7,922,24033
641116,127.6,128.5,127.6,128.4,2306,24766
641117,128.6,129.3,128.6,129.2,2847,26516
641118,129.3,129.6,129.3,129.5,3154,28079
641119,129.7,130.3,129.6,130.3,1566,28573
641120,130.5,130.7,130.3,130.7,1527,29143
641123,130.7,131.2,130.6,131,1825,29640
641124,131.1,131.3,131,131,1972,30434
641125,131.2,131.3,130.7,130.7,903,30804
641127,131,131,130.4,130.4,1116,30771
641130,130.4,130.7,130.2,130.6,2640,31948
641201,130.5,130.5,129.4,129.6,3926,33733
641202,129.6,129.6,129.2,129.2,6108,35242
641203,129.3,130.3,129.3,130,2666,36364
641204,130.4,130.5,130.2,130.2,1711,36420
641207,130.4,131,130.3,130.4,1109,36809
641208,131,131,130,130.1,2673,37881
641209,130.3,130.4,130,130.1,3617,39834
641210,130.1,130.2,129.5,129.5,2718,40671
641211,129.4,130,129.3,130,3465,40940
641214,129.6,130.4,129.6,130.3,1896,41311
641215,130.2,130.6,130,130,1288,41419
641216,129.6,129.7,129.5,129.7,2066,41439
641217,130,130,129.5,129.6,1712,41705
641218,129.6,130.1,129.5,129.6,870,41744
641221,129.7,130.3,129.6,130.2,1424,42051
641222,130.2,130.3,129.6,129.6,1248,42059
641223,129.7,129.7,129.1,129.1,1340,42228
641224,129.2,129.3,129,129.2,1591,42250
641228,129.2,129.4,129,129,820,42178
641229,129,129.1,128.5,128.7,742,42216
641230,129,129.3,129,129.2,1599,42405
641231,129.3,129.5,129.2,129.3,1636,42483
650104,129.3,129.4,129,129,902,42440
650105,129,129.2,128.7,129,883,42692
650106,129,129.1,128.5,128.6,2361,42799
650107,128.4,128.7,128.4,128.5,1461,43139
650108,128.6,129.4,128.6,129.2,1100,43349
650111,128.6,129.1,128.6,129,1253,42655
650112,129.4,130.1,129.3,129.7,1287,43775
650113,130.1,130.3,129.7,130,1935,43996
650114,129.6,129.7,129.3,129.4,1936,44661
650115,129.2,129.7,129.2,129.6,2170,45329
650118,130,130.2,129.6,129.6,1718,45484
650119,129.7,130.1,129.5,130,1685,46039
650120,129.6,129.7,129.4,129.5,1933,45895
650121,129.5,129.7,129.4,129.6,1352,46339
650122,129.7,130.2,129.6,129.6,1655,46199
650125,130.1,130.1,129.7,130,1388,46724
650126,130,130.7,130,130.5,898,47214
650127,131.2,131.6,131,131,2109,47277
650128,131,131.5,131,131.4,3419,47805
650129,131.3,131.4,130.6,130.6,1886,48279
650201,130.5,131.4,130.4,131.2,2944,48249
650202,131.4,132.1,131.3,132,1739,47891
650203,132.2,132.5,132,132.2,2960,47825
650204,132.2,132.5,132.2,132.2,3895,47925
650205,132.2,132.3,132,132.2,1863,48653
650208,132.6,132.7,132.4,132.4,1661,49159
650209,132.4,132.4,131.5,132,2804,49155
650210,131.7,132.6,131.7,132.5,2897,49537
650211,133,133,132.3,132.6,1575,49830
650212,132.5,132.5,131.6,131.6,2540,50174
650215,131.4,131.4,131,131.2,3324,51390
650216,131,131.5,131,131.1,3286,52061
650217,131.1,131.7,131.1,131.5,2038,53257
650218,131.4,131.7,131.3,131.6,2010,53921
650219,131.6,132.1,131.4,131.4,2974,54181
650223,131.3,131.5,131.2,131.3,2375,55476
650224,131.1,131.3,131,131,1942,56313
650225,130.7,131.1,130.7,131,2045,57163
650226,131.2,131.7,131.2,131.4,3131,58739
650301,131.6,132.3,131.5,131.5,2792,59748
650302,131.6,132.2,131.6,132,3378,61201
650303,131.7,132.1,131.4,131.6,1885,61976
650304,131.7,132.2,131.7,132.2,2066,62827
650305,132.2,132.3,131.7,132,1919,62760
650308,132.1,132.2,131.6,132,1744,63108
650309,132,132.4,131.7,132.3,2869,63088
650310,132.5,133,132.4,132.7,2266,63411
650311,132.7,133.1,132.6,132.6,3443,64005
650312,132.6,133.4,132.6,133.3,3930,63693
650315,133.6,133.6,133,133,6599,64717
650316,133,133.1,132.5,132.6,2798,65298
650317,132.6,133.1,132.6,133.1,2329,65902
650318,133.1,133.3,132.7,133.2,3335,66643
650319,133.3,133.4,133,133.2,2921,66811
650322,133.1,133.5,132.7,133.4,4318,66775
650323,133.5,133.6,132.7,132.7,3106,67343
650324,133,133.1,132.7,133,3323,66464
650325,133.1,133.4,133.1,133.2,2563,65856
650326,133.3,133.7,133.3,133.7,2011,65985
650329,133.7,134,133.5,133.7,4210,66459
650330,134,134,133.2,133.2,2178,66581
650331,133.3,133.5,133.1,133.4,2716,66113
650401,133.6,133.6,133,133.5,2350,66524
650402,133.4,133.5,133.2,133.2,4003,66482
650405,133.1,133.6,133.1,133.6,2857,65935
650406,133.5,133.6,132.6,133,3055,65267
650407,133,133.1,132.6,133.1,7542,67092
650408,133.3,133.7,133.2,133.6,1662,67377
650409,133.5,134,133.5,133.6,3106,66531
650412,133.6,133.7,133.4,133.5,3846,66593
650413,133.3,133.4,133.1,133.3,2179,66486
650414,133.5,133.7,133.3,133.6,3447,65986
650415,133.7,134.2,133.7,134,2990,66472
650419,134.1,134.1,133.6,133.7,4205,65423
650420,133.7,134.1,133.7,134,2604,65546
650421,134,134.2,134,134.2,2610,65458
650422,134.2,134.3,134,134.1,3738,66085
650423,134.1,134.2,134.1,134.1,3944,66705
650426,134.3,134.6,134.2,134.5,3264,66781
650427,134.6,135.1,134.5,135,2271,67440
650428,135.1,135.2,134.5,134.6,5728,68770
650429,134.6,134.6,134,134.2,7731,68778
650430,134.2,134.5,134.1,134.4,8562,68830
650503,134.3,134.3,134,134.1,8612,72332
650504,134.1,134.4,134,134.3,5717,73088
650505,134.4,134.6,134.3,134.6,4869,74164
650506,134.5,134.5,134.1,134.3,6051,75090
650507,134.2,134.2,133.6,133.7,6193,74715
650510,133.4,133.6,133.3,133.4,7274,73107
650511,133.3,133.5,133.2,133.4,5762,71717
650512,133.5,134.1,133.5,134.1,5103,70867
650513,134,134.3,134,134.2,7055,71554
650514,134.3,134.6,134.3,134.6,9572,70337
650517,134.6,134.6,133.3,133.4,8524,70507
650518,133.5,134.3,133.4,134.2,8619,68895
650519,134.2,134.2,133.4,133.5,6684,68654
650520,133.5,134,133.2,133.7,9741,69114
650521,133.7,133.7,132.1,132.6,5787,69223
650524,132.3,132.3,131.4,131.5,14508,65880
650525,131.4,132.4,131.4,131.7,14083,61954
650526,132.1,132.2,131.5,132.2,10560,59983
650527,132,132.4,132,132.4,8266,58538
650528,132.3,132.4,132,132.2,8239,57976
650601,132.1,132.2,131.6,132,5672,57008
650602,132,132,131.4,131.4,5532,56658
650603,131.5,131.7,131.3,131.7,9312,54888
650604,131.7,132.3,131.7,132.2,4594,53953
650607,132.2,132.2,131.7,132,6818,53179
650608,132,132,131.5,132,5994,53382
650609,131.5,131.6,131.4,131.5,6046,52301
650610,131.5,132,131.5,131.7,5334,51150
650611,131.7,132,131.4,131.5,8615,49597
650614,131.4,132,131.4,132,4252,48389
650615,131.6,132,131.6,131.7,3698,46650
650616,131.7,132.2,131.6,131.6,3737,46204
650617,131.7,132.1,131.6,131.7,4227,46419
650618,131.7,133.1,131.7,132.6,5136,44043
650621,132.4,133,132.2,132.7,8679,41163
650622,133,133.1,132.4,132.5,5930,39766
650623,132.4,132.7,132.2,132.6,6131,38140
650624,133,133.1,132.5,132.6,5409,36633
650625,132.6,132.7,132.4,132.5,5435,36301
650628,132.4,132.7,132.4,132.4,6059,35005
650629,132.4,132.6,132.2,132.3,6013,34977
650630,132.4,132.4,132.2,132.2,6075,32812
650701,132.2,132.3,131.6,131.6,7346,30649
650702,131.5,131.6,131.2,131.3,7210,29301
650706,131.2,131.3,131,131,6933,27868
650707,130.7,131,130.5,130.6,4737,26741
650708,130.5,130.5,129.4,129.5,5641,24946
650709,129.4,129.4,128.7,128.7,9830,23817
650712,128.5,128.5,127.1,127.1,8783,22499
650713,127,128.2,126.7,128.1,7243,21144
650714,128.2,129.5,128.1,128.5,8671,18168
650715,128.4,129.2,128,129.1,4829,17356
650716,128.6,129.6,128.6,129.4,5872,14260
650719,129.2,129.4,129,129.2,2502,13243
650720,129.2,130,129,129.3,3174,11446
650721,129.2,129.2,126.4,126.6,5423,7399
