650104,117.4,117.4,117.4,117.4,0,0
650105,117.2,117.6,117.2,117.6,113,93
650106,117.5,117.7,117.4,117.7,236,269
650107,117.7,118.1,117.7,117.7,160,404
650108,118,118.4,117.7,118.4,271,565
650111,118.1,119.1,118.1,119,183,695
650112,119.2,119.4,119.1,119.3,775,1195
650113,119.4,119.5,119.2,119.4,323,1398
650114,119.5,119.6,119.3,119.5,1112,2344
650115,119.5,120.2,119.4,120.2,2131,3904
650118,119.7,120,119.6,119.6,738,4412
650119,119.6,120,119.4,119.7,426,4533
650120,119.7,119.7,119.3,119.3,660,4783
650121,119.4,119.6,119.2,119.6,380,5068
650122,119.6,119.7,119.2,119.4,257,5250
650125,119.4,119.5,119.4,119.5,545,5610
650126,119.6,120.6,119.6,120.6,140,5675
650127,120.7,121.2,120.5,120.5,1253,6525
650128,120.6,121,120.4,121,1108,7328
650129,120.7,121,120,120.1,1680,8538
650201,120,120.2,119.7,120.2,487,8698
650202,120.4,120.6,120.2,120.6,442,9044
650203,120.4,120.7,120.4,120.4,271,9205
650204,120.2,120.4,120,120.1,368,9467
650205,120,120.2,119.7,120.2,339,9604
650208,120.6,120.6,120.4,120.6,578,10127
650209,120.4,120.6,120.1,120.6,447,10214
650210,120.4,121,120.4,121,751,10311
650211,121,121,120.4,120.7,539,10605
650212,120.7,120.7,120.4,120.6,750,10685
650215,120.5,120.5,120.2,120.4,120,10700
650216,120.3,120.6,120.2,120.5,712,10914
650217,120.5,120.6,120.5,120.6,255,11019
650218,120.6,121.1,120.6,121.1,140,11054
650219,120.7,121.3,120.7,121.2,682,11430
650223,121.3,121.3,121,121.2,376,11621
650224,121.1,121.1,120.5,120.5,570,11931
650225,120.5,120.6,120.4,120.4,560,12171
650226,120.5,121,120.5,120.6,575,12491
650301,120.7,121.2,120.5,121,406,12687
650302,120.7,121.4,120.7,121.4,1440,13037
650303,121.3,121.3,121,121.2,900,13172
650304,121.3,121.4,121.2,121.2,386,13293
650305,121.1,121.1,120.3,120.5,295,13413
650308,120.5,120.5,120.1,120.2,810,13793
650309,120.2,120.2,120,120.2,1904,14884
650310,120.4,120.6,120.4,120.5,516,15034
650311,120.4,120.7,120.3,120.7,1399,15967
650312,120.6,121,120.5,120.7,1885,16827
650315,121,121.1,121,121.1,1244,17093
650316,121,121,120.5,120.6,2190,18313
650317,120.6,120.6,120,120.3,860,18533
650318,120.3,120.4,119.6,120.4,1697,19178
650319,120.2,120.4,120,120.1,2212,20472
650322,120.2,120.6,120.2,120.4,1390,20827
650323,120.3,120.5,120.2,120.2,1282,20951
650324,120.3,120.4,120.2,120.2,1000,21491
650325,120.3,120.4,120.2,120.2,243,21550
650326,120.3,120.6,120.2,120.6,1075,21890
650329,120.6,121.1,120.6,121.1,361,21915
650330,121.1,121.1,120.6,120.6,695,22371
650331,120.7,120.7,120.5,120.7,1079,22950
650401,120.7,120.7,120.5,120.6,1007,23509
650402,120.6,121.1,120.6,121.1,1090,23729
650405,121.1,121.2,120.7,121.2,1218,23796
650406,121,121.1,120.5,120.7,1138,24145
650407,120.5,120.7,120.4,120.7,1501,24671
650408,121,121.1,120.6,121,548,24701
650409,121,121.2,121,121.1,1537,25280
650412,121.1,121.1,120.7,121,939,25722
650413,121,121,120.4,120.6,750,25877
650414,120.6,121.2,120.6,120.7,866,25970
650415,121.1,121.2,121,121,917,26071
650419,121,121.3,121,121.3,621,26162
650420,121.2,121.3,121.2,121.2,1180,26422
650421,121.3,121.4,121.2,121.3,416,26537
650422,121.3,121.3,121.2,121.2,1071,26792
650423,121.3,121.4,121.2,121.2,254,26834
650426,121.4,122.3,121.4,122.1,326,27090
650427,122.1,122.4,122.1,122.2,2267,27630
650428,122.2,122.4,122.1,122.1,1310,27848
650429,122.1,122.1,121.2,121.4,1527,28425
650430,121.2,122.2,121.2,122.2,2339,28818
650503,121,121.4,120.7,121.2,2498,29944
650504,121.1,121.2,121,121.1,2741,31456
650505,121,121.4,120.7,121,1912,32182
650506,121,121.1,120.5,120.5,1870,33104
650507,120.5,120.6,120.4,120.4,2151,33561
650510,120.1,120.3,119.5,119.5,2976,33947
650511,119.6,120,119.6,120,3782,34933
650512,120,120.1,119.6,120.1,1867,35614
650513,120.1,120.1,119.5,119.7,3334,36839
650514,119.5,119.7,119.5,119.5,2276,37722
650517,119.4,119.5,118.6,118.6,3793,39418
650518,118.6,119.4,118.5,119.3,4303,39754
650519,119.1,119.3,118.6,118.7,4794,41157
650520,118.6,119.3,118.5,119.1,4320,41425
650521,119,119,118.2,118.4,4123,42223
650524,118.2,118.3,117.4,117.4,3689,43162
650525,117.4,118.3,117.4,117.7,5145,43290
650526,118,118.6,117.6,118.4,4679,45089
650527,118.3,119.1,118.2,119.1,4265,45380
650528,119,119,118.4,118.5,3424,46255
650601,118.4,118.4,118,118,4273,46446
650602,118.1,118.1,117.6,118,2642,47114
650603,117.7,118.5,117.7,118.4,2255,47784
650604,118.6,119,118.6,118.7,2148,48017
650607,118.7,119.3,118.6,119.2,3289,48171
650608,119,119,118.4,118.7,4583,48511
650609,118.6,119,118.4,118.7,2616,48454
650610,118.7,120,118.7,120,2265,48425
650611,120,120,119.4,119.5,6011,48034
650614,119.4,120,119.4,120,2682,48168
650615,119.7,120.1,119.5,119.6,3133,49387
650616,119.5,120.4,119.4,120.3,3825,49974
650617,120.4,121.2,120.3,121,5870,50125
650618,120.7,122.4,120.7,122.4,5918,50676
650621,122.4,122.4,121.6,121.7,11235,51137
650622,121.7,121.7,120.4,120.4,5218,51547
650623,120.4,121.2,120.2,121,5828,52023
650624,121.1,121.3,120.6,120.7,3220,52172
650625,120.7,121.1,120.4,120.6,3633,51619
650628,120.7,122.2,120.7,121.6,3315,51507
650629,121.5,121.6,120.6,120.6,5289,52221
650630,120.6,121.2,120.5,120.7,5656,51672
650701,121,121.2,120.6,121.1,5371,51865
650702,120.6,121.3,120.4,121.1,3718,51548
650706,120.7,121,120.1,120.2,3600,52038
650707,120.2,120.2,119.6,119.7,6297,52737
650708,119.6,119.6,118.7,119.2,5032,53119
650709,119,119.6,118.6,119.5,6159,53891
650712,118.4,119,118.3,118.4,5592,54666
650713,118.4,119.1,118.2,119,8307,55437
650714,119,119.1,118.6,119,6781,56016
650715,119.1,119.6,118.5,119.6,5758,56587
650716,119.2,119.6,118.7,119.3,5216,57170
650719,119.2,119.2,118.5,118.6,5031,57131
650720,118.6,118.6,118.2,118.2,4564,57553
650721,118.3,118.5,117.7,118.4,4901,57428
650722,118.4,120.3,118.4,119.6,6477,57325
650723,119.7,120,119,119.5,12915,57025
650726,119.7,120.6,119.2,120.4,8284,55171
650727,120.1,120.5,119.6,120.2,7303,55949
650728,120.2,120.6,119.4,119.4,6140,56029
650729,119.4,119.7,119.1,119.7,8997,57148
650730,119.7,120.4,119.7,120,6534,57844
650802,119.2,119.2,118.6,118.6,5895,57952
650803,118.5,119,118.5,118.5,8281,57449
650804,118.5,118.7,118.4,118.5,8020,57703
650805,118.5,118.6,118.4,118.5,5956,58301
650806,118.4,118.7,118.3,118.4,3734,58937
650809,118.2,118.2,117.6,117.6,5315,58942
650810,117.6,118,117.1,117.5,7605,59041
650811,117,118.2,117,118.1,12560,61474
650812,118.2,118.4,117.4,117.4,10118,61428
650813,117.5,118.2,117.5,118,6242,62588
650816,118.1,118.3,117.4,117.5,6378,63495
650817,117.6,117.6,117.3,117.5,6692,63987
650818,117.4,117.4,117.1,117.1,4488,64174
650819,117,117.1,116.7,117.1,4993,64377
650820,117.1,117.3,117,117.1,6088,64899
650823,117.1,117.3,117,117.1,6212,65528
650824,117,117.2,116.6,117,7073,64645
650825,117,117,116.6,117,4824,64664
650826,117.2,117.6,117.2,117.4,4667,64146
650827,117.7,118.2,117.5,118.1,7575,65447
650830,118.2,118.5,118.1,118.4,8700,67070
650831,118.6,118.6,118.1,118.2,7816,67272
650901,118.3,118.4,117.7,118.3,10532,67982
650902,118.5,118.5,118,118.2,8466,67398
650903,119,119,118.4,118.6,6521,67145
650907,119,119.2,118.4,118.4,8419,69184
650908,118.4,118.4,118.1,118.2,8117,70020
650909,118.1,118.2,117.4,117.4,5604,70296
650910,117.4,117.5,117.2,117.4,7868,69815
650913,117,117,116.5,116.6,7198,70254
650914,116.6,117.1,116.4,117,10112,73932
650915,117.1,117.4,117,117.2,9520,73943
650916,117.4,118.2,117.4,118.1,7675,73929
650917,118.2,118.3,117.4,117.5,9352,74346
650920,117.4,117.6,117,117.2,9331,74296
650921,117.2,117.6,117,117.2,8866,73585
650922,117.4,118,117.4,117.7,7809,72828
650923,117.6,117.6,117.2,117.3,7772,72586
650924,117.3,117.3,116.7,116.7,6640,73357
650927,117.1,117.5,117,117.1,7978,73561
650928,116.7,116.7,116.3,116.3,6807,73512
650929,116.2,116.5,116.1,116.2,9402,75452
650930,116.4,116.4,116.1,116.3,8194,75462
651001,116.2,116.2,115.6,115.7,6079,75644
651004,115.6,115.6,115,115.1,10090,77618
651005,115.1,115.4,115,115.3,9482,78372
651006,115.3,115.4,115.1,115.2,6090,78954
651007,115.2,115.2,115,115.1,4708,79758
651008,115.1,115.5,115,115.5,3573,81049
651011,115.3,115.4,115,115,6761,80643
651012,114.7,114.7,114.4,114.4,7516,81616
651013,114.4,114.6,114.4,114.6,8604,83191
651014,114.7,115,114.4,114.5,4387,84127
651015,114.5,115,114.5,114.7,7629,84454
651018,114.5,114.5,114.1,114.1,5342,85334
651019,114.1,114.2,114,114.1,7758,85119
651020,114.1,114.4,114.1,114.4,5788,84272
651021,114.4,115.2,114.4,115.2,4952,85266
651022,115.2,115.3,114.5,114.6,8454,85341
651025,114.4,114.4,113.7,114,5655,85706
651026,114,114.1,113.6,114,12092,86027
651027,113.7,114.4,113.6,114.1,6218,86273
651028,114.1,114.3,114,114.1,6222,85844
651029,114.1,114.3,113.7,114.3,6249,85445
651101,114.1,114.4,113.7,114.4,10128,84453
651102,114.2,115.4,114.2,115.1,9550,82716
651103,115.2,115.3,114.4,114.4,11674,81701
651104,114.3,114.7,114.2,114.4,9820,81031
651105,114.4,115,114.3,114.4,11443,79701
651108,114.4,115.2,114.3,115,11599,78251
651109,115.1,115.7,115.1,115.5,11573,76468
651110,115.5,116,115.1,115.4,13288,75905
651111,115.6,116,115.3,115.6,8833,75443
651112,115.7,117.1,115.7,116.5,9902,73865
651115,116.5,116.7,116,116,15166,70603
651116,115.6,116.3,115.4,116.3,11963,68400
651117,116.2,116.4,115.3,115.3,10984,68008
651118,115.3,116.4,115.3,116,12909,64643
651119,115.7,116.1,115.5,115.5,11947,64396
651122,115.4,115.6,115.2,115.2,9611,62941
651123,115.2,115.5,115.2,115.2,10131,59803
651124,115.3,115.4,115.2,115.2,8292,58408
651126,115.3,116.1,115.3,116,6339,56858
651129,116.2,116.6,116.2,116.4,8664,54755
651130,116.5,118.4,116.5,118.3,10391,51977
651201,118.4,119.6,118.4,119.5,23861,47705
651202,119.6,122.2,119,121.2,22555,42692
651203,121.2,121.2,120.1,121.1,19505,36030
651206,120.2,122,119.6,120.7,10346,32508
651207,120.5,121.6,120.4,121.2,11987,29107
651208,121.2,121.5,120.7,121,9449,28445
651209,121,122.1,121,121.2,5195,25992
651210,121.4,122.7,121.4,122.4,10435,22786
651213,123,124.1,122.6,124.1,7760,20897
651214,124.4,124.7,122.6,122.7,9513,17041
651215,122.4,124.3,122.1,124,9300,12761
651216,123,124.4,122.7,123.1,6784,10827
651217,123.4,124.4,123.2,124.3,5903,8925
651220,124,124.4,122.3,123.2,3830,6892
