650601,124.4,124.5,124.4,124.4,0,0
650602,124.4,124.4,124,124,10,10
650603,124,124.5,124,124.5,40,45
650604,124.7,125.1,124.7,125.1,162,126
650607,125.2,125.3,125.1,125.2,142,166
650608,125,125,124.5,124.7,272,363
650609,124.6,125,124.6,125,533,739
650610,125.2,126,125.2,126,60,799
650611,126.1,126.1,125.5,125.5,60,834
650614,125.5,126.2,125.5,126.2,25,834
650615,126.2,126.4,126.1,126.1,225,969
650616,126.1,126.6,126.1,126.6,661,1334
650617,126.7,127.6,126.7,127.2,465,1424
650618,127.4,129.1,127.3,129.1,232,1425
650621,128.7,128.7,128.2,128.2,1245,2020
650622,128,128,126.4,126.4,151,2040
650623,126.6,127.3,126.3,127.3,338,2106
650624,127.2,127.4,127,127.2,510,2311
650625,126.7,127.2,126.5,127.2,160,2386
650628,127.3,128.5,127.3,128.2,240,2561
650629,128,128.1,127,127,231,2588
650630,127.1,127.4,127.1,127.2,216,2688
650701,127.2,127.4,127.1,127.3,301,2782
650702,127,127.6,126.7,127.5,955,3408
650706,127.2,127.2,126.4,126.5,114,3439
650707,126.3,126.3,126,126.2,178,3449
650708,126.2,126.2,125.2,125.4,282,3380
650709,125.2,125.7,124.7,125.7,179,3414
650712,125,125.2,124.4,124.5,233,3484
650713,124.5,125.2,124.4,125.1,655,3329
650714,125.2,125.2,124.6,125,486,3415
650715,124.7,126,124.5,126,250,3493
650716,125.3,125.6,125.1,125.4,471,3611
650719,125.2,125.2,124.4,124.4,107,3621
650720,124.4,124.6,124.1,124.2,403,3854
650721,124.1,124.5,124,124.5,605,4237
650722,124.4,126.2,124.4,125.7,163,4285
650723,125.4,126.1,125.2,125.7,348,4361
650726,125.7,127.1,125.5,126.7,537,4678
650727,126.5,126.7,126.1,126.3,639,4973
650728,126.3,126.7,125.4,125.6,493,5147
650729,125.4,126.1,125.4,126,215,5191
650730,126.2,127,126.2,126.4,600,4971
650802,125.3,125.4,124.6,124.6,486,4904
650803,124.5,125,124.5,124.6,1034,5371
650804,124.7,125,124.6,124.6,342,5390
650805,124.7,124.7,124.4,124.6,674,5387
650806,124.6,125.1,124.5,124.6,290,5455
650809,124.4,124.4,123.7,124,480,5335
650810,124.1,124.2,123.3,123.5,811,5527
650811,123.2,124.3,123.1,124.2,754,5902
650812,124.6,124.6,123.7,123.7,1106,6216
650813,124,124.6,124,124.4,714,6542
650816,124.5,124.7,124,124,1443,6460
650817,124,124.1,123.6,123.6,887,6365
650818,123.6,123.7,123.4,123.4,320,6406
650819,123.4,123.5,123.2,123.5,235,6461
650820,123.7,123.7,123.4,123.6,483,6627
650823,123.4,124.1,123.4,123.7,466,6636
650824,123.6,123.6,123.4,123.4,476,6664
650825,123.4,123.4,123.3,123.4,272,6701
650826,124,124.4,123.7,124.2,330,6706
650827,124.6,124.6,124.2,124.4,1218,7251
650830,125.2,125.3,125,125.3,919,7795
650831,125.5,125.5,124.6,124.6,1499,8526
650901,125,125.2,124.6,125.2,767,8671
650902,125.4,125.4,124.7,125.1,640,8791
650903,125.5,125.6,125.4,125.4,991,9032
650907,125.7,125.7,125.3,125.4,1218,9761
650908,125.2,125.3,124.4,124.4,1580,10691
650909,124.5,124.7,124,124,1839,11749
650910,124.1,124.2,123.7,124.2,1543,11662
650913,123.6,123.6,123.1,123.4,1445,12092
650914,123.4,124,123.1,123.7,881,12191
650915,124.1,124.3,123.7,124.2,3166,12967
650916,124.5,125.1,124.4,125.1,930,12897
650917,125.2,125.2,124.1,124.2,974,13112
650920,124,124.3,123.5,124.1,986,13320
650921,124.1,124.4,123.7,124.1,892,13349
650922,124.6,124.7,124.5,124.7,1148,13803
650923,124.6,124.6,124.2,124.2,2765,14398
650924,124,124.3,123.6,124,3139,14432
650927,124,124.5,124,124,1496,14724
650928,123.5,123.6,123.1,123.2,734,14826
650929,123.1,123.3,123,123,1697,15698
650930,123,123.3,123,123.1,1242,16038
651001,123,123.1,122.6,122.6,690,16043
651004,122.3,122.3,122.1,122.2,1951,16527
651005,122.1,122.5,122.1,122.5,1956,17225
651006,122.4,122.5,122.1,122.1,1405,17551
651007,122.2,122.3,122.1,122.1,920,17847
651008,122.1,122.4,122,122.3,1155,17873
651011,122.4,122.5,122.1,122.1,2391,18212
651012,122,122,121.4,121.4,1705,18511
651013,121.4,121.7,121.4,121.5,3374,19922
651014,121.6,121.7,121.4,121.5,1210,20459
651015,121.5,121.7,121.5,121.6,1916,20959
651018,121.5,121.5,121.1,121.1,1178,21625
651019,121.1,121.1,120.6,120.6,2153,22355
651020,120.7,121.2,120.7,121.1,2398,23716
651021,121.2,122.2,121.2,122.2,1994,24390
651022,122.2,122.2,121.5,121.6,1704,24447
651025,121.4,121.4,121,121.2,2330,25287
651026,121.1,121.3,121,121.1,1774,26223
651027,121,121.5,121,121.2,1697,26908
651028,121.2,121.3,121.1,121.3,645,27033
651029,121.2,121.4,121,121.4,1162,27224
651101,121.3,121.6,121.1,121.5,759,27496
651102,121.5,122.4,121.4,122.3,1682,27261
651103,122.3,122.4,121.4,121.4,2504,27505
651104,121.4,122,121.3,121.5,2042,28215
651105,121.6,122.2,121.6,122,2272,28982
651108,122,122.5,122,122.3,3638,31217
651109,122.4,123.1,122.4,122.5,2406,31827
651110,122.6,123,122.3,122.3,3574,32286
651111,123,123,122.5,122.7,2835,32448
651112,123,123.7,123,123.4,1858,33240
651115,123.5,123.7,122.5,122.6,4931,32929
651116,122.5,123.2,122.2,123.2,5303,33201
651117,123.3,123.3,122.4,122.4,2527,34030
651118,122.4,123.3,122.3,122.7,2940,34836
651119,122.6,123.1,122.4,122.4,3274,35846
651122,122.5,122.6,122.2,122.2,2511,37025
651123,122.3,122.6,122.2,122.4,5005,38784
651124,122.5,122.7,122.3,122.5,1480,39599
651126,122.5,123.3,122.5,123.2,2856,39432
651129,123.4,124,123.4,123.7,4461,40607
651130,124,125,124,124.7,4662,41220
651201,125.1,125.5,125.1,125.4,8662,42484
651202,125.5,127.6,124.7,126.5,6363,41621
651203,126.5,126.7,125.2,126.6,9465,39529
651206,126.4,128,125.7,127.1,5711,40259
651207,127,127.4,126.5,127,7712,41994
651208,127,127.3,126.6,126.7,3223,42547
651209,127,127.7,127,127.2,3808,42896
651210,127.6,128.5,127.5,128.4,6456,45143
651213,128.5,129.6,128.4,129.5,5434,45650
651214,129.7,130,128.1,128.2,6663,46286
651215,128,128.4,127.4,128.4,8402,46660
651216,127.6,128.2,127.2,127.2,6473,46519
651217,127.2,128.1,127.2,128,5422,46637
651220,127.4,127.5,127.1,127.5,3561,46030
651221,127.1,127.7,126.6,127.6,4153,47001
651222,127.7,128.5,127.5,127.7,3997,48084
651223,127.5,128,127.3,127.3,3487,48486
651227,127.4,127.5,126.7,127.2,2057,48666
651228,127.2,127.3,126.7,127,2675,49047
651229,126.7,127,126.6,126.6,1797,49297
651230,126.6,127.5,126.5,127.3,3678,49396
660103,127.4,129.1,127.4,129,2984,49856
660104,129.2,129.7,128.6,128.6,5468,49085
660105,129.2,130.4,129.2,130.4,5775,49635
660106,130.4,130.6,130.1,130.3,9697,49789
660107,129.7,130.1,129.5,130,5889,49418
660110,130.1,130.2,129.4,129.5,6300,49066
660111,130,130.4,129.7,130.2,5744,49981
660112,130.2,131.3,130.2,131.1,5694,50431
660113,132,133,131.6,132.7,7014,50954
660114,133,133,131.1,132,8355,51108
660117,132.1,132.1,131.1,131.2,9969,51518
660118,131,131.4,130.1,131.3,5387,51760
660119,131.4,131.6,131,131.1,9304,53517
660120,131.1,131.6,131,131.3,4897,54005
660121,131.6,132.1,131.3,131.4,4051,53519
660124,131.5,132.5,131.5,132.1,5482,54116
660125,132.1,132.3,132,132,4536,54946
660126,132.2,132.6,131.6,131.6,3111,55570
660127,131.6,132.1,131.3,131.4,6170,57279
660128,131.2,131.6,131.2,131.3,4000,57590
660131,131.4,131.4,130.4,130.4,4527,56464
660201,130.3,130.3,129.4,129.7,7796,57539
660202,130.3,130.6,130.2,130.2,7468,58488
660203,130.4,131.1,130.3,130.7,6745,58942
660204,131.2,131.4,130.7,131,5617,59295
660207,131.4,132,131.1,131.2,6756,61117
660208,131.2,131.3,130.2,130.4,6344,63192
660209,130.6,131.1,130.4,131,8049,64376
660210,131.2,131.2,131,131.1,6244,65754
660211,131.1,131.2,130.3,130.6,3364,65809
660214,130.5,130.6,130.4,130.6,4507,66005
660215,130.3,130.5,129.6,129.7,1853,66291
660216,129.6,129.6,129.2,129.4,5419,67475
660217,129.2,129.4,128.7,128.7,5921,67706
660218,128.7,128.7,127.6,127.6,8610,64901
660221,127.6,128.1,127.3,127.6,9196,64611
660223,127.5,128.1,127.4,127.7,13048,67871
660224,127.6,127.6,126.6,126.6,9018,71689
660225,126.4,126.6,126.1,126.1,9993,71365
660228,126.1,126.1,124.6,125.2,14287,68654
660301,125,126.3,124.6,126.1,20796,67509
660302,126.4,128.1,126.4,126.7,11281,67536
660303,125.6,125.6,124,124.2,12059,66606
660304,125,126,125,125.6,27965,69324
660307,125.6,126.6,125.6,126.2,14937,72283
660308,126.1,126.1,125,125.3,8288,73929
660309,125.1,125.4,124.3,125.3,7664,73387
660310,125,125.2,124.3,124.6,9494,71789
660311,124.7,125.6,124.5,125.1,10211,70217
660314,125,125.1,124.5,124.6,9587,69217
660315,124.4,124.5,124.1,124.2,6318,68841
660316,124.1,124.3,124,124.1,5223,68257
660317,124,124.6,124,124.3,5854,67065
660318,124.5,124.6,124.3,124.4,6373,66654
660321,125.2,125.5,124.7,125.2,5370,65069
660322,125.4,125.7,125.3,125.6,7040,64485
660323,126.1,126.2,125.7,126.2,10025,61275
660324,126.1,126.2,125.6,126.2,7650,59830
660325,126.1,126.1,125.6,125.7,4949,59442
660328,125.6,125.6,125,125.1,5463,58890
660329,125.1,125.2,124.6,124.7,5238,58466
660330,124.7,125.4,124.2,125.4,5784,58041
660331,125,125.1,124.5,124.7,8185,58200
660401,125.5,125.6,125,125,4214,57867
660404,125.3,125.4,124.5,124.6,4759,57525
660405,124.6,125.2,124.4,125.1,4086,57056
660406,125.3,125.7,125.3,125.5,4650,55527
660407,125.4,126.4,125.3,126,6099,53695
660411,125.7,126.2,125.4,126.1,5688,52500
660412,126.2,126.6,126.1,126.4,5011,51699
660413,126.3,127.3,126.3,127.3,5559,50600
660414,127.2,127.5,127,127.1,8623,50964
660415,127.1,127.2,126.4,126.6,8466,50442
660418,126.6,127.4,126.6,127.2,6793,48842
660419,127.4,128.1,127.3,127.7,4475,48396
660420,127.7,128,127.3,127.7,9366,48884
660421,127.4,128,127.3,127.6,5672,48334
660422,127.4,127.5,127.2,127.3,4780,46779
660425,127.3,127.4,127.1,127.4,4049,46369
660426,127.6,128.3,127.6,127.6,6328,44864
660427,127.7,128,127.2,127.3,8238,42653
660428,127.1,127.5,127.1,127.3,7850,40080
660429,127.5,127.6,127.2,127.2,9602,37197
660502,127.2,127.3,125.4,125.6,6352,34974
660503,125.6,126.1,125.1,125.3,8641,30170
660504,125.2,125.2,124.5,125,8334,25986
660505,125,126.4,125,126.3,4689,23372
660506,126,126.2,125.5,126,5544,22275
660509,125.7,126.6,125.6,126.6,3977,20753
660510,126.3,126.6,126.1,126.5,3215,19578
660511,126.2,127.2,126.1,127.2,4716,16697
660512,127.1,127.4,126.5,126.7,4674,13973
660513,126.7,127.7,126.7,127.4,3226,12947
660516,127.2,127.6,127.1,127.2,2935,11316
660517,127.4,128.3,127.4,128.1,3270,10148
660518,128.3,128.5,128,128.4,4428,7655
660519,128.1,128.4,124.6,124.6,3743,5193
