660601,129.7,131.2,129.6,131.2,0,0
660602,131.2,131.5,130.5,130.7,3710,2635
660603,130.5,131,130.3,130.7,3252,5446
660606,130.4,130.6,130.1,130.1,540,5776
660607,130,130.2,129.3,129.5,2290,7706
660608,129.3,130.4,129.2,130.4,380,7801
660609,130.6,131.2,130.5,131,1040,7831
660610,131,131,130.4,131,993,8379
660613,131.3,131.3,130.7,131.2,145,8299
660614,131.3,131.4,130.6,131,432,8484
660615,131.2,131.2,130.3,130.7,815,9189
660616,131.1,134,131.1,133.6,2025,10694
660617,133.4,134.4,133.4,134.4,2326,10819
660620,134.7,139.7,134.6,139,1641,11685
660621,140,142.2,138,138.6,2712,13343
660622,139,139.2,137.2,137.2,2350,14142
660623,140,142.2,139,141.4,1148,14282
660624,140,142,139.4,141.6,3503,15364
660627,142,145.2,141.2,144.4,2512,16104
660628,144,144.2,141.6,142.1,3743,17002
660629,142.2,144.7,141.5,144.3,3181,17713
660630,145.4,147,144.4,144.4,4777,20960
660701,144.2,144.6,142.2,143.5,5475,21225
660705,145,146.2,145,145.2,2613,22116
660706,144.4,145.3,143.7,143.7,1688,22251
660707,143.4,144.4,141,141.6,2360,22521
660708,142.2,144.6,141.4,143.3,3337,22846
660711,145,148,145,147.6,1995,22583
660712,152,152,148,149.2,6213,23915
660713,150.4,150.4,147.4,149.4,4579,24806
660714,149.2,150,147.4,147.5,4645,26412
660715,148,149,146.6,148.2,4550,28392
660718,149.4,152.2,149.4,152,4300,27932
660719,153,153.6,151.2,152.5,6418,28453
660720,152.4,154.2,151.4,153.2,6375,29527
660721,152.4,152.6,149.7,152.1,5135,30532
660722,151.2,151.4,149.4,150.4,11007,32504
660725,153,154.5,153,154,7038,33634
660726,155.2,156,151.3,151.4,5457,33470
660727,149.4,149.6,147.6,149.4,7090,34452
660728,150,152,150,150.7,10096,36254
660729,148.6,151.4,148.6,151.3,6230,36550
660801,152.2,152.4,150,150,6696,37520
660802,150,151.4,149.5,151.2,3977,38329
660803,152,153,151.4,151.5,3274,38611
660804,151.2,151.5,150.1,151,3977,38490
660805,151,151.4,150.6,151,4355,37600
660808,151,151.2,150.3,151,2604,37820
660809,150.7,152.2,150.4,151.7,3472,37745
660810,151.4,152.4,150.6,152.1,4728,38865
660811,154.2,155.6,153.4,155.1,5667,41046
660812,155.2,155.2,153.7,153.7,10729,42815
660815,154,156.6,153.1,156.4,4946,42545
660816,157.6,159,156.6,158.6,10354,44660
660817,158.2,161.4,157.4,159.6,10233,46697
660818,160,161.2,158.2,159.1,11961,49345
660819,159.4,160.1,158,160.1,7446,49709
660822,159.4,161.6,158.7,159.6,4731,50459
660823,159,159.2,158.1,158.2,8829,51708
660824,158,159.1,157.4,158.2,5843,52455
660825,158.1,158.7,156.6,156.6,6988,53025
660826,156,156.1,154,154.2,5716,53515
660829,154.2,155.7,154.2,154.3,7719,53379
660830,154.2,155,151.2,152,5615,53590
660831,153.2,153.6,152.1,153.1,8334,53768
660901,153.3,156.2,153.3,156,5993,53464
660902,155.3,157,155.3,156.7,7105,54267
660906,157.6,158,156.6,157.7,5732,55278
660907,158,158.7,156.1,156.2,6753,56525
660908,156,156.6,155,156,6640,56395
660909,156,158.2,155.5,158.2,5869,57331
660912,152,153.4,150.6,150.6,9405,58656
660913,151.6,153,150.7,153,17800,62776
660914,153.6,154.2,152.4,153.7,8460,63156
660915,154.2,154.2,151.7,152.1,6270,63661
660916,151.6,151.6,149.6,151.1,5560,64701
660919,150,150.2,147.3,147.5,12905,65191
660920,147,148.7,146.6,148.2,11245,65571
660921,148.4,148.6,145.3,145.4,17305,70066
660922,145.6,146.5,143.2,145.6,7440,70496
660923,146.4,146.7,145.1,146,12325,70746
660926,146,146.7,144.2,146.6,7302,69781
660927,147.2,148.2,146.4,146.4,7335,69866
660928,146.2,146.2,144.6,144.6,7760,69606
660929,144.2,145,142.4,144.5,6970,68016
660930,144.6,146.2,144.6,146.1,9640,67366
661003,146.2,146.4,143.6,143.6,3625,67361
661004,143,143.1,141.3,141.6,4905,67261
661005,141.2,143.6,141.1,143.1,9245,68086
661006,143,144.1,142.3,143.3,8410,69246
661007,144.2,145,142.7,144.1,4585,68886
661010,144.6,144.6,143.2,143.4,5567,68404
661011,143.4,143.5,143.1,143.4,2715,68566
661012,141.6,142.3,140.6,140.6,4485,68474
661013,141,141.5,139.4,140.1,8915,69259
661014,140.4,142.3,140.4,142.2,10842,70387
661017,142.7,143,142.2,142.2,4815,69532
661018,140.6,141.6,140.6,141.2,4052,69275
661019,141.2,141.6,140.5,141.1,9606,70639
661020,141.2,143.3,140.6,143.1,5229,70730
661021,143.4,144.6,143.3,143.5,5034,71741
661024,143,143.1,142,142,7740,74255
661025,142.4,143.5,142.2,143.4,6231,74885
661026,145.4,146.7,145.2,145.2,5740,75340
661027,145.4,145.4,144.2,144.3,16105,76865
661028,144.2,144.7,143.5,144.5,6660,78765
661031,144.4,147,144.4,146.2,6170,79635
661101,147.4,147.4,146,146.1,11480,81770
661102,146.6,148.2,146.4,148.1,8680,83390
661103,148.4,149.4,147.7,149,12475,85835
661104,148.7,149.1,147.7,148.1,10725,86505
661107,147.6,148.6,147.2,148.2,8220,88080
661109,148.4,148.4,147.1,147.2,9990,89755
661110,147.1,148.2,147.1,148.1,9255,92785
661111,148,150.2,147.5,150,10000,94495
661114,150,151.4,150,150.4,15370,98125
661115,150.2,150.2,149.1,149.1,14480,100025
661116,148.4,148.5,146.6,147.1,11730,102610
661117,146.5,148.2,146.2,147.7,20645,106090
661118,148,148.1,146.7,146.7,10060,107620
661121,146.5,148.6,145.7,148.1,9355,110110
661122,148,148.4,147,147.4,15505,113520
661123,147.5,148.4,147,148.1,11970,115045
661125,148.5,149.2,147.1,147.3,12030,115385
661128,147.2,148.2,147,147.7,11850,115410
661129,148.2,149.5,148.2,149,12125,117425
661130,149,149.2,148.2,148.4,16415,117530
661201,148.4,151.3,148.4,151.2,13740,117080
661202,152.2,152.4,151,151.1,20960,119015
661205,151,151.7,151,151.6,21710,119930
661206,152.4,152.4,150,150.2,11720,120845
661207,149.4,150.4,149.4,150.2,16955,120585
661208,150.4,150.7,149,150.2,13845,122245
661209,150.4,150.5,149,149.7,17020,123350
661212,148.4,149.4,148.3,149.4,8850,124015
661213,149.6,150.1,148.6,148.6,12030,124430
661214,148.4,148.6,146.3,146.6,9070,123655
661215,146.4,147.5,146.2,147.1,23190,125790
661216,147.2,148.2,147,148.2,12315,127420
661219,148,148.1,146.2,146.7,8360,127150
661220,147,147.6,146.5,147.5,13195,127185
661221,147.2,147.2,145,145.1,10765,127265
661222,144.7,144.7,143.6,144.2,19640,126760
661223,144.5,145.3,144.2,144.6,17925,125520
661227,144.7,145.3,144.2,145,8355,125430
661228,145.3,146.2,145.2,146.1,7035,124255
661229,146.4,146.4,144.5,144.5,8565,124690
661230,144.2,145.1,144,145,9395,124240
670103,144.6,145.1,144.2,144.2,8255,124685
670104,144,144.3,143.4,143.7,11815,123250
670105,144.2,144.6,144.1,144.2,11805,120300
670106,144.2,146.1,144.1,145.5,8260,120100
670109,145.6,146.1,145.2,146,17220,119160
670110,146,146.4,145.5,145.5,9990,119375
670111,146.4,147,145.6,146.4,11390,119705
670112,146.3,146.4,144.7,144.7,15550,120795
670113,144.4,144.6,144.2,144.3,16675,121195
670116,144.2,144.3,141.3,141.4,10575,121670
670117,141.4,142.5,141,142,28025,121340
670118,142.2,143.1,142.1,142.2,22200,120905
670119,142.1,142.4,141.3,142.4,14320,122200
670120,142.2,143.1,142.1,142.5,14115,122620
670123,142.2,142.2,141.4,142,6940,122365
670124,142,142.6,141.6,142.5,11010,121785
670125,144,145.2,144,144.6,8445,122130
670126,145,145.2,143.6,145,23055,122575
670130,145.3,145.6,144.4,144.4,13545,124600
670131,144.2,144.2,142.3,142.3,10940,125190
670201,142.1,144.1,141.4,144.1,18135,126080
670202,143.7,144.3,143.2,143.6,19900,126260
670203,143.4,143.6,142.4,143.3,12795,127105
670206,143.1,143.4,142.3,142.5,11735,124980
670207,142.4,142.7,141.7,142,7035,126115
670208,142,142.3,139.5,139.6,12825,125350
670209,139.7,140.7,139.4,140.5,31570,124195
670210,140.6,141,139.5,140.2,21155,125700
670213,140,140.4,138.4,138.6,15220,125290
670214,138.4,139,137.7,138,18590,124170
670215,138.2,139.1,137.6,138.1,21700,123915
670216,138.4,140.3,138.4,139.6,15675,124380
670217,140.2,140.6,139.6,139.7,20310,124775
670220,140,141.2,140,141.1,18825,124190
670221,141.2,142,140.6,141.7,14785,125019
670223,142.1,143.2,141.7,141.7,16610,126560
670224,141.4,143,141.3,142.6,23860,126155
670227,143.4,143.4,141.6,142.2,17420,127790
670228,142,143.6,141.5,143.1,17445,129705
670301,143,144.2,142,144.1,27120,127770
670302,144,144.7,143,143,26950,128810
670303,142.7,143.5,142.4,143.1,17490,127030
670306,142.7,144.5,142.7,143.1,13180,128050
670307,142.4,143,142.1,142.6,17940,125855
670308,142.2,142.3,141.6,142.2,17985,125725
670309,142,142,141.3,142,14195,125045
670310,142.1,142.5,142,142.2,20115,125175
670313,142.4,143.3,142.2,142.7,12235,123995
670314,143,143.6,142.5,142.7,11295,122715
670315,142.7,143.4,142.3,142.5,12480,124170
670316,143,143.2,141.5,142.2,10950,122695
670317,142,142.2,141,141.2,16425,120795
670320,141,141,140.2,140.5,13890,119290
670321,141.4,142.7,141.4,142.6,13830,117680
670322,143,143,140.6,141,14585,115150
670323,140.5,141.3,140.4,141,15590,110335
670327,141,142.3,140.7,142.2,12000,108485
670328,142.1,142.4,141,141.2,7765,108925
670329,140.6,140.6,139.6,140,7800,106805
670330,140.1,140.6,140,140.4,15655,103825
670331,140.2,141.4,140.1,141.3,7720,102905
670403,140.6,142.1,140.4,142,6660,102630
670404,142.4,142.6,141.6,142.3,9760,100600
670405,142.4,142.6,141.4,142.2,8635,96900
670406,142.1,142.5,141.5,142.5,8665,95470
670407,142.1,142.6,141.7,142.3,7370,93905
670410,142.4,143.4,142.3,143.4,6905,92870
670411,141.2,141.2,139.4,139.7,10110,91705
670412,139,139.4,137.3,137.3,26285,86025
670413,137.2,138,137,137.6,22155,80735
670414,137.4,137.4,136.4,136.5,13410,78460
670417,135.4,135.6,133.6,134.1,11965,74230
670418,134.4,134.7,134,134.4,19215,68360
670419,134.6,134.7,134.2,134.6,11305,66120
670420,134.6,135.4,134.5,135.3,10600,63160
670421,135.4,135.4,133.3,133.5,7855,61885
670424,133.6,134,132.6,133.5,13800,57855
670425,131,131.2,129,129,12540,53455
670426,128.4,129.4,128.1,129.4,20130,47345
670427,129.3,129.7,128.4,128.6,19240,42970
670428,128.4,129.5,127.7,129.1,17995,37215
670501,128.6,131.1,128.6,130.7,24830,30780
670502,131.3,131.6,130.2,130.3,19455,18935
670503,130.6,132.6,130.3,132.1,15885,13100
670504,132.2,132.2,131.4,132.1,11115,10090
670505,131.6,131.7,131,131.6,5595,7925
670508,131.5,132,131,131.6,4695,7265
670509,131.6,132,131.2,131.3,2270,6645
670510,131.1,131.5,130.6,130.6,2320,6525
670511,130.7,133.1,130.7,132.3,3720,6760
670512,133,133.4,132.6,133.1,4090,4735
670515,133.2,133.4,131,132.1,1470,3880
670516,131.7,132,130.4,131.1,2560,3970
670517,130.5,130.6,129.6,129.6,1560,3570
670518,129.2,130.7,129.1,130.7,1905,2835
670519,130.6,132.3,130.3,131.4,1515,2385
