670103,133.7,134,133,133.3,0,0
670104,133,133.2,132.6,133,1300,950
670105,133.3,133.4,133.2,133.2,815,1365
670106,133.4,134.3,133.2,134.1,485,1730
670109,134.2,134.2,133.5,134.1,915,2020
670110,134.2,134.4,133.6,133.7,295,2140
670111,134.4,134.4,134,134.1,590,2415
670112,134.1,134.1,132.5,132.6,940,2995
670113,132.4,133.1,132.3,132.7,1110,3185
670116,132.5,133,131.4,131.4,1260,3985
670117,131.2,132.4,131.2,132,2320,4940
670118,132.2,132.7,132,132.2,1580,5795
670119,132.3,132.7,132,132.6,1630,6605
670120,132.6,133.2,132.4,133.1,2455,7680
670123,133,133,132.2,133,1015,8025
670124,132.6,133.6,132.6,133.6,2695,8505
670125,134.6,135.2,134.3,135,1735,8965
670126,135,135,133.7,134.7,3540,10215
670130,135.2,135.2,134.1,134.1,3580,11625
670131,134,134,132.5,132.5,1080,12115
670201,132.4,133.7,132.3,133.7,2060,12535
670202,133.2,134.4,133.2,134,1960,12850
670203,134,134,132.7,133.5,1425,13215
670206,133.4,133.5,132.5,132.6,1535,13215
670207,132.6,133.2,132.3,132.5,1150,13290
670208,132.5,133,131.2,131.2,2200,14050
670209,132,132.6,131.2,132.2,2385,13895
670210,132.3,132.3,131.2,131.7,2590,14120
670213,132,132.2,130.6,130.6,1820,14415
670214,131,131.4,130.3,130.5,2240,14860
670215,130.5,131.4,130.5,131,2885,15790
670216,131.4,132.6,131.2,132.4,3195,16680
670217,133,133.3,132.5,133,3295,17515
670220,133.4,134,133.2,133.5,2340,18350
670221,133.6,135,133.4,134.7,2990,18135
670223,135.2,136.2,135.2,135.6,2740,18665
670224,135.4,137.2,135,137,5195,19335
670227,137,137.2,136.3,136.4,4265,19200
670228,136.3,137.4,135.7,136.6,5570,21335
670301,136.6,138.2,135.6,138,3885,21955
670302,138,138.6,137.1,137.3,5525,22705
670303,137.4,138.2,137.3,137.7,3830,24140
670306,138,138.6,137.2,137.3,1900,24230
670307,137.3,138,136.6,137.6,4265,26225
670308,137,137.7,137,137.7,2675,26745
670309,137.3,138.6,137.3,138.5,3505,28075
670310,139,139.6,139,139.1,4870,29460
670313,139.6,140.2,139.3,139.4,6885,30430
670314,139.4,139.6,138.2,138.2,4720,32075
670315,138.1,138.7,138.1,138.1,4915,32975
670316,138.5,138.6,138.1,138.6,4885,33880
670317,139,139,136.7,137.3,6205,36080
670320,136.4,136.6,135.6,136.2,4775,36365
670321,138,140.4,138,140.3,8310,38085
670322,140.6,140.6,139.4,139.6,14205,40395
670323,139.7,139.7,138.4,138.7,11870,40535
670327,138.6,140.4,138.6,140.1,9890,41030
670328,140.3,141.3,140.3,141,7055,42350
670329,140.6,140.6,139.5,140.1,8380,41705
670330,140.1,140.7,139.7,140.7,8025,41480
670331,140.5,142.2,140.2,142.1,4335,41210
670403,141.2,144.1,141,144,7625,42475
670404,144,144.4,143.4,143.6,10555,45090
670405,143.6,144.1,142.6,143.3,9525,45930
670406,143.2,143.6,142.7,143.6,8780,46280
670407,143.2,144,143,143.6,4010,46940
670410,143.2,144,143.2,144,4130,48135
670411,142.6,142.6,141.3,141.4,6330,48470
670412,140.4,140.6,139.4,139.5,13610,49660
670413,139.4,140.7,139.2,140.4,10365,48260
670414,140.4,140.4,138.5,138.7,10215,49365
670417,138.2,138.2,136.2,136.4,7850,49070
670418,136.6,137.6,136.6,137.4,12090,49050
670419,138.1,138.2,137.4,138.1,7640,49525
670420,138.2,139.4,138.1,139.1,7600,50250
670421,138.4,138.5,137.2,137.4,8555,50670
670424,137.6,138.4,136.7,138.2,11325,51235
670425,136.2,136.2,133.7,134,9410,52715
670426,134,135,133.4,135,18955,51590
670427,135.1,135.4,134.4,134.5,12405,52930
670428,134.6,136.3,134.4,136,11440,53475
670501,136.4,137.4,136.2,137.4,12730,55600
670502,137.3,137.3,135.3,136.3,13535,56640
670503,136.1,136.2,134.7,135.4,11940,57790
670504,135.6,136.5,135.3,136.5,13725,59655
670505,136.4,136.4,135.3,136,7510,60775
670508,136.2,136.7,135.4,136.5,6255,62420
670509,136.3,136.6,135.3,135.5,7875,62775
670510,135.6,135.6,134.4,134.5,6885,63775
670511,134.6,136.1,134.6,135.3,10895,65620
670512,135.6,136.3,135.5,136,11040,66430
670515,136.2,136.3,135.2,135.5,7910,67195
670516,135.2,135.3,134.2,134.3,10075,68610
670517,134,134,132.2,132.3,9775,68605
670518,131.4,132.3,131,132.2,16655,69200
670519,132.6,134,132.3,133.6,17190,68130
670522,133.4,133.4,132.1,132.7,13740,67720
670523,133.4,135.6,133.4,135.5,7980,67385
670524,135.6,135.6,133.6,134.6,18850,66270
670525,133.6,134.4,133.3,134,10620,65940
670526,134.4,137.5,134.4,136,8380,64945
670529,135,135.2,134,134.4,25980,69875
670531,134.5,135.5,134.5,135.3,9570,70185
670601,135.7,136,134.5,134.6,9740,70220
670602,134.4,135.5,134.2,135.2,10745,70545
670605,143.1,143.1,138.2,138.5,10640,70435
670606,137.6,138.1,136.4,136.7,19730,68340
670607,135.4,135.6,134.4,134.7,11835,69105
670608,135.1,135.7,134.6,135.5,11975,68940
670609,134.2,135.1,134.1,134.3,6525,70270
670612,133.6,133.6,132.2,133.2,13005,70280
670613,133.3,133.7,132.7,133,14320,70345
670614,132.4,132.7,131,131,11200,70050
670615,131,131.1,129.5,129.6,13045,70175
670616,130,131.4,130,131.3,21430,68700
670619,131,131,129.2,129.5,15390,68275
670620,129.2,130.4,128.7,130.3,17570,68390
670621,131,132.2,130.6,131.2,13585,68320
670622,130.4,131.2,130,130.7,18770,68145
670623,131.4,132.2,130.6,131.7,12120,67915
670626,132,132,131.1,131.4,15545,67480
670627,131.1,131.5,130.7,131.1,8425,67910
670628,131.5,132,131.2,131.3,9835,66885
670629,131,131,130,130,13060,67415
670630,129.5,130.1,129.3,129.4,13735,66325
670703,129.1,129.2,128.1,128.2,14670,65750
670705,128,129,127.6,128.7,12340,65720
670706,129,129.2,128.2,129,13300,66820
670707,130,130.6,129.2,129.2,14245,65685
670710,128.7,129.2,127.6,127.6,18375,65655
670711,127.2,128,126.5,127.6,14350,65725
670712,125,125.6,124.4,125.5,23820,67150
670713,124.6,125.3,124.3,124.3,27545,68790
670714,124.4,124.5,123.6,124.1,15760,71650
670717,124,124.7,123.6,124.6,18385,71985
670718,124.6,125.4,124.2,124.3,14425,71255
670719,124.2,124.3,123.5,123.7,23185,72150
670720,123.6,124,123.2,124,20555,70000
670721,124,124.1,123,123.4,22055,72115
670724,122.6,123,121.6,121.6,13560,72475
670725,122,122.2,121.3,122.2,19245,72480
670726,122.2,123.2,122.2,122.6,20530,72925
670727,123,123,121.6,122,20300,72880
670728,121.6,121.6,121,121.5,13880,74170
670731,121.1,121.1,120.5,120.6,15530,77450
670801,120.4,120.5,119.6,120,14180,78065
670802,119.4,120.3,119.3,119.7,15650,80510
670803,120,121.3,120,120.4,18315,79775
670804,120.4,120.7,119.7,120.2,22380,82490
670807,119.6,119.6,119,119.4,22190,82170
670808,119.2,119.6,118.6,119.2,13260,81680
670809,119,119,118.2,118.4,16710,80265
670810,118.2,118.3,118,118.1,13365,79895
670811,118,118.4,117.7,118.2,18855,79270
670814,118,118.3,117.5,117.5,11715,79705
670815,117.4,117.7,117.3,117.6,10955,79795
670816,118,118.6,118,118.2,14900,76725
670817,118.6,119,118.4,118.7,12735,76155
670818,119.3,119.4,118.5,119.3,13042,76195
670821,119,119.1,118.4,118.4,14590,77020
670822,118.3,118.6,118.2,118.5,11100,78190
670823,118.3,118.6,118,118.4,8755,78290
670824,118.2,118.3,117.7,118.1,10005,78205
670825,118,118.2,117.6,118,10570,79520
670828,118.1,118.1,117.2,117.3,8490,80125
670829,117.3,117.5,117.1,117.3,13230,80195
670830,117.5,118.3,117.5,117.6,10155,78995
670831,117.7,118.5,117.4,117.7,11200,76490
670901,117.4,117.5,117.2,117.2,10180,75245
670905,117,117.7,116.5,117.5,8255,74645
670906,117.3,117.4,116.7,117.2,18205,78420
670907,117,117,116.4,116.6,9140,78275
670908,116.5,117.1,116.4,116.5,9640,78285
670911,116.4,116.6,116.2,116.5,13150,79305
670912,116,116.3,115.7,115.7,14215,81505
670913,116,116.5,116,116.2,13145,81975
670914,116.3,116.4,116.1,116.2,12755,82765
670915,116.1,116.2,115.7,116,8295,81875
670918,115.6,116,115.4,115.7,10610,81840
670919,116.3,116.3,115.7,116,15250,82825
670920,115.7,115.7,114.6,115,13725,81255
670921,114.6,115,114.4,114.5,22270,82325
670922,114.6,114.6,114.4,114.4,10685,81015
670925,114.4,114.4,113.4,113.5,11795,83260
670926,113.6,114.2,113.5,114.2,13640,83095
670927,114.2,114.4,113.7,114.3,14955,83360
670928,114.3,114.3,113.6,114,12280,84485
670929,113.7,113.7,113.3,113.3,10290,84520
671002,113.1,113.1,112.5,112.6,8685,84135
671003,112.4,113.4,112.4,113.4,10885,83425
671004,113.3,114.3,113.1,114,10625,85405
671005,114,114.5,113.7,114.4,13305,87030
671006,114.6,115.1,114.4,115,8950,87105
671009,114.7,114.7,113.5,113.7,13410,88455
671010,113.5,114.1,113.4,114,8445,88175
671011,113.1,113.6,113,113.4,6070,87860
671012,113.4,114.3,113.3,113.6,12715,88795
671013,113.5,114.5,113.4,114.4,11735,89265
671016,114.5,115.1,114.5,115,8770,88110
671017,115.2,115.3,114.3,114.3,8160,88105
671018,114.2,114.3,113.6,114.1,10260,87520
671019,113.7,114,113.4,113.5,9170,88015
671020,113.3,113.3,113,113.1,9235,87880
671023,112.7,113.2,112.5,113,11850,88330
671024,113.2,114.3,113.2,114,11840,86765
671025,114.2,114.2,113.5,114.2,14775,85520
671026,114.3,115.1,114.3,114.6,9575,85985
671027,114.2,114.3,113.2,113.3,18435,85055
671030,113.4,113.5,113,113.1,17835,87330
671031,113.3,114.3,113.3,114.2,10070,87815
671101,114.4,114.7,113.5,114.1,14005,86525
671102,114.4,115,114.3,114.4,19135,87395
671103,115,115.4,114.3,114.3,20925,86905
671106,113.4,113.4,112.2,112.3,23060,87135
671107,112,112.2,111.7,112.1,25545,84325
671108,112,112.2,111.5,112,17930,82760
671109,112.4,113,112.2,112.3,15410,81335
671110,112.3,112.5,112.1,112.3,12875,80495
671113,112.1,113.2,112.1,112.6,11585,79855
671114,112.6,113,112.1,112.1,12080,78060
671115,112,112.2,111.6,112.1,11140,75495
671116,112,112.5,112,112.3,12810,68785
671117,112.3,112.6,112.2,112.3,9565,71665
671120,112,112.7,112,112.2,12190,69770
671121,112.3,112.7,112.1,112.4,12430,68885
671122,113,113.6,112.6,113.5,12055,66885
671124,114,115.4,114,115.1,17485,64415
671127,113.7,113.7,112.4,112.6,22220,58055
671128,112.5,113.6,112.5,113.4,20000,54110
671129,114,114.7,114,114.4,15155,53075
671130,114.7,115,114,114.1,18255,47795
671201,114.5,114.5,113.7,114.1,23095,43635
671204,114.1,114.3,113.5,113.5,14180,40425
671205,114,114.2,113.4,114.1,11635,39685
671206,114.5,115.2,114.5,115.1,9750,36840
671207,115,115.4,114.5,114.5,13020,32530
671208,115,115.6,115,115.6,8900,30535
671211,116.2,117.6,116.2,117.6,8325,29115
671212,117.6,118,117.3,117.3,14320,25945
671213,117.2,117.2,115.6,116,11575,22645
671214,115.4,115.6,114.5,115.1,12210,20970
671215,114.6,115.6,114.5,115.5,11230,17595
671218,115.3,115.6,114.3,114.6,10600,12950
671219,114.4,115.3,114.1,115,9915,7690
