670403,145,148.2,144.6,148.2,0,0
670404,148.6,148.6,147.5,148,2060,1845
670405,147.7,148.4,147,147.4,850,2410
670406,147.1,148,147,148,1850,3520
670407,147.5,148.2,147.3,148,315,3720
670410,147.5,148.1,147.5,148,500,3835
670411,145.4,146.6,145.4,145.7,1005,4340
670412,144.4,144.6,143.5,143.7,3055,6350
670413,143.5,145.2,143.5,145.2,2545,7135
670414,144.5,144.7,143.1,143.4,2205,8145
670417,142.2,142.4,140.4,140.7,1060,8465
670418,141.3,142.2,141.3,142.1,1380,9145
670419,142.3,142.4,141.6,142.3,580,9520
670420,142.6,143.6,142.4,143.4,1265,9720
670421,142.4,142.6,141.4,141.5,770,9935
670424,142,142.5,141.2,142.2,1810,10430
670425,140.4,140.4,138.1,138.1,1200,10525
670426,138.5,139.3,137.6,139.1,2160,10950
670427,139.3,139.7,138.6,139,1665,11170
670428,139,140.5,138.6,140.4,2160,11260
670501,140.5,141.7,140.4,141.6,2150,12305
670502,141.5,141.5,139.6,140.4,3930,12960
670503,140.3,140.4,139.1,139.5,1575,12480
670504,140,140.7,139.5,140.7,3995,13425
670505,140.5,140.5,139.6,140.3,2685,12605
670508,140.4,141,139.7,140.7,1590,12950
670509,140.6,140.7,139.6,139.6,1080,12920
670510,139.6,140.2,138.6,138.6,3645,13780
670511,139.1,140.2,139,139.6,2745,14560
670512,139.7,140.4,139.6,140.3,2030,15265
670515,140.4,140.4,139.3,139.6,1560,15405
670516,139.4,139.4,138.3,138.5,1280,15655
670517,138,138.1,136.2,136.4,2560,15400
670518,135.2,136.4,135.2,136.4,3490,15810
670519,137,138.2,136.4,137.7,3485,15375
670522,137.6,137.6,136.2,137.2,2750,15790
670523,137.6,140,137.6,139.7,2190,15795
670524,140,140,138,139,3080,16130
670525,138.2,138.5,137.5,138.2,2200,16615
670526,138.4,142,138.4,140.3,1520,16330
670529,139,139.4,138.5,138.7,4565,17930
670531,139.3,140,139.1,139.7,3205,17480
670601,140.2,140.2,138.7,139.3,2305,18000
670602,138.7,140.1,138.6,139.5,2245,18465
670605,145,147,142.6,142.7,4240,20060
670606,142.2,142.4,140.7,141.1,3340,19545
670607,138.4,140,138.4,139.3,2315,19255
670608,139.5,140.2,139.2,140.2,3220,18680
670609,139.2,139.3,138.4,138.6,1640,18820
670612,137.6,138,136.6,137.7,1500,19100
670613,137.7,138.1,137.4,137.4,5035,18840
670614,137.1,137.2,135.4,135.4,3855,19725
670615,135.2,135.4,133.7,134,3230,20695
670616,134.3,135.6,134.3,135.6,3480,20930
670619,135.4,135.4,133.4,133.5,3075,20435
670620,133.2,134.6,133.1,134.5,3730,20990
670621,136,136.4,135.1,135.5,2975,20290
670622,135.2,135.5,134.3,135.1,4620,21260
670623,136,136.4,135.2,136.2,3100,21650
670626,136.4,136.4,135.3,135.7,3260,21950
670627,135.1,136,135,135.4,2155,21890
670628,136.2,136.3,135.5,135.6,2945,21815
670629,135.3,135.3,134.3,134.3,3355,22010
670630,134.1,134.3,133.6,133.7,4200,20965
670703,133.7,133.7,132.4,132.4,4150,21480
670705,132,133.3,132,133.1,2220,21130
670706,133.4,133.5,132.5,133.3,4575,22830
670707,134.3,135.1,133.5,133.6,2990,23060
670710,133.4,133.6,132.2,132.2,5660,23890
670711,132,132.4,131.1,132.2,3155,23985
670712,129.4,130,128.6,128.7,4805,24510
670713,129.2,129.5,128.4,128.6,7690,26010
670714,128.5,128.7,128,128.2,4925,25500
670717,128,129.1,127.7,129.1,4240,26025
670718,129.2,129.6,128.4,128.5,5295,25495
670719,128.3,128.5,128,128.2,4995,25815
670720,127.7,128.4,127.5,128.3,3525,26575
670721,128.3,128.4,127.3,128,4085,26110
670724,127.3,127.3,126.2,126.3,4340,27890
670725,126.4,126.7,125.6,126.6,4880,27640
670726,127.3,127.6,126.7,127.2,5465,28475
670727,127.3,127.4,126.1,126.2,5740,27440
670728,126,126,125.3,126,2955,28240
670731,125.2,125.4,124.7,125,3530,28120
670801,124.6,124.7,123.7,124.1,3675,29105
670802,124,124.5,123.6,124.2,6285,31740
670803,124.3,125.5,124.3,124.6,6115,31680
670804,125,125,124.2,124.2,4660,32380
670807,124,124,123.2,123.6,6500,35135
670808,123.3,124,123,123.5,5945,34920
670809,123,123.2,122.5,122.5,5150,35330
670810,122.3,122.7,122.3,122.6,4190,35525
670811,122.5,123,122.3,122.7,4955,35160
670814,122.7,123,122.1,122.1,2655,35660
670815,122,122.4,121.7,122.3,3405,37100
670816,122.7,123.5,122.7,123.2,4820,37350
670817,123.5,123.7,123.4,123.6,4470,39005
670818,124.1,124.2,123.5,124.2,3915,39215
670821,124,124,123.2,123.3,5060,38310
670822,123.1,123.4,123,123.1,3545,38465
670823,123.2,123.4,122.7,123.3,2275,38810
670824,123.1,123.2,122.6,123.1,3415,38730
670825,122.7,123.1,122.6,123,3030,39020
670828,122.6,123,122.2,122.3,2855,39260
670829,122.4,122.4,122.1,122.3,2765,40025
670830,122.5,123.2,122.4,122.5,2495,39840
670831,122.7,123.4,122.4,122.6,4235,40720
670901,122.6,122.6,122,122,4245,40935
670905,121.6,122.5,121.3,122.5,1885,41225
670906,122.1,122.2,121.5,122,5995,41810
670907,121.6,121.7,121.2,121.3,1605,41800
670908,121.2,121.7,121.2,121.3,3580,41290
670911,121.3,121.3,121,121.1,2570,41740
670912,120.5,121.1,120.5,120.6,3535,42290
670913,120.7,121.5,120.7,121.1,4215,42980
670914,121.2,121.3,121.1,121.2,4130,43645
670915,121.1,121.1,120.6,120.7,1525,44205
670918,120.5,121.1,120.4,121.1,2095,44890
670919,121.4,121.4,120.7,121.1,5400,45070
670920,121,121.1,120,120.1,5600,45255
670921,120,120.2,119.6,119.7,3910,45550
670922,119.5,119.7,119.4,119.4,3445,46760
670925,119.3,119.4,118.3,118.4,5450,46850
670926,119,119.2,118.5,119.1,6090,47945
670927,119.2,119.5,118.7,119.3,6435,49650
670928,119.4,119.4,118.6,119.1,4675,49455
670929,118.7,118.7,118.4,118.5,3055,50045
671002,118.3,118.3,117.6,118,3200,50815
671003,117.4,118.4,117.4,118.4,4205,52195
671004,118.3,119.4,118.2,119.1,4790,52135
671005,119.3,119.7,119.2,119.6,4605,52095
671006,119.7,120.2,119.5,120,3255,51665
671009,119.6,119.7,118.7,119.1,4730,51505
671010,118.6,119.2,118.5,119.1,4180,52165
671011,118.4,118.7,118.3,118.7,3685,52645
671012,118.5,119.4,118.5,118.7,3230,53550
671013,119,119.7,118.6,119.6,3995,53665
671016,120,120.4,120,120.3,1950,53815
671017,120.3,120.7,119.5,119.5,4665,54715
671018,119.4,119.5,119,119.3,3350,55000
671019,119.1,119.2,118.6,118.7,3005,55440
671020,118.6,118.7,118.3,118.4,2400,55860
671023,118.2,118.5,118.1,118.3,2960,56045
671024,118.4,119.5,118.4,119.2,2955,56460
671025,119.3,119.4,118.6,119.3,5890,56780
671026,119.6,120.4,119.6,119.7,4525,56665
671027,119.2,119.4,118.4,118.4,7875,56295
671030,118.7,118.7,118.1,118.3,6130,57715
671031,118.6,119.5,118.4,119.5,3000,57495
671101,119.7,120,118.6,119.1,5770,57640
671102,119.3,119.6,119,119.1,9465,57155
671103,119.4,119.7,118.7,118.7,8895,56145
671106,118.2,118.2,117.2,117.2,7420,57895
671107,117.1,117.2,116.6,117.1,9920,59125
671108,116.7,117.1,116.5,117,8195,61535
671109,117.4,117.6,117.1,117.1,8100,62725
671110,117.3,117.4,116.7,116.7,7525,63710
671113,116.6,117.5,116.5,117.1,8115,64030
671114,117,117.2,116.4,116.5,6605,65115
671115,116.4,116.6,116.3,116.5,7255,67450
671116,116.4,116.7,116.4,116.5,8095,67025
671117,117,117,116.4,116.5,7605,67530
671120,116.2,117.1,116.2,116.3,8575,69595
671121,116.4,117,116.2,116.3,8235,71395
671122,116.7,117.3,116.5,117.2,8250,73470
671124,117.6,118.6,117.6,118.4,11830,74220
671127,117.7,117.7,116.4,116.4,24020,75255
671128,116.5,117.5,116.5,117.2,18435,78155
671129,117.6,118.2,117.5,118,10675,80665
671130,118.1,118.4,117.6,117.6,11905,81790
671201,118,118.3,117.6,118.1,17965,86855
671204,118,118.3,117.5,117.5,10055,88055
671205,117.7,118.3,117.5,118.2,9810,89365
671206,118.5,119.4,118.5,119.4,11450,91010
671207,119.3,119.6,119,119,18115,92610
671208,119.2,120,119.2,119.6,20925,95670
671211,120.2,121.5,120.2,121.4,19210,98720
671212,121.6,121.7,120.7,120.7,24460,99815
671213,120.6,120.6,119.5,119.6,23510,103805
671214,119.3,119.5,119,119.4,19495,107640
671215,119,120.4,118.7,120.1,20160,108165
671218,120,120.7,119.5,119.7,26120,107735
671219,119.5,120.3,119.3,120.3,20135,108550
671220,119,119,118.5,118.5,20875,107117
671221,118.7,119.3,118.6,119.1,19475,108515
671222,119,119.4,119,119.2,12830,108000
671226,119.1,119.2,118.6,118.7,8020,107950
671227,118.5,118.6,118.4,118.4,6735,107765
671228,118.5,119.1,118.4,119,8365,107015
671229,119,119.2,118.3,118.3,9050,108575
680102,118.4,118.5,117.7,117.7,9435,108840
680103,117.6,118.1,117.5,118.1,15855,106720
680104,118.2,118.6,118.2,118.6,9930,105940
680105,118.5,118.6,118.2,118.2,9515,105540
680108,118.2,119.1,118.2,118.5,7470,105215
680109,118.6,118.7,118.2,118.3,9150,104135
680110,118.3,118.4,118.1,118.3,8150,102925
680111,118.6,119.1,118.3,119.1,9300,101540
680112,119.1,119.5,119.1,119.3,11405,102305
680115,119.5,120.1,119.4,119.7,10670,100445
680116,119.6,120.1,119.4,119.6,11395,96335
680117,119.7,120.1,119.6,119.7,15410,91860
680118,119.5,119.6,119.3,119.4,13630,88200
680119,119.4,119.4,118.6,118.6,9620,85900
680122,118.4,119,118.3,118.7,14345,84610
680123,118.7,119.5,118.7,119.4,9760,82890
680124,119.5,119.7,119.3,119.5,9895,82580
680125,119.3,120.4,119,119.4,7025,80660
680126,119.6,120.3,119.5,119.5,22455,75370
680129,119.2,119.5,118.7,119.1,15675,74765
680130,119,119,118.3,118.3,10550,72625
680131,118.3,118.7,118.2,118.7,12975,72185
680201,118.6,119.4,118.6,119.3,7195,71505
680202,119.3,119.6,118.6,119.2,8740,68165
680205,118.7,119.1,118.4,118.6,7685,69120
680206,119,119,118.4,118.5,11440,66770
680207,118.6,119,118.5,118.6,8015,65650
680208,119,119.5,118.7,119.4,5700,65030
680209,119.3,119.4,118.1,118.1,9680,62745
680213,119,119,118.6,119,8885,63765
680214,119.1,119.5,119,119.1,9495,62615
680215,119.1,119.4,118.7,119.3,9390,60750
680216,119.2,119.3,119,119.1,7140,61645
680219,118.7,119,118.6,118.6,6550,60630
680220,118.7,118.7,118.4,118.6,7125,59410
680221,118.5,118.6,118.1,118.1,8880,57495
680223,118,118.1,117.5,117.5,11670,54595
680226,117.5,118,117.2,118,13745,51260
680227,117.6,118,117.4,117.5,12340,46045
680228,117.5,117.7,117.2,117.2,12975,41095
680229,117.1,117.5,117.1,117.1,12865,37065
680301,117.3,118.5,117.3,118.3,17750,30250
680304,118.3,118.7,118.2,118.4,12565,27470
680305,118.3,118.7,118.2,118.6,5890,22195
680306,118.6,119.1,118.4,118.5,3035,22515
680307,118.4,118.5,117.5,117.7,4430,19985
680308,117.6,118.5,117.6,118.4,5505,18665
680311,118.2,118.5,118,118.1,5705,14920
680312,118.3,118.6,118.3,118.5,4015,14330
680313,119,119.4,119,119.3,2730,13615
680314,119.6,120.3,119.6,119.6,3940,12390
680315,120.3,120.3,118.5,118.6,7490,9050
680318,118.4,119,118.3,118.3,3835,7425
680319,118.4,118.7,118.2,118.7,2395,6055
680320,119.2,119.6,119,119.4,3250,4650
