670601,142.4,142.4,141.6,141.7,0,0
670602,141.6,142.4,141.3,142.4,15,15
670605,149,149.6,145.4,145.7,1900,1770
670606,145.1,145.2,143.4,144,715,2280
670607,142,142.5,141.4,142.2,345,2435
670608,142.4,143.2,142.2,143,1080,2395
670609,141.4,142,141.4,141.5,155,2450
670612,140.6,140.6,139.5,140.6,660,2745
670613,140.6,141,140.3,140.4,1360,3625
670614,139.6,140,138.3,138.3,670,3695
670615,138.2,138.4,136.7,137.1,1215,4380
670616,137.2,138.6,137.2,138.5,1280,4905
670619,138.2,138.3,136.3,136.4,2160,5030
670620,136,137.3,136,137.3,2190,6240
670621,138,139,138,138.4,1495,6790
670622,137.5,138.2,137.2,138,1455,7575
670623,138.6,139.2,138,138.7,1630,8295
670626,139,139,138.2,138.6,2190,9685
670627,138.1,138.6,138,138.4,650,9980
670628,139,139.2,138.5,138.5,1250,10435
670629,138,138,137.2,137.3,1125,10745
670630,137.1,137.2,136.5,136.7,2030,11650
670703,136.5,136.6,135.3,135.4,880,11660
670705,135,136.1,135,135.7,680,11650
670706,136.1,136.4,135.4,136.3,825,11895
670707,137.2,138,136.4,136.5,1595,12025
670710,136.2,136.4,135.2,135.2,2440,12495
670711,134.7,135.3,134,135.2,1285,12870
670712,132,133,131.5,131.7,2915,13260
670713,132.2,132.4,131.4,131.4,2070,13610
670714,131.4,131.5,130.7,131.1,2395,15340
670717,131,131.7,130.6,131.6,1705,15505
670718,132,132.5,131.2,131.5,3465,15750
670719,131.2,131.3,130.6,131,2050,16255
670720,130.6,131.3,130.4,131.3,2025,17045
670721,131.1,131.1,130.3,131,2965,16450
670724,130.1,130.2,129.2,129.3,3115,17305
670725,129.3,129.6,128.6,129.6,4040,16490
670726,130.2,130.5,130,130.2,1800,17040
670727,130.2,130.3,129,129.2,3795,17185
670728,129,129,128.2,128.6,1560,17300
670731,128.1,128.1,127.5,127.7,1775,17575
670801,127.6,127.6,126.7,127,2480,18630
670802,126.7,127.4,126.5,127.2,2595,19090
670803,127.2,128.5,127.2,127.4,2145,18755
670804,128.1,128.1,127,127,2525,19300
670807,126.4,126.5,126.1,126.4,2565,20195
670808,126.3,126.6,125.7,126.2,2560,20725
670809,126,126,125.4,125.6,1615,21130
670810,125.4,125.6,125.3,125.3,2280,21355
670811,125.2,126,125.2,125.6,1335,21360
670814,125.6,125.7,125,125.1,1055,21500
670815,125,125.3,124.7,125.2,1360,21420
670816,125.5,126.4,125.5,126.3,2725,22275
670817,126.5,126.7,126.3,126.5,2895,22620
670818,127.1,127.3,126.5,127.2,3370,23965
670821,127,127,126.2,126.2,2970,24545
670822,126,126.4,126,126.1,1840,24370
670823,126.3,126.4,125.7,126.3,1040,24550
670824,126.2,126.2,125.6,126,1485,24645
670825,126,126.2,125.6,126,3340,25800
670828,125.7,126,125.3,125.3,1500,25935
670829,125.3,125.6,125.2,125.3,1810,25945
670830,125.6,126.3,125.5,125.5,1630,26580
670831,126,126.4,125.5,125.7,3125,26175
670901,125.6,125.6,125.2,125.2,870,26665
670905,124.7,125.4,124.3,125.3,870,26685
670906,125.2,125.2,124.5,125,3110,26730
670907,124.5,124.7,124.3,124.3,615,26990
670908,124.2,124.7,124.1,124.1,1520,27520
670911,124.1,124.2,123.7,124.1,2630,27330
670912,123.6,124,123.5,123.5,1235,27455
670913,123.7,124.5,123.7,124,1620,27035
670914,124.1,124.2,124,124.1,4155,26335
670915,124,124,123.6,123.7,2930,27110
670918,123.5,124.1,123.4,124,1015,27305
670919,124.3,124.4,124,124.1,1480,27280
670920,124.2,124.2,123.2,123.2,3425,28220
670921,123,123.3,123,123,2595,28505
670922,123,123,122.5,122.6,3390,29310
670925,122.5,122.5,121.4,121.5,3725,29445
670926,121.5,122.2,121.5,122.1,3860,30065
670927,122.3,122.4,121.7,122.3,2750,29285
670928,122.4,122.4,122,122.2,3355,29550
670929,122.3,122.3,121.6,121.6,2480,29050
671002,121.4,121.4,121,121.1,1795,29450
671003,121,121.6,120.7,121.6,2805,30290
671004,121.4,122.3,121.3,122.2,2685,30030
671005,122.2,122.7,122.2,122.6,2895,30875
671006,123,123.2,122.7,123,1410,31250
671009,123,123,122.1,122.1,1420,31415
671010,122,122.4,122,122.2,2440,31895
671011,121.4,122.1,121.4,122.1,1695,32510
671012,122.1,122.6,122,122.1,2500,32595
671013,122.3,123.2,122,123,3955,33185
671016,123.4,123.6,123.3,123.6,1805,33230
671017,124,124.1,123,123,2775,34360
671018,122.4,123.1,122.3,122.6,2030,34655
671019,122.4,122.7,122.2,122.3,2195,35045
671020,122.2,122.2,121.6,121.7,2715,35410
671023,121.5,122,121.4,121.6,1785,35740
671024,122,122.7,122,122.3,1595,35995
671025,122.6,122.7,122.1,122.5,1605,36425
671026,123,123.6,123,123.3,4365,36895
671027,122.6,122.6,121.6,121.6,4775,38320
671030,122,122.2,121.3,121.5,4600,40245
671031,121.6,122.6,121.6,122.5,1665,40645
671101,123.2,123.2,121.6,122,4600,40660
671102,122.3,122.5,122,122.1,4295,40770
671103,122.3,122.7,122,122,3105,40510
671106,121.2,121.4,120.4,120.4,4975,41990
671107,120.2,120.4,120.1,120.2,7405,45290
671108,120,120.3,120,120.2,3495,46765
671109,120.6,121.1,120.3,120.4,4800,48355
671110,120.4,120.5,120,120,4180,49510
671113,120,120.6,120,120,3475,50260
671114,120,120.3,119.7,119.7,3260,50035
671115,119.5,120,119.5,119.6,2925,51170
671116,119.5,120,119.5,119.5,4130,52215
671117,119.7,119.7,119.5,119.7,5565,53855
671120,119.6,120.2,119.3,119.5,4960,54880
671121,120,120.2,119.4,119.5,3950,55610
671122,120.2,120.5,120,120.4,5200,56770
671124,121,122.2,121,122,5610,57520
671127,121.6,121.6,120.2,120.2,8195,59015
671128,120.2,121.3,120.2,121,7180,60510
671129,121.2,121.7,121.2,121.4,3260,61250
671130,122,122.3,121.4,121.4,4805,62905
671201,121.6,122,121.4,121.5,6575,64930
671204,121.6,122.1,121.2,121.3,4485,65030
671205,121.4,122.1,121.3,122,4210,66175
671206,122.4,123.2,122.4,123,5600,67525
671207,123.2,123.3,122.6,122.6,6250,67505
671208,123.1,123.6,123.1,123.5,6030,67945
671211,124.2,125.1,124.1,125,6550,68675
671212,125.2,125.4,124.4,124.4,8820,69775
671213,124.2,124.3,123.4,123.5,7625,71135
671214,123.5,123.5,123,123.2,8375,73385
671215,123.2,124.4,122.7,124.2,9540,74640
671218,124.2,124.6,123.5,123.6,8225,76950
671219,123.5,124.3,123.3,124.2,7835,78145
671220,123,123.2,122.4,122.6,5335,79695
671221,122.7,123.4,122.6,123.3,9315,79825
671222,123.2,123.4,123.1,123.2,4110,80695
671226,123,123.1,122.5,122.6,3605,82130
671227,122.5,122.6,122.2,122.2,2495,81920
671228,122.3,123,122.3,122.6,3880,82170
671229,123,123,122.2,122.3,4990,82300
680102,122.3,122.4,121.6,121.7,4120,82375
680103,121.6,122,121.4,121.7,8905,81550
680104,122.2,122.6,122.1,122.5,5280,82105
680105,122.5,122.5,122.1,122.2,3635,81905
680108,122.2,123,122.2,122.4,2900,82755
680109,122.6,122.6,122.2,122.2,5305,82605
680110,122.3,122.3,122,122.2,3410,83340
680111,122.4,123.1,122.2,123,5095,83425
680112,123.1,123.4,123.1,123.2,7395,84120
680115,123.5,124,123.3,123.6,6185,84845
680116,123.6,124,123.4,123.5,5455,84520
680117,123.7,124,123.5,123.5,5625,84435
680118,123.6,123.6,123.2,123.3,4875,83765
680119,123.4,123.4,122.5,122.5,3970,84510
680122,122.5,122.7,122.2,122.6,7990,85890
680123,122.7,123.3,122.7,123.2,4040,85720
680124,123.4,123.6,123.2,123.4,4825,85090
680125,123,124.3,122.6,123.3,4655,85460
680126,123.5,124.1,123.3,123.4,11380,85490
680129,123.2,123.3,122.6,123,8955,86560
680130,122.6,122.7,122.2,122.2,5665,86905
680131,122.2,122.7,122.1,122.7,6470,87495
680201,122.6,123.4,122.6,123.3,4700,87285
680202,123.3,123.6,123,123.2,4920,86845
680205,122.6,123.2,122.5,122.7,5710,86380
680206,123.1,123.1,122.5,122.7,4955,86230
680207,122.7,123.1,122.6,122.7,5785,86325
680208,123,123.6,122.7,123.6,2235,86460
680209,123.5,123.5,123.1,123.2,5875,85665
680213,123,123.1,122.6,123,5895,86120
680214,123,123.5,123,123.1,5495,86745
680215,123.1,123.4,123,123.3,4550,87070
680216,123.2,123.3,123,123.1,5580,87045
680219,123,123,122.6,122.6,6205,88205
680220,122.6,123,122.4,122.6,4920,89100
680221,122.7,122.7,122.2,122.2,6685,91030
680223,122,122.2,121.6,121.6,8175,91815
680226,121.7,122.3,121.4,122.2,12620,93705
680227,122.1,122.3,121.7,122,12060,94420
680228,122,122.1,121.4,121.4,10830,94135
680229,121.4,121.6,121.3,121.5,10610,96140
680301,121.6,122.5,121.5,122.5,14720,98110
680304,122.4,122.5,122.2,122.3,15030,98135
680305,122.2,122.5,122.1,122.2,7480,98330
680306,122.4,122.6,122.1,122.2,7970,99640
680307,122.1,122.1,121.3,121.3,9040,100425
680308,121.4,122.2,121.4,122.1,13480,100295
680311,121.7,122,121.4,121.5,12265,100330
680312,121.7,122.2,121.6,122,7050,100520
680313,122.2,122.7,122.2,122.5,6590,98865
680314,123.1,123.5,122.7,123,12105,97190
680315,123.1,123.3,122,122.2,17820,96165
680318,121.6,122,121.3,121.5,15805,94350
680319,121.5,122.1,121.3,121.7,10740,94335
680320,122.3,122.4,121.7,122.1,9895,92830
680321,122.3,122.6,122.2,122.5,10770,94280
680322,122.3,122.4,122.2,122.4,6915,93220
680325,122.1,122.1,121.2,121.2,6325,92225
680326,121.1,121.1,120.5,120.7,12785,89955
680327,121.1,121.2,120.5,121.2,13455,86235
680328,121.2,121.3,121.1,121.2,7150,85155
680329,121.2,121.4,121,121,6230,84605
680401,120.6,120.7,120.1,120.3,4460,84315
680402,120.1,120.2,119.6,119.7,8775,82390
680403,119.7,120.3,119.4,119.4,10800,82115
680404,119.3,119.6,117.7,118.2,9540,79830
680405,118.2,118.4,117.2,117.6,23005,73545
680408,117.4,117.6,117.2,117.3,13410,70275
680410,117.2,117.4,116.7,117.3,7270,68260
680411,116.6,116.7,115.4,115.5,10665,65345
680415,115.4,115.6,113.7,114.2,16660,58980
680416,114,115.3,113.7,115.2,18205,54845
680417,115.3,116.2,115.2,116.1,12485,51500
680418,116.2,116.6,116,116.3,11615,47035
680419,116,117,115.7,116.4,9785,47160
680422,116.3,116.6,115.6,115.7,6450,44860
680423,115.7,116,115.4,115.7,6335,44145
680424,115.6,115.6,115.1,115.5,8535,43655
680425,115,115,114.3,114.5,7795,42015
680426,114.6,115,114.4,114.4,12825,39005
680429,114.2,114.4,113.1,113.2,8105,35515
680430,113.2,114.2,113.1,113.1,10820,30730
680501,112.6,113.6,112.6,113.6,15910,25435
680502,113.5,114.2,113.4,114,12310,21605
680503,114.3,115.2,114.3,115.2,9255,18400
680506,115.1,115.5,114.4,114.5,8785,14465
680507,114.3,115.2,114.2,115.1,5890,12390
680508,115.4,116.3,115.2,116.3,4800,10840
680509,116.4,116.4,115.2,115.5,5275,9665
680510,115.1,116,115,115.6,5490,8500
680513,115.7,116,115.1,115.7,2250,6720
680514,115.5,115.7,115.4,115.6,1670,6115
680515,115.4,115.7,114.7,115,2760,5830
680516,114.5,115.1,114.5,114.7,2255,5430
680517,114.7,115.1,114,114.4,1245,4960
680520,114,114.1,112.5,112.6,1820,4055
680521,112.4,114,112.4,113.6,3185,2605
