670801,129.4,129.6,129,129.2,0,0
670802,129,129.6,128.6,129.3,420,275
670803,129.4,130.5,129.4,129.7,345,520
670804,130.1,130.2,129.1,129.1,235,650
670807,128.4,128.6,128.2,128.6,550,775
670808,128.1,128.7,127.6,128.3,175,885
670809,128,128.1,127.6,127.6,245,980
670810,127.4,127.7,127.4,127.7,405,1165
670811,127.4,128,127.4,127.7,235,1245
670814,127.7,128,127.3,127.4,385,1525
670815,127.2,128,127.2,127.6,390,1710
670816,128,128.7,128,128.6,475,1870
670817,129,129.2,128.7,129.1,545,2100
670818,129.5,129.7,129,129.6,1155,2890
670821,129.3,129.4,128.5,128.5,930,3125
670822,128.2,128.6,128.1,128.4,305,3250
670823,128.2,128.7,128.2,128.6,195,3315
670824,128.3,128.4,128.1,128.3,505,3485
670825,128.2,128.4,128.1,128.2,270,3510
670828,128.2,128.3,127.6,127.7,240,3635
670829,127.5,128.1,127.4,127.7,950,4130
670830,128,128.5,127.7,128,1030,4305
670831,128,128.6,127.7,128.3,785,4360
670901,128.1,128.1,127.4,127.5,340,4515
670905,127.3,127.6,126.6,127.6,260,4545
670906,127.2,127.3,126.6,127.2,1070,4875
670907,127,127,126.5,126.6,310,4910
670908,126.5,127.1,126.1,126.1,510,4920
670911,126.1,126.2,125.7,126.2,820,5130
670912,125.5,126,125.5,125.6,1525,5815
670913,126,126.5,126,126,600,5770
670914,126.4,126.4,126.2,126.3,955,6265
670915,126.2,126.2,125.7,125.7,2225,7620
670918,125.6,126.2,125.4,126.2,640,7905
670919,126.6,126.6,126.1,126.4,925,8300
670920,126.3,126.3,125.2,125.3,2220,9405
670921,125.2,125.5,125.2,125.3,1145,9805
670922,125.4,125.4,125.1,125.2,1290,10150
670925,125.1,125.1,123.6,124,1045,10030
670926,124.3,124.4,124.1,124.2,1825,10580
670927,124.4,124.5,124.1,124.3,935,11050
670928,124.2,124.6,124.1,124.6,1760,11210
670929,124.5,124.5,124.1,124.2,1675,11675
671002,123.7,124,123.2,123.4,1905,12765
671003,123.3,124.2,123.2,124.2,1790,13590
671004,124,124.7,123.7,124.5,1610,14365
671005,124.7,125.3,124.6,125.3,3605,16090
671006,125.4,125.5,125.2,125.4,2155,16770
671009,125.2,125.2,124.4,124.4,2410,17435
671010,124.4,124.6,124.3,124.5,1975,18465
671011,124,124.4,124,124.4,990,18790
671012,124.3,125.2,124.3,124.6,2305,19965
671013,124.6,125.5,124.4,125.4,2825,21500
671016,125.6,126.2,125.5,126.1,6450,23375
671017,126.2,126.4,125.3,125.4,2120,24185
671018,125.1,125.4,124.7,125.2,3320,25570
671019,125,125.3,124.6,125,4605,27725
671020,124.5,124.6,124.3,124.3,1465,28270
671023,124.1,124.4,124.1,124.3,1645,28245
671024,124.6,125.3,124.5,124.7,1820,28825
671025,125.2,125.4,124.6,125.3,2585,29145
671026,125.5,126.4,125.5,125.7,2835,29350
671027,125,125.3,124.3,124.4,6855,30700
671030,124.6,125,123.6,124.2,4705,31400
671031,124.5,125,124.1,124.6,2225,32000
671101,125,125.2,124,124.3,3075,32065
671102,124.6,124.7,124.2,124.2,4235,31195
671103,124.6,125,124.2,124.2,4400,31755
671106,123.6,123.7,123.2,123.2,5130,33115
671107,123.1,123.2,122.7,122.7,5675,35100
671108,122.6,123.1,122.5,123,3635,36390
671109,123.6,123.6,123.1,123.3,2940,36970
671110,123.3,123.3,122.6,122.7,2585,37120
671113,122.6,123.4,122.6,122.7,3340,37095
671114,122.7,123.1,122.5,122.5,2010,37535
671115,122.4,122.6,122.3,122.4,1540,37845
671116,122.2,122.6,122.2,122.3,2035,38665
671117,122.4,122.5,122.1,122.2,1955,39155
671120,122.1,122.7,122.1,122.2,3250,40085
671121,122.3,122.6,122.1,122.2,2310,40315
671122,122.5,123,122.3,123,2520,40675
671124,123.1,125,123.1,124.6,1700,40960
671127,124.4,124.4,123,123.1,6860,41300
671128,123,124.1,123,123.6,3975,42090
671129,124,124.5,123.7,124.5,2530,42790
671130,124.4,125.1,124.1,124.2,4005,43950
671201,124.5,124.6,124.2,124.2,4640,45760
671204,124.2,124.6,124,124.1,3475,46235
671205,124.3,124.7,124.1,124.7,4040,46930
671206,125.2,126.1,125.2,126,3940,47095
671207,126.2,126.3,125.5,125.6,4040,47975
671208,126.2,126.5,125.7,126.3,4350,48410
671211,126.7,127.5,126.7,127.5,5690,49155
671212,127.7,128,127,127.1,8250,49105
671213,127,127,126.2,126.4,6235,48860
671214,126.2,126.3,125.7,126.2,7125,50200
671215,125.6,127.4,125.6,127.1,5725,51570
671218,127.2,127.6,126.4,126.6,6490,53735
671219,126.6,127.3,126.3,127.1,6465,55500
671220,126,126,125.4,125.5,6115,57225
671221,126,126.4,125.6,126.3,6880,57500
671222,126.1,126.5,126.1,126.1,4580,59505
671226,126,126.2,125.4,125.5,1730,61130
671227,125.4,125.5,125.2,125.2,2120,61130
671228,125.3,125.6,125.3,125.6,2850,61735
671229,125.6,125.7,125.2,125.3,2415,62655
680102,125.4,125.4,124.7,124.7,3225,63730
680103,124.5,125.1,124.5,125,6210,65370
680104,125.3,125.5,125.2,125.4,4110,66335
680105,125.5,125.5,125,125.1,3590,66925
680108,125.1,125.6,125.1,125.3,3180,66885
680109,125.5,125.5,125.1,125.2,2960,67220
680110,125.2,125.3,125,125.2,3330,67640
680111,125.3,125.7,125.2,125.6,3405,68395
680112,126,126.4,126,126.2,3950,69190
680115,126.4,127,126.3,126.6,5585,70525
680116,126.7,127,126.4,126.6,6210,72905
680117,127,127,126.5,126.5,4815,74595
680118,126.5,126.5,126.2,126.3,5275,76155
680119,126.4,126.4,125.5,125.5,3705,76530
680122,125.4,125.7,125.3,125.7,5395,77880
680123,125.6,126.3,125.6,126.1,4080,79195
680124,126.4,126.6,126.1,126.4,5100,79480
680125,126.1,127.3,125.6,126.1,3665,80030
680126,126.4,126.7,126.2,126.2,10030,81120
680129,126.1,126.3,125.6,125.6,5770,82000
680130,125.5,125.6,125.2,125.3,4730,82795
680131,125.3,125.7,125.2,125.7,3395,83245
680201,125.7,126.4,125.7,126.4,3590,83480
680202,126.5,126.5,126,126.2,2845,83470
680205,126,126.2,125.5,125.7,3005,84475
680206,126.2,126.2,125.6,125.6,4690,84905
680207,125.7,126.1,125.7,126,3520,85865
680208,126,126.7,126,126.6,2860,86295
680209,126.7,126.7,126,126,4320,86410
680213,126,126.1,125.6,126,6515,88010
680214,126.1,126.5,126,126.2,5390,88970
680215,126.1,126.4,126,126.3,4080,89375
680216,126.3,126.3,126,126.1,4130,90660
680219,125.7,126.1,125.7,125.7,4075,90665
680220,126,126.1,125.5,125.7,4155,91760
680221,126.1,126.1,125.4,125.5,7705,94965
680223,125.5,125.5,125.2,125.2,6650,97115
680226,125.1,125.7,125,125.6,6715,98510
680227,125.6,126,125.3,125.7,8150,100475
680228,125.6,125.7,125.2,125.2,7570,101200
680229,125.2,125.4,125.1,125.3,6570,102735
680301,125.4,126.3,125.3,126.3,7985,106400
680304,126.1,126.3,125.7,126,7465,108275
680305,125.7,126.2,125.7,126,5515,109590
680306,126.1,126.3,125.6,125.7,3555,110370
680307,125.5,125.6,125.2,125.2,5060,111385
680308,125.2,126,125.2,126,9750,114720
680311,125.6,125.6,125.1,125.2,5505,115090
680312,125.4,125.7,125.3,125.5,4790,116805
680313,125.7,126.3,125.7,126.2,4370,117405
680314,126.7,127.2,126.4,126.6,5135,117180
680315,127.1,127.1,125.6,125.6,14985,117200
680318,125.4,125.6,125.2,125.4,11305,117955
680319,125.4,125.7,125.2,125.6,9590,120870
680320,126,126.2,125.6,125.7,8425,121600
680321,126.2,126.4,126.1,126.3,8570,122810
680322,126.1,126.2,125.6,126,4255,123165
680325,125.6,125.6,124.6,124.7,4950,124020
680326,124.7,124.7,124.2,124.4,13425,127190
680327,124.4,124.6,124.1,124.3,13105,126790
680328,124.7,124.7,124.5,124.5,5615,127595
680329,124.7,125,124.4,124.4,3150,127770
680401,124.2,124.4,123.6,124,3495,127670
680402,123.5,123.7,123.2,123.3,10930,127725
680403,123.4,124,123,123.1,9415,127915
680404,123,123.3,121.2,121.5,9825,127445
680405,121.4,121.6,120.5,121.3,23065,127110
680408,121,121.2,120.6,120.7,15065,124760
680410,120.5,121.2,120.5,121,13050,123515
680411,120.4,120.4,119.2,119.2,10295,123715
680415,119.1,119.3,117.4,117.7,20925,123055
680416,117.6,119,117.4,118.7,27565,118905
680417,119.2,119.6,118.6,119.6,17790,116560
680418,120,120.1,119.3,119.4,18115,116960
680419,119.3,120,119.1,119.5,18155,115955
680422,119.6,119.6,119.1,119.2,14060,114440
680423,119,119.4,118.7,119.3,11565,114045
680424,119.1,119.2,118.6,119.2,13625,115965
680425,118,118.2,117.7,118,11925,116855
680426,118,118.1,117.6,118,24340,118050
680429,117.6,117.6,116.4,116.5,10535,116620
680430,116.6,117.3,116.4,116.4,20715,115945
680501,116.4,117,116,116.7,23155,115510
680502,117,117.4,116.6,117.2,15510,114910
680503,117.3,118.1,117.3,118.1,16415,113450
680506,118,118.3,117.2,117.4,19840,113615
680507,117.3,117.7,117,117.5,13180,114065
680508,117.6,118.6,117.6,118.6,15475,114265
680509,118.5,118.6,118.1,118.5,14760,113560
680510,118,118.4,117.7,118.2,15065,114540
680513,118.2,118.3,117.6,117.7,10830,115550
680514,117.5,118,117.4,117.6,8205,116785
680515,117.5,117.6,117,117,12355,116305
680516,116.6,117.1,116.6,117,13135,115460
680517,117.2,117.3,116.2,116.4,7100,115865
680520,116.1,116.1,115.4,115.4,14185,113790
680521,115.3,115.7,115.2,115.4,14365,111730
680522,115.4,116.4,115.3,116.4,11905,110405
680523,116.2,116.3,115.6,116.1,12010,109840
680524,116.1,116.1,115.6,115.7,7955,109345
680527,115.7,116.5,115.7,116,6485,109565
680528,116,116.1,115.4,115.5,9035,108135
680529,115.6,116.1,115.6,115.7,9455,107175
680531,116,116.4,116,116.3,7450,106025
680603,116,116,115.3,115.4,8470,105070
680604,115.3,115.3,114.7,115.1,12210,102015
680605,114.7,115.2,114.4,114.6,15450,98115
680606,114.7,115.5,114.6,115.4,10135,96490
680607,115.3,115.4,114.7,115,13350,92735
680610,114.7,115.3,114.6,115,7870,90680
680611,114.6,115.2,114.6,115,12455,87230
680612,115,115.5,114.7,115.2,7905,85670
680613,115.2,115.3,114.7,115.1,10300,83615
680614,115.1,115.1,114.7,114.7,6920,81595
680617,114.6,114.7,114,114.1,7295,79650
680618,114.2,114.2,113.6,113.6,12920,76755
680619,113.6,113.6,113.1,113.2,13735,73765
680620,113.1,113.4,112.6,112.6,16045,68810
680621,112.5,112.6,112.3,112.4,14355,62325
680624,112.2,112.3,111.5,111.6,12170,57770
680625,111.4,111.4,110.4,111,16250,51265
680626,110.7,111.3,110.4,111.1,21595,42035
680627,111.2,112,111.2,111.7,17450,36165
680628,112,112.3,111.5,111.6,17870,33145
680701,112,112.1,111.2,111.4,16820,29245
680702,111.3,111.5,110.6,110.7,7935,26655
680703,110.6,111,110.3,110.6,5100,23720
680705,111,112.2,111,111.7,5790,21190
680708,111.7,112,110.5,111.1,4440,19665
680709,111,111.3,110.4,111.1,6045,17870
680710,111.2,111.6,111.2,111.3,5035,17010
680711,110.6,111.2,110.3,110.3,3185,16065
680712,110.3,111.3,110,110.7,3760,14775
680715,111.6,112.2,111.2,111.4,3595,13310
680716,110.7,111.4,110.6,111.1,4310,10895
680717,110.4,110.6,110.2,110.4,3325,10180
680718,110.2,110.2,109.4,110,3220,8360
680719,109.6,112,109.5,111.7,5455,5845
680722,111.2,111.6,110.4,111,5940,3705
