680102,126,126,124.4,124.5,0,0
680103,124.3,124.7,124.2,124.6,600,410
680104,125,125.4,125,125.4,175,470
680105,125.2,125.3,125,125.1,790,985
680108,125.2,125.4,125.1,125.2,135,1035
680109,125.3,125.5,125.1,125.1,110,1160
680110,125.2,125.3,125.1,125.2,685,1515
680111,125.3,125.6,125.2,125.6,265,1630
680112,126.2,126.4,126,126.2,235,1765
680115,126.6,127,126.4,126.6,550,2030
680116,126.7,126.7,126.5,126.6,550,2195
680117,127,127,126.4,126.4,950,2720
680118,126.4,126.4,126.1,126.2,1285,3345
680119,126.1,126.2,125.4,125.6,535,3480
680122,125.4,126,125.3,125.6,1105,3905
680123,125.7,126.2,125.7,126,750,4380
680124,126.5,126.5,125.5,126,510,4620
680125,125.6,127.2,125.4,126.1,1080,5110
680126,126.3,126.4,126,126.1,790,5585
680129,126,126.5,125.7,126.4,2895,7435
680130,126.4,126.6,126.2,126.4,1995,8075
680131,126.5,127.1,126.3,127,1205,8170
680201,127.1,127.6,127.1,127.6,1065,8130
680202,127.5,127.6,127.2,127.4,1365,8475
680205,127.4,128.2,127.2,127.6,985,8990
680206,128,128.2,127.6,127.7,2470,9295
680207,128,128.2,127.7,128.2,1860,9730
680208,128.2,129,128.1,128.7,960,10080
680209,128.7,128.7,127.6,127.6,2555,10580
680213,127.7,128.3,127.4,128.2,3500,11380
680214,128.5,129.4,128.4,129,2530,11925
680215,129,129.3,128.5,129.2,4930,13215
680216,129.1,129.3,128.7,129.1,1720,13735
680219,129.2,129.2,129,129.1,1365,14115
680220,129.1,129.1,128.5,128.7,1325,14385
680221,129,129.2,128.4,128.4,1840,15075
680223,128.4,128.4,128,128,4860,18095
680226,128,128.4,127.6,128.4,2045,18540
680227,128.2,129,128,128.5,3805,20130
680228,128.4,128.5,127.6,127.6,2875,21160
680229,127.6,128,127.5,128,5440,23510
680301,128,128.6,127.7,128.3,2080,24400
680304,128.5,128.6,128.2,128.2,1865,25050
680305,128.1,128.4,128.1,128.1,1545,25215
680306,128.4,128.6,128.2,128.2,2345,25475
680307,128.2,128.2,127.3,127.4,1995,25510
680308,127.3,128.2,127.3,128,4210,25785
680311,127.4,127.5,127,127.1,2525,26405
680312,127.2,127.6,127,127.5,2610,26820
680313,127.5,128.1,127.5,127.7,2765,26855
680314,128.4,129,128.3,128.6,2125,27235
680315,128.6,129,127.6,127.7,6420,26455
680318,127.2,128.3,127.2,128.3,3680,26680
680319,128.4,128.5,128,128.2,5745,27790
680320,128.6,128.7,128.1,128.4,2880,28085
680321,128.6,128.7,128.5,128.6,4755,29505
680322,128.6,128.6,127.7,128.2,1690,29490
680325,127.6,128,127.1,127.3,3325,30525
680326,127,127.1,126.2,126.4,3625,30605
680327,126.4,127.2,126.2,127.2,5025,30965
680328,127,127.5,127,127.4,4315,31600
680329,127.5,128,127.4,127.4,2410,32220
680401,127.2,127.3,126.7,127,2035,32620
680402,126.4,126.6,125.5,125.5,3855,33615
680403,125.6,126.3,125.4,125.5,5650,34065
680404,125.6,126,123.6,124.1,5285,34540
680405,124.1,124.4,123.2,124,8635,34995
680408,123.6,124,123.4,123.5,7075,35980
680410,123.5,124.2,123.5,124.1,3790,36620
680411,123.5,123.5,122.4,122.4,5950,37045
680415,122.1,122.3,121,121.2,8325,37085
680416,121,122.2,120.6,121.7,7275,39015
680417,122.2,122.4,121.7,122.2,8125,38455
680418,122.2,122.2,121.5,121.6,4370,38050
680419,121.5,121.7,121.2,121.4,6945,37510
680422,121.5,121.6,121,121.2,5815,37375
680423,121.2,122.1,121.1,121.7,3535,36140
680424,121.2,121.7,121.2,121.6,6325,36505
680425,120.6,121.2,120.4,121,4025,37350
680426,121,121,120.5,120.5,8755,38360
680429,120.4,120.4,119.4,119.4,3450,39165
680430,119.3,119.7,119.2,119.4,7625,39915
680501,119.4,119.6,118.7,119.5,6645,40795
680502,119.6,120.4,119.6,120.3,5965,41635
680503,120.4,121.1,120.4,121,6170,43225
680506,121,121.3,120.4,120.5,8225,43755
680507,120.3,120.7,120.2,120.4,4450,44165
680508,120.7,121.7,120.5,121.6,4250,45465
680509,121.4,121.7,121.1,121.5,5165,46220
680510,121.2,121.5,121,121.5,5400,46200
680513,121.5,121.5,120.4,120.4,3060,46875
680514,120.2,120.4,119.7,120.2,3585,47805
680515,120,120.3,119.5,119.5,6350,48750
680516,119.4,120,119.4,120,5925,48995
680517,120.1,120.3,119.7,120.1,3090,48880
680520,119.6,119.7,119.2,119.2,7120,50075
680521,119,119.3,118.6,118.7,5050,51050
680522,118.7,119.5,118.6,119.4,6785,50625
680523,119.3,119.6,118.7,119.4,5560,51095
680524,119.4,119.5,118.7,119.2,6760,52205
680527,119.3,120.2,119.3,119.6,4755,52995
680528,119.5,119.7,119,119.1,8370,53990
680529,119.2,119.7,119.2,119.6,5485,54505
680531,120,120.6,119.7,120.3,4240,55205
680603,119.7,119.7,118.7,119.2,5945,55225
680604,119.1,119.2,118.6,118.6,7775,56245
680605,118.7,119.1,118.3,118.4,6795,56405
680606,118.4,120,118.4,119.6,6745,57325
680607,119.5,119.7,119.2,119.4,7450,57415
680610,119.1,119.5,119,119.1,5405,58825
680611,119.1,119.4,118.7,119.2,5355,59220
680612,119.2,119.7,119.2,119.5,5780,59825
680613,119.6,119.7,119.1,119.3,3650,59860
680614,119.3,119.4,118.7,118.7,4060,60390
680617,118.6,118.7,117.3,117.3,4265,61490
680618,117.3,117.4,116.4,117.2,15175,59035
680619,116.6,117.2,116.5,116.6,13190,57065
680620,116.4,117,116.3,116.5,7655,57175
680621,116.2,116.5,116.1,116.2,5785,56860
680624,116.1,116.2,115.4,115.5,4915,57335
680625,115.3,115.3,114.3,114.6,8740,57280
680626,114.5,115.2,114.2,114.3,15240,60140
680627,114.3,114.6,114.2,114.4,10575,59910
680628,114.4,115,114.2,114.6,8795,59855
680701,114.5,114.6,113.4,113.5,11620,58790
680702,113.4,113.6,113.2,113.3,10735,59485
680703,113.2,113.2,112.5,112.6,8430,59040
680705,112.6,113.1,112.5,112.7,9995,60400
680708,112.6,112.7,112,112.1,6130,59750
680709,112,112.4,112,112.2,14035,61125
680710,112.5,113.2,112.4,112.6,10445,63120
680711,111.7,111.7,111.2,111.3,12410,65300
680712,111.3,112.6,111.2,112.2,17135,65365
680715,113.2,114,113,113,18660,65380
680716,112.7,113.2,112.1,112.2,17800,66665
680717,112,112,111.5,111.6,12050,67440
680718,111.2,111.4,110.6,110.7,8015,66570
680719,110.6,111.3,110.5,111.1,15595,66655
680722,110.7,110.7,110.1,110.3,13690,67080
680723,110.2,110.2,109.3,109.3,10260,67115
680724,109.2,109.5,109,109,14990,66645
680725,108.6,108.7,107.5,108,17120,65935
680726,107.6,108.1,107.4,107.5,17770,65695
680729,107.2,107.2,106.4,106.5,13095,66420
680730,106.2,106.5,105.6,105.6,16110,67785
680731,105.6,106.6,105.4,106.4,15475,69195
680801,106.2,107.2,106,106.7,15490,69180
680802,106.6,106.7,106.1,106.4,13420,69120
680805,106.1,106.1,105.2,105.4,11760,69710
680806,105.1,105.5,105,105.5,13685,72335
680807,105.4,105.6,104.7,105.1,15020,74030
680808,104.7,105.4,104.6,105.1,11705,75240
680809,105.1,105.3,104.3,104.3,7550,75160
680812,104.1,104.2,103.3,103.5,8650,74915
680813,103.3,104.2,103.3,104,13620,76095
680814,104.1,104.3,103.7,104,12165,74350
680815,103.7,104.1,103.4,104.1,7835,72290
680816,104,104.3,103.7,104,6455,72445
680819,103.7,105,103.5,104.6,6805,72065
680820,105,105.4,104.3,104.7,13290,71610
680821,105.1,105.5,104.5,105.4,15425,73700
680822,105.2,105.5,104.6,104.6,14680,77000
680823,104.4,104.4,103.6,103.7,9835,76040
680826,103.6,104.1,103.4,103.5,9315,75615
680827,103.5,104.3,103.4,104.2,9275,76180
680828,104.2,104.7,104.2,104.4,8760,74775
680829,104.3,104.3,103.5,103.7,9825,74360
680830,103.6,104.1,103.3,103.5,8735,75155
680903,103.3,103.5,103.1,103.2,9940,76165
680904,103.1,103.3,102.7,103.2,8800,76900
680905,103.2,103.3,102.5,102.6,13125,76085
680906,102.6,103.1,102.5,102.7,11855,76485
680909,102.6,103.3,102.6,103,8710,78100
680910,103.1,103.2,102.6,102.6,7150,77810
680911,102.4,102.5,102.2,102.5,8120,78215
680912,102.5,103.2,102.4,103,10145,78290
680913,103,103.2,102.6,103.1,6845,77535
680916,103,103.4,103,103.2,6630,77155
680917,103.1,103.2,102.6,102.7,9665,76035
680918,103,103.2,102.4,102.4,10020,76200
680919,102.6,102.7,102.3,102.6,10970,75570
680920,102.6,103,102.4,102.6,12850,73015
680923,102.6,103.4,102.6,103.3,7075,73240
680924,103.3,103.6,103.2,103.4,6640,72595
680925,103.2,103.2,102.6,102.6,5335,71840
680926,102.5,102.6,102.4,102.5,4780,71675
680927,102.4,102.4,102.1,102.2,6580,70955
680930,102,102,101.2,101.4,5795,70400
681001,101.4,101.6,101.2,101.4,10800,70630
681002,101.7,102.1,101.4,101.6,8370,71040
681003,101.6,102.2,101.4,102.1,7010,70610
681004,101.7,102,101.5,101.7,5810,70155
681007,101.7,102.4,101.7,102,6090,70745
681008,102,102.4,102,102.3,6865,70460
681009,103,104.6,103,104.5,4115,69985
681010,104.1,104.1,103.3,103.4,16750,67335
681011,103.6,104,103.3,103.6,10125,69145
681014,103.6,106.1,103.4,105.3,7730,69805
681015,105.1,105.6,104.7,105.6,18935,69815
681016,106,107.7,106,107.2,12725,69050
681017,107.5,107.7,106.5,107,21105,68180
681018,106.4,106.5,106,106.5,16470,70275
681021,106,106.4,105.7,106.1,17240,72105
681022,106.1,106.6,105.7,106.5,12410,73160
681023,106.7,109.4,106.7,109.3,10220,73280
681024,109.4,111.3,109.1,109.3,30175,70895
681025,109.2,110.4,109,109,50450,79080
681028,108.7,110,108.7,109.3,26385,79065
681029,109.4,113,109.4,112.5,15260,78335
681030,112.6,114.4,112.2,112.2,37780,74675
681031,112,112,110.2,110.5,47670,75130
681101,111,111,110,110.6,32400,75560
681104,111.4,113.7,111.4,112.2,21500,76975
681106,113.2,114.4,113,113.7,31090,74390
681107,114.2,116,114.2,115.7,33295,70190
681108,115,116.2,114.3,114.6,35410,68190
681111,115.5,116.2,114.6,115.1,34305,69275
681112,114.6,114.7,114.1,114.4,17480,70230
681113,116.7,117.7,116.4,117.7,18010,69130
681114,117.7,118.2,116.4,116.4,33420,71275
681115,116.7,117.5,116.4,117.4,31345,67560
681118,118.1,119,117.5,118.6,19765,69245
681119,118.2,118.5,117.6,117.6,21325,64730
681120,117.4,117.4,115.6,115.7,16225,62830
681121,115.3,116.3,115.1,115.6,24500,61850
681122,115.2,115.7,114.7,115.3,20685,60660
681125,115.5,115.6,114.7,115.1,16200,59025
681126,114.7,115.7,114.6,115.4,13230,56900
681127,115.6,116.6,115.6,116.2,11650,56300
681129,116.7,117.2,116.2,116.5,16510,52160
681202,117,117.2,114,114.4,12260,50045
681203,114.2,114.4,113.3,113.6,16190,47195
681204,113.7,114.5,113.7,114.1,12035,46555
681205,114,114.1,112.5,112.6,6780,42185
681206,112.4,114,112.1,114,15250,33060
681209,113.5,113.6,112.5,112.7,17330,26935
681210,112.4,113.4,112.4,113.1,10835,21835
681211,113,113.2,112.4,113.2,5520,19285
681212,113.1,114.4,112.6,114.4,5410,16720
681213,114.2,114.4,113.7,114.3,9355,13925
681216,114.4,115.1,114,114.7,6185,11805
681217,115,115.1,114.3,114.6,7115,9840
681218,114.2,114.6,114.1,114.6,6925,8135
681219,114.6,115.3,114,114.4,6745,4940
