680801,115.6,116.7,115.2,116.4,0,0
680802,116.375,116.625,115.75,116.25,665,1235
680805,115.625,115.625,114.875,115.25,1060,1950
680806,115.125,115.625,114.75,115.625,705,2165
680807,115.25,115.75,115.125,115.25,1440,2935
680808,115,115.5,114.875,115.25,1330,3575
680809,115.25,115.375,114.625,114.625,1075,4335
680812,114.375,114.75,114.25,114.375,1020,4895
680813,114.25,115,114.25,114.875,1195,5170
680814,115,115.125,114.75,115,1200,5995
680815,114.75,115.125,114.5,115,740,6145
680816,115,115.25,114.75,115,440,6410
680819,114.625,116,114.625,116,520,6585
680820,116,116.625,115.5,116.125,1400,7125
680821,116.5,117,116,116.875,825,7455
680822,116.625,117,116.125,116.375,1315,7900
680823,116.25,116.25,115.25,115.375,1090,8355
680826,115.125,115.5,114.875,115.125,1325,8810
680827,115,115.75,115,115.75,1070,8920
680828,115.75,116.25,115.625,115.75,1460,9260
680829,115.75,115.75,115.125,115.5,525,9510
680830,115.5,115.5,115,115.25,1465,10405
680903,115.125,115.375,114.75,114.75,465,10590
680904,114.625,114.75,114.25,114.75,1500,11040
680905,114.5,114.5,114,114.25,570,11090
680906,114,114.375,114,114.25,1190,11995
680909,104.875,105.125,104.375,104.875,1080,12710
680910,114.25,114.375,113.625,113.75,1230,12915
680911,113.625,113.625,113.125,113.5,1455,13100
680912,113.5,113.875,113.375,113.75,2630,15345
680913,113.875,113.875,113.5,113.625,1520,15395
680916,113.625,114.125,113.5,114,1395,15520
680917,114,114.125,113.875,113.875,1045,15985
680918,113.875,114,113,113.25,840,16220
680919,113.375,113.75,113.25,113.75,1265,16300
680920,113.5,113.625,113.125,113.625,1120,16830
680923,113.75,114.25,113.625,114.25,935,16760
680924,114.25,114.625,114.125,114.125,610,16760
680925,114,114,113.75,113.875,380,16710
680926,113.75,113.75,113.5,113.625,970,17100
680927,113.375,113.5,113.125,113.5,1220,17175
680930,113.125,113.125,112.5,112.75,3000,17960
681001,112.875,113.125,112.625,112.875,1795,18595
681002,113,113.125,112.75,112.75,840,18715
681003,112.75,112.75,112.25,112.75,1085,18675
681004,112.5,112.625,112.375,112.375,265,18820
681007,112.625,113,112.625,113,1015,19270
681008,113,113.375,113,113.375,425,19390
681009,114.25,115.875,114.25,115.75,3330,19720
681010,115.375,115.375,114.625,114.625,1615,20045
681011,115.25,115.25,114.75,115,1645,20320
681014,114.875,117.625,114.875,116.625,3200,20715
681015,116.625,117.25,116.375,117.125,3520,21130
681016,117.875,119,117.875,118.125,6655,22145
681017,118.75,118.875,117.75,118.125,3905,23285
681018,117.75,117.875,117.25,117.75,1605,23795
681021,117.375,117.875,117.375,117.625,3570,24325
681022,117.875,118.125,117.375,118,2455,24785
681023,118.375,120.5,118.375,120.375,8180,26995
681024,120.875,121.5,119.5,119.75,10570,30270
681025,119.25,120.5,119.25,119.75,3845,29670
681028,119.75,120.625,119.75,120.25,3075,30240
681029,120.625,123.125,120.125,122.875,6360,31865
681030,123,124.375,122,122,13620,35235
681031,121.625,121.875,120.25,120.75,8440,36195
681101,120.75,121,119.875,120.875,4590,36950
681104,122,123,121.625,121.875,8285,39100
681106,123,123.375,122,122.5,7180,40015
681107,123,124.25,123,124.25,7690,40235
681108,123.875,124,122.5,123,7690,41860
681111,124,124,123.125,123.25,4455,43245
681112,122.75,123.25,122.5,122.625,5595,43800
681113,125,125.5,124.5,125.5,10650,45885
681114,126,126,125,125,9835,46435
681115,125.75,126,125,125.75,4875,47325
681118,126.25,127.5,126,127.375,7765,48825
681119,127,127.25,126.375,126.625,5185,49290
681120,126,126.25,124.375,124.5,8320,49850
681121,123.875,124.875,123.25,124,9760,50110
681122,123.75,124.25,123.25,124.125,4630,51040
681125,124.625,124.75,124,124,4340,52395
681126,124,124.75,123.875,124,3410,53610
681127,124.375,124.75,124.375,124.5,3070,53890
681129,124.875,125.875,124.875,125.25,4430,54220
681202,125.5,125.625,123.125,123.5,6955,55960
681203,123.125,123.375,122.125,122.875,7675,56100
681204,123,123.875,123,123.5,3555,56405
681205,123.5,123.625,122.625,122.625,5940,57405
681206,122.25,123.75,122,123.75,5435,57195
681209,123.75,123.75,122.5,122.5,4440,58230
681210,122.375,122.875,122.125,122.375,3700,57875
681211,122.25,123.25,122,123.125,4235,59800
681212,123.25,124.625,122.75,124.5,6280,61155
681213,124,124.75,124,124.25,5320,62355
681216,124.5,124.5,123.5,123.5,4615,62775
681217,123.875,124.25,122.75,122.875,5200,64075
681218,122.5,123.25,122.125,123,5310,64105
681219,122.75,123.75,122.75,123.625,4805,63740
681220,123.75,123.75,122.875,122.875,6270,64740
681223,122.5,122.625,122.125,122.375,3360,64715
681224,122.25,122.625,122.125,122.625,890,64815
681226,122.625,123.5,122.625,123.375,4365,65470
681227,123,123.25,122.625,122.75,3935,66010
681230,123,123.5,122.75,123.5,3480,66745
681231,123.625,123.625,123.125,123.125,3620,67550
690102,123.5,124.125,123.125,123.125,4970,67940
690103,123.375,123.5,123,123.375,3365,68410
690106,123.25,123.75,123.25,123.375,3935,68940
690107,123.5,123.5,122.875,123.5,4980,69190
690108,123.375,123.875,123.25,123.75,2510,69385
690109,123.75,124.25,123.625,124.25,4425,69775
690110,124.25,124.75,123.75,123.875,8035,71300
690113,124.125,124.125,123.5,123.625,4240,71715
690114,123.75,123.75,123.25,123.25,3720,71865
690115,123.375,123.875,123.375,123.5,2820,72210
690116,123.75,124.125,123.25,123.875,3765,73025
690117,123.375,123.625,123.25,123.25,2880,72955
690120,123.25,123.25,122.875,123,4040,73090
690121,122.875,123.125,122.75,123,2730,72150
690122,122.75,122.75,122.5,122.5,4555,71740
690123,122.75,123.125,122.625,123.125,3140,71670
690124,123.25,123.875,123.25,123.75,3085,71985
690127,123.875,123.875,123.25,123.375,4490,72520
690128,123.125,123.625,123.125,123.375,2260,73170
690129,123.625,123.75,123.25,123.5,1840,73320
690130,123.5,123.75,123.125,123.5,2950,72745
690131,123.5,123.5,122.875,122.875,3600,73500
690203,123.25,123.5,123.125,123.125,2200,73610
690204,123.125,123.25,122.875,122.875,2585,73945
690205,122.875,122.875,122.25,122.625,4065,74270
690206,122.625,122.75,122.375,122.625,3040,73575
690207,122.625,122.875,122.375,122.625,2675,74155
690210,122.5,122.625,121,121.125,13175,73055
690211,120.75,121.375,120.625,121.375,8495,71715
690212,121,121.25,120.75,121.25,5145,71745
690213,121.25,122.125,121.25,122,5100,72490
690214,122,122.125,121.625,121.625,3615,73980
690217,122.375,122.75,122.125,122.125,4225,74235
690218,122,122.125,121.875,122,3675,75490
690219,121.875,121.875,121.375,121.625,6195,76735
690220,121.5,121.75,121.125,121.625,4325,77025
690224,122.125,122.25,120.875,121.125,7845,79225
690225,120.875,121.125,120.5,120.5,5580,79520
690226,120.375,120.375,120,120.125,6635,80950
690227,120.25,120.875,120.25,120.75,5270,81960
690228,120.625,121.125,120.625,120.75,6970,83590
690303,120.625,121.625,120.625,121.375,7510,85150
690304,121.625,122.25,121.5,122.125,7730,86370
690305,122.25,122.25,121.25,121.375,9025,87850
690306,121.25,121.25,120.75,121.25,7825,89285
690307,121.5,121.75,121,121.625,7510,90935
690310,121.5,121.875,121,121,5070,91080
690311,120.875,121.25,120.625,121.125,5420,92110
690312,121.125,121.375,120.875,120.875,4340,92950
690313,120.875,121,120.5,120.625,4085,93320
690314,120.5,120.5,119.5,119.75,13650,93405
690317,119.5,119.625,118.75,118.875,10275,90645
690318,118.75,119.375,118.125,118.25,13495,88750
690319,117.75,118.75,117.75,118.625,8800,88340
690320,118.625,119,118.25,118.375,6780,88000
690321,118.5,118.75,118.25,118.25,5715,89460
690324,118.25,119.125,118.125,119.125,8705,90110
690325,119.25,119.25,118.5,118.75,4385,90455
690326,118.5,119.375,118.5,118.875,7365,89455
690327,118.625,118.875,118.25,118.25,5440,89040
690328,118.125,118.5,118,118.25,7555,88625
690401,118.25,118.75,118.25,118.5,6700,87365
690402,118.625,118.875,118.5,118.75,5945,88685
690403,119,119.25,118.75,119.125,4685,88600
690407,118.875,119.125,118.625,119,4765,89430
690408,119.125,119.75,118.875,119.75,6020,89700
690409,119.875,120.25,119.5,119.75,9460,90290
690410,120,120.625,120,120.25,10490,89160
690411,120.625,121.375,120.25,121.25,8845,89915
690414,121.25,121.75,121,121.75,11675,90420
690415,122,122.25,121.625,121.75,12875,92870
690416,121.625,122.5,121.625,122.5,11605,92540
690417,122.5,122.625,121.875,122.5,11695,94360
690418,122.875,122.875,122.375,122.875,8755,94055
690421,122.5,122.75,121.875,122.25,10235,94250
690422,122.125,122.125,121.625,121.875,11445,93645
690423,122,122.625,121.875,122.25,12455,94865
690424,122.5,122.875,122.375,122.625,12110,95405
690425,124.5,126.5,124.5,126.375,43825,100090
690428,127,128.25,126.625,127.625,34880,101745
690429,126.875,127.125,126,126.25,25375,100900
690430,126.625,127.625,126.375,127.125,18190,103955
690501,127.5,127.75,126.5,126.5,18010,106175
690502,126.125,126.75,125.75,126.375,19350,107580
690505,126.25,128.75,126.25,128.5,30205,107900
690506,129.25,129.5,128.75,129,31770,109255
690507,128.75,129,128.25,128.625,16420,109480
690508,129,130,128.625,128.875,22625,112385
690509,128.625,129.25,128.375,128.75,17050,112690
690512,129.25,129.875,128.5,128.5,17010,111735
690513,128.75,129.25,128,128.75,21815,109785
690514,128.875,129.25,128.5,129.125,16290,109930
690515,129.375,129.625,128.625,129.25,25305,110725
690516,129,129.5,128.875,128.875,16035,108375
690519,129.25,131.25,129.25,131.25,32915,111050
690520,131.5,131.5,130.25,130.75,29840,112585
690521,130.75,131.5,130.375,130.875,21475,110500
690522,131.125,131.25,129.75,129.75,25335,104845
690523,129.25,129.5,128.25,128.625,26080,101315
690526,125,126.5,125,125.75,44045,95580
690527,126.25,127.5,126.25,127.375,19415,94715
690528,127.25,128,127,127.625,14150,94315
690529,127.375,127.75,126.75,127.75,20365,96100
690602,128,129.5,128,129.5,17720,95100
690603,129.75,130,129,129.375,20895,92865
690604,128.75,130.25,128.625,129.875,19885,92110
690605,129.75,130.5,129.375,129.875,20475,91550
690606,129.25,129.75,128.75,129,15085,87480
690609,128.75,129.75,128.75,129.125,12280,87275
690610,128.25,129,128.125,128.125,18565,85175
690611,127.75,128,126.875,127.25,27345,82480
690612,126.875,127.75,126.75,127.625,18455,80305
690613,127.875,128.25,127.25,127.625,11495,77625
690616,127.25,127.25,126.5,126.625,14060,76155
690617,126.125,127,126,126.875,14460,72430
690618,127,128.125,127,128.125,12185,72265
690619,128,128.5,127.875,128.125,8445,71080
690620,128.375,129,128.25,128.5,10235,68210
690623,128.75,129.375,128.25,128.375,14375,67075
690624,128.25,128.25,127.625,127.875,11080,65120
690625,127.5,127.5,126.875,127.375,11455,63060
690626,127.125,127.125,126.25,126.625,9375,62180
690627,126.375,126.375,125.625,126.125,16780,56360
690630,125.875,126.75,125.875,126.25,16350,54465
690701,126,126.75,125.875,126.25,10895,51105
690702,126.125,126.625,125.875,126.125,12770,46485
690703,126,126.5,125.875,126.375,7235,42945
690707,126.5,128.5,126.5,128.375,11325,38530
690708,128.625,128.625,127.375,127.75,11150,33650
690709,128,128.625,128,128.5,9390,30765
690710,128.5,128.5,127.75,127.875,5450,29325
690711,128.75,128.75,127.25,127.5,4305,27960
690714,127.125,128.5,127.125,128.125,5285,26215
690715,128.25,128.5,127.75,128.25,4265,25140
690716,128.125,128.125,127.5,127.875,5400,23095
690717,128.125,129.25,128,129.125,11055,18790
690718,129.75,130.5,129.375,129.5,15665,10900
690722,129.75,130.375,126.25,127.5,12455,2285
