700115,123,123,123,123,0,5
700116,123.6,123.6,123.6,123.6,0,5
700119,123.75,123.75,123.75,123.75,0,5
700120,123.875,124,123.75,123.875,70,60
700121,123.25,123.25,123.25,123.25,0,60
700122,123.125,123.125,122.75,122.75,1040,1055
700123,123.5,123.5,123.5,123.5,0,1055
700126,123,123,122.5,122.5,90,1135
700127,122.25,122.25,122.25,122.25,0,1135
700128,122.25,122.25,122.25,122.25,5,1140
700129,122.75,122.75,121.875,121.875,25,1140
700130,122,122,122,122,0,1140
700202,122.25,122.5,122.25,122.5,1255,1380
700203,121.5,121.5,121.5,121.5,0,1380
700204,121.25,121.25,121.25,121.25,0,1380
700205,120.75,121,120.75,121,725,2100
700206,120.75,120.75,120.75,120.75,5,2105
700209,120.75,121.125,120.25,121,30,2120
700210,121.25,121.25,121.125,121.125,55,2120
700211,121.625,121.625,121.625,121.625,15,2125
700212,121.375,121.5,121.375,121.375,150,2270
700213,121.5,121.5,121,121,15,2280
700216,121.625,121.625,121.625,121.625,0,2280
700217,121.5,121.5,120.75,120.75,75,2355
700218,122.75,122.75,122.5,122.5,5,2355
700219,122.125,122.125,121.75,121.75,110,2465
700220,121.75,122,121.75,122,150,2545
700224,122.25,122.25,121.75,121.75,15,2545
700225,121.75,121.75,121.75,121.75,10,2545
700226,122.125,122.125,122.125,122.125,50,2595
700227,122.25,122.25,122.25,122.25,0,2595
700302,122.375,122.375,122,122.125,70,2600
700303,122.375,122.375,122.375,122.375,0,2600
700304,122.25,122.25,122.25,122.25,0,2600
700305,122.125,122.25,121.875,121.875,105,2650
700306,121.75,122.125,121.75,122,10,2660
700309,121.375,121.75,121.375,121.625,20,2655
700310,121.25,121.25,120.75,120.875,310,2805
700311,120.75,120.75,120.75,120.75,75,2805
700312,120.875,120.875,120.375,120.375,165,2890
700313,120.5,120.75,120.5,120.5,40,2905
700316,120.5,121.25,120.5,121.25,20,2905
700317,121.125,121.125,120.75,121,15,2920
700318,121.25,121.25,121.25,121.25,0,2920
700319,121.5,121.75,121,121.25,10,2925
700320,121.375,121.375,120.875,121,10,2935
700323,121.5,121.5,121.375,121.5,45,2925
700324,121.25,121.25,121.25,121.25,0,2925
700325,121.75,121.875,121.75,121.75,25,2925
700326,122,122.125,122,122.125,85,2950
700330,121.75,121.75,121.75,121.75,50,2935
700331,121.75,121.75,121.75,121.75,0,2935
700401,121.875,122.25,121.875,122.25,200,2930
700402,122.625,122.875,122.5,122.5,200,3090
700403,122.625,122.75,122.625,122.625,15,3100
700406,122.75,123.25,122.625,123,90,3080
700407,123.125,123.25,123,123.25,70,3110
700408,123.25,123.25,122.75,123,380,2855
700409,123,123,122.875,122.875,20,2855
700410,122.875,123.125,122.875,123.125,50,2870
700413,123.5,124.25,123.5,124.25,190,2955
700414,124.5,125.125,124.25,124.5,560,3310
700415,124.375,124.5,124,124,325,3400
700416,124.5,124.625,124.375,124.375,115,3490
700417,124.25,124.25,123.25,123.375,255,3455
700420,124.375,124.375,124.125,124.125,80,3485
700421,124.375,124.625,124.375,124.5,90,3500
700422,124.875,125.375,124.5,124.5,275,3675
700423,124.5,125,124.375,124.5,165,3690
700424,126.5,127.875,126.5,127.375,880,3900
700427,127,128.5,126.875,127.5,830,4330
700428,127.625,128.25,127.625,128.125,325,4395
700429,127.25,127.375,126.75,127,390,4405
700430,127.375,127.625,127.25,127.25,120,4425
700501,127.75,127.75,126.625,126.625,175,4480
700504,126,126.5,126,126,450,4685
700505,125.875,126,125.625,125.75,265,4755
700506,125.75,125.75,125,125,905,5100
700507,125,125.625,125,125.625,170,5180
700508,125.875,126,125.5,125.875,225,5335
700511,126.25,126.375,125.625,125.75,345,5565
700512,125.875,126,125.25,125.375,135,5605
700513,125.625,125.625,125.375,125.625,215,5705
700514,126,126.625,126,126.125,395,5660
700515,126.125,126.5,125.875,125.875,155,5630
700518,125.875,125.875,124.875,125.25,465,5680
700519,125.375,125.625,125.375,125.375,275,5730
700520,125.25,125.25,125,125.25,650,5865
700521,125.125,126.25,124.875,126,470,5900
700522,126.25,126.625,126.25,126.5,160,5980
700525,126.75,127.25,126.5,127,555,6120
700526,126.75,127.5,125.75,126,840,6270
700527,126.375,126.375,125.75,126,230,6285
700528,126.25,126.625,125.75,126.125,940,6590
700601,126.125,126.5,125.875,126.5,330,6740
700602,126.875,127.5,126.875,127.5,585,6715
700603,127.5,128.5,127.5,127.75,485,6810
700604,127.5,127.875,127.5,127.875,370,6925
700605,128.125,128.25,127.375,127.375,365,7020
700608,127,127.5,126.875,127.5,1120,7700
700609,127.5,128.5,127.25,128.125,660,8000
700610,128.25,130.125,128.25,130.125,1470,8065
700611,130.625,131.625,130.375,131,1910,8235
700612,131.5,131.625,130.5,131,1390,8530
700615,131.625,132.125,131.25,131.625,1550,8925
700616,132,132.625,131.75,131.75,1685,9535
700617,131.375,131.5,130.625,131,1270,9690
700618,131.125,131.5,130.75,131,530,9825
700619,131.125,131.375,130.75,130.75,1165,10355
700622,131.125,131.125,130.25,130.5,655,10505
700623,130.625,131.75,130.375,131.75,2375,11345
700624,132,132.25,131.625,132,970,11535
700625,133.125,135.75,133,135.625,3530,12415
700626,136.25,136.875,135.5,136.25,5200,13840
700629,136.875,142,136.875,139.625,5260,15030
700630,141,141.75,137.75,138,2940,15930
700701,138,138.5,136.25,136.375,3655,17015
700702,136.25,137.75,136.25,137.25,2695,17520
700706,137.5,137.625,135,135,2475,17065
700707,135.5,136.75,135.25,136.125,3355,17965
700708,137.75,139.5,137.75,139.25,4455,19605
700709,140,140,138.5,138.5,2605,20145
700710,139,139,138.125,138.625,2450,21000
700713,138.75,138.75,136.5,137.125,5405,22985
700714,135.5,136.25,133.75,134.125,5650,23340
700715,133,135.5,132.5,134.875,6665,23460
700716,135.625,136,134.625,134.625,2585,23845
700717,135,135.625,134.25,134.375,1540,23875
700720,133.5,133.5,132.25,132.625,2810,24400
700721,133,133.625,133,133.25,2480,25170
700722,133.75,134.5,133,134.375,2140,25035
700723,134.375,134.625,134,134.25,3810,25885
700724,136,136,134,134.125,3630,25165
700727,133.875,134.125,132.75,133,4760,25090
700728,132.75,132.875,129.875,130.375,5675,23975
700729,130.75,131.625,130.5,131.25,2640,24125
700730,130.75,131.125,130,130.125,1860,23955
700731,130.25,132.25,129.5,131,4820,23285
700803,131.125,132.75,130.875,132.25,3270,23300
700804,132.75,133.375,132.125,132.25,4045,23420
700805,131.75,133.125,130.5,133,5900,24735
700806,134,134.125,133.125,133.75,4415,25530
700807,134.5,134.625,133.5,134.5,5505,27010
700810,134.5,137,134,136.75,10705,31100
700811,137.25,137.375,136,136.125,6375,32315
700812,140.25,141.25,139.5,141.125,17870,38020
700813,141.75,145.5,141.25,144.5,18740,43565
700814,145,147.75,144.5,147.25,21700,49900
700817,155.375,155.375,155.375,155.375,1780,50440
700818,163.375,163.375,149.75,153.5,36665,59645
700819,161.25,161.25,157.5,161,20030,64725
700820,162,162,157.5,158,22300,70955
700821,155,155,150.125,153,18025,69805
700824,154,154,151.5,153.25,13585,71310
700825,154.5,159,154.5,158.5,17540,74785
700826,158.75,158.75,155.25,155.5,13170,76745
700827,154.5,159.5,154.5,157.5,16680,77980
700828,156.5,159.625,156.5,159.25,16815,84155
700831,160,161.375,158.5,158.75,18505,86750
700901,158.5,158.5,155.25,155.5,20260,86145
700902,155.5,157.75,154,157.5,17970,88195
700903,158.5,159,156.25,156.5,14100,88390
700904,155.75,158,154.75,158,16420,92000
700908,157.5,157.75,156,157.25,9725,92580
700909,155.5,158.25,155.5,157.75,11680,93975
700910,157.75,158.25,157,157.25,11035,95070
700911,156.25,157.75,156.25,157.125,16530,97460
700914,156.25,162.25,156.25,162,23530,98605
700915,165,165,160.125,160.25,18910,100230
700916,160.5,162,159.5,159.75,14870,103285
700917,160.25,160.625,155,156,27005,103375
700918,156.5,158.75,155,158.5,16760,103215
700921,156,157,152.75,153.5,17885,104075
700922,156,158.125,155.5,157.625,17885,105660
700923,158,159,156.5,157.25,12620,106160
700924,157.5,158.125,155.875,156,7820,105480
700925,155.5,156.625,154.75,156,9435,105740
700928,156.25,156.75,155.625,156.125,8195,105975
700929,155.75,156.125,155,155,10615,106790
700930,154.5,154.75,152.75,154.625,19610,107300
701001,154.25,154.875,153.125,154,10730,106100
701002,154,156.75,153.75,156.25,18650,110390
701005,159,161,158.75,158.75,27575,110525
701006,158.5,159,157,157.375,12670,110175
701007,157.625,158.625,156.75,158,12070,110075
701008,158.75,159.5,157.375,157.5,12340,111240
701009,157.875,158,156.5,157.25,16595,113365
701012,157.5,158.75,157,158.5,10070,114200
701013,156.5,157.25,154.75,155.25,18365,114320
701014,155.75,156.125,152.25,153.75,23440,113300
701015,152.375,154.625,152.25,154.125,9860,113860
701016,153.5,153.75,151.875,151.875,15560,114030
701019,150.5,150.5,148.75,148.75,24535,114645
701020,148.75,152.25,148.75,152,18450,114555
701021,152,153.875,151.25,152,15625,115715
701022,152,153.375,151.5,152.875,13835,121870
701023,152,156.75,152,156.625,21785,119465
701026,156,157.75,155.125,155.375,17670,120870
701027,155.5,155.875,154.5,155.375,14090,119705
701028,155.75,156,152.5,152.75,19715,122265
701029,152,152.5,150.375,150.5,20140,123490
701030,150.375,152.375,150.375,151.75,12995,125835
701102,152.5,153.5,152.25,153.25,10220,125815
701104,154,155.375,153.25,155.25,11940,126455
701105,155.5,157.75,154.5,157.125,21970,128625
701106,158.5,158.5,154.75,155,18590,130485
701109,155.125,155.75,154.25,155.125,11915,131445
701110,155,155.5,154,154.5,12370,133150
701111,154.75,155.375,152.5,154,15985,136695
701112,154,154.375,153.25,153.25,10390,136335
701113,153.25,154.25,152.875,153.5,11335,137405
701116,153.625,154.25,151.25,151.25,14350,138860
701117,151,152,149.125,151.875,27495,138545
701118,152,152.25,150.75,150.75,13990,139740
701119,150.25,151.875,149.875,151.375,18140,140400
701120,151.75,152.5,151.25,151.375,10540,138745
701123,151.25,151.75,150.75,151,12955,141320
701124,151.25,152.25,150.625,150.625,13590,141475
701125,151.75,151.875,149.75,150,18630,141235
701127,149.625,151.5,148.375,151,17635,141990
701130,151.25,154,150.625,152.25,26100,142005
701201,151.875,154.5,151.625,154.125,30555,146555
701202,153.75,155,153.25,153.375,20620,145715
701203,153.25,155,152.5,155,24210,146850
701204,155.25,156,154.5,155.5,25795,148785
701207,155.75,156.25,154.75,154.875,18510,148690
701208,154,155,154,154,17090,149250
701209,153,153.75,152.375,153.625,21535,147285
701210,153.625,153.75,151.625,152,23030,145370
701211,152.375,153.625,152.125,153.25,17810,144755
701214,152.5,153,152.125,152.875,18505,143510
701215,153.5,154.5,153,154.5,18120,145880
701216,155,156.125,155,155.625,27165,146915
701217,155.875,155.875,154.5,154.625,25330,145495
701218,154.375,155.25,154.375,155.125,17580,144580
701221,154,154,153,153,23205,144050
701222,152.875,155.25,152.125,155,17245,143385
701223,154.75,155.25,154.125,154.25,13180,140595
701224,155.5,156.875,155.25,156.5,21265,140845
701228,156.25,156.875,155.75,155.875,12340,139800
701229,155.875,156.125,155.375,155.625,9185,138610
701230,155.5,155.5,154.625,155,9370,138195
701231,154.75,155.5,154.625,155.5,9015,138500
710104,156.25,157.125,155.75,156.875,19065,137660
710105,156.75,157.125,156.5,156.875,11685,135415
710106,156.875,157.375,156.375,156.875,15285,133315
710107,156.75,156.875,155.375,155.75,17355,131080
710108,156.125,157.5,155.625,157.125,13985,130155
710111,157,157.75,156.625,156.875,16405,127585
710112,157.5,157.5,155.75,156.5,21830,124925
710113,157,157.5,156,156.125,15755,125125
710114,155.75,157.25,155.75,157.125,13270,122895
710115,156.75,157.75,156.625,157.5,15570,124335
710118,156.75,157.75,156.5,156.625,15095,119855
710119,156.25,157,156.25,156.875,11065,119010
710120,156.875,157.375,156.75,157.125,8070,117210
710121,157.5,157.5,156.625,156.625,8680,116440
710122,156.875,157.375,156.625,157.25,12780,113560
710125,157,157,154.375,155,27470,111020
710126,154.375,155.125,153.375,155.125,26235,107005
710127,155.25,155.25,154,154.125,11280,103825
710128,154,154.25,152.5,153.125,18690,102270
710129,153.375,154.25,153.125,153.875,11250,101495
710201,154,154.125,152.875,153.125,8100,99770
710202,153.125,154.5,153.125,154.25,9060,98935
710203,154.5,154.5,153.25,153.5,10750,95675
710204,153.25,154,152.625,154,9765,94235
710205,154,154.625,153.625,153.625,11775,91325
710208,153.75,154.375,153.375,154.25,11440,91910
710209,154.25,154.25,153,153,12570,88865
710210,152.875,153.375,152.375,153.125,12565,87985
710211,152.875,154,152.75,152.75,11755,86275
710212,152.75,153,152.25,152.5,8420,85130
710216,152.5,152.5,151,151.125,18125,80630
710217,150.75,151,150.5,150.875,12095,76740
710218,150.75,151.5,150.75,151.375,8120,75820
710219,151.25,151.875,151,151.75,11910,73570
710222,152.125,152.25,151.25,151.25,9615,71965
710223,151,151.375,150.625,150.75,17240,67300
710224,150.625,150.75,149,149.25,21130,60680
710225,149.125,150.125,149,149.375,17750,55235
710226,149.375,149.875,149.375,149.5,18510,49140
710301,149.5,149.75,149.25,149.375,12250,41240
710302,149,151.875,149,151.875,12960,36200
710303,151.75,152.375,151.625,152.125,9370,32635
710304,152,152.25,151.5,151.75,7440,28090
710305,152,152.25,151.875,151.875,4075,27660
710308,151.75,152.25,151.125,152.125,6185,27325
710309,152.25,152.25,151.375,151.5,6965,24820
710310,151.375,151.875,151.25,151.5,3830,22970
710311,151.5,151.5,150.75,150.75,5650,19985
710312,150.5,151.125,150.25,150.25,4840,17945
710315,150.5,150.75,150.25,150.625,2210,16830
710316,151,151.75,150.75,151.5,3825,15210
710317,150.75,150.875,148.5,148.625,8420,13325
710318,149,149.125,146.625,147.375,7920,9340
710319,147.25,147.875,146.75,146.875,6765,4660
710322,146.25,146.5,145.5,146.25,8225,4240
