701028,157,158.5,157,157.5,150,210
701029,156.875,157.25,155.5,156.25,155,285
701030,156.25,157.75,156.25,157.25,285,495
701102,158,158.625,157.875,158,175,630
701104,158.375,160,158.25,160,195,785
701105,162.5,164,162.5,164,105,855
701106,163.5,164.5,163.5,164,190,895
701109,164.75,164.75,163.5,164.25,140,990
701110,163.75,164,162.75,163.5,110,1055
701111,162.5,163.5,158.5,159.625,305,1215
701112,163.5,163.5,162.75,163.5,70,1200
701113,163,163.75,163,163.5,110,1255
701116,163.25,163.5,161,161,335,1465
701117,160,161.25,158.75,161.25,1995,2885
701118,161.5,161.5,160,160,65,2825
701119,160.5,162.25,160.25,161.5,615,3255
701120,162,162.25,161,161,260,3335
701123,161,161.5,160,160.5,105,3390
701124,160.5,161.5,159.25,159.25,190,3455
701125,159.75,160,157.75,158,685,3780
701127,157.25,159.25,157,159.25,175,3780
701130,159.25,161,159.25,159.75,340,3750
701201,160,162.5,160,162.5,120,3710
701202,161.25,162.5,161.25,161.25,50,3750
701203,160.75,161.75,159.5,161.5,380,3825
701204,161.25,162,160.5,161,345,3830
701207,159.25,159.75,158.625,158.625,145,3895
701208,158,158.625,157.75,157.75,730,4170
701209,157,157.5,155.5,157.25,1075,4330
701210,156.75,158,155.5,155.5,340,4390
701211,156.25,157,155.5,156.125,530,4560
701214,156.25,156.25,154.5,155.5,670,4935
701215,156.25,157.5,156.25,157.25,230,5005
701216,158,160.25,158,159.5,820,5585
701217,159,160.25,158.75,159.5,845,5890
701218,159.75,160.25,159.75,160,1230,6490
701221,159,159,158,158,160,6525
701222,157.375,160,156.75,160,640,6155
701223,159.125,159.625,159.125,159.375,85,6215
701224,160,161,159.875,160.25,485,6415
701228,160.25,160.25,159,159.25,115,6455
701229,158.75,159.75,158.75,159.125,315,6570
701230,158.75,159,158.25,158.75,610,6735
701231,158.375,159.25,158.375,159.25,200,6760
710104,160,160.5,159.375,160,295,6730
710105,160.125,161,160,161,300,6785
710106,162,162,160.875,161,680,6625
710107,160.5,160.75,159.5,160.5,205,6635
710108,161,162.5,160.625,162.25,690,7150
710111,162.5,163.125,161.75,163,580,7400
710112,163.25,163.5,161.5,162.625,710,7950
710113,162.75,163,162.125,162.5,170,7985
710114,161.875,162.25,161.75,162.25,845,8270
710115,162,162.75,161.875,162.5,1460,9505
710118,162,162.5,161.75,162,385,9630
710119,161.75,162.375,161.75,162.25,565,9555
710120,162.125,162.75,162.125,162.75,430,9805
710121,162.625,162.625,162.125,162.25,100,9845
710122,162,162.5,161.125,162.5,2765,11930
710125,162,162.75,160.375,161.125,545,12170
710126,159.25,160.125,158.75,160.125,1755,11430
710127,160.25,160.25,158.875,159.5,820,11830
710128,158.5,158.75,156.875,157.5,1680,11670
710129,157.75,158,157.5,157.875,370,11635
710201,157.875,157.875,156.875,157.125,390,11645
710202,157.125,159.5,157.125,159.5,545,11715
710203,159,159.125,157.875,158,380,11835
710204,157,158,156.75,158,365,11740
710205,158,158.75,157.25,157.25,1950,12845
710208,157.75,159,157.625,158.75,870,13020
710209,158.75,159,158,158.125,745,12790
710210,158,158,157.375,157.75,890,12445
710211,158,158.375,157.625,158.25,865,12505
710212,158.125,158.875,158,158.75,190,12595
710216,158.5,158.5,157.5,157.625,370,12580
710217,157.25,158,157,157.75,555,12755
710218,157.5,157.75,157.125,157.75,880,12615
710219,157.5,157.75,157,157.75,205,12560
710222,157.75,157.75,157.25,157.5,215,12630
710223,157.25,157.75,156.875,157.75,490,13020
710224,157.25,157.5,156.25,156.75,925,13290
710225,156.25,157,156,156.25,450,13565
710226,156,156.625,156,156.625,495,13540
710301,156.125,156.875,156.125,156.375,665,13990
710302,156.25,158.75,156.125,158.75,1500,14630
710303,158.5,159.5,158.5,159.375,1645,14040
710304,159.625,159.75,159,159.375,985,14065
710305,159.5,159.75,159.25,159.25,390,14010
710308,158.125,158.5,158,158.25,360,14160
710309,158,158.125,157,157.5,1190,14690
710310,157.5,157.75,157.25,157.75,985,15280
710311,157.625,157.75,157.375,157.5,680,15470
710312,157.25,157.375,156.5,156.75,1000,15840
710315,156.5,157.125,156.5,157.125,1385,15720
710316,157.125,157.5,157,157.125,950,15440
710317,156,156.125,153.75,153.75,3365,16000
710318,153,153.625,151,152.5,2490,17240
710319,152.75,153,151.125,152,1045,17380
710322,151.5,151.875,150.125,150.25,1035,17355
710323,150.75,151.625,150.75,151.25,1070,17260
710324,151,153.125,150.75,152.25,1060,17425
710325,152,152,150.625,151.25,850,17445
710326,151.125,151.125,149.75,150.375,1555,17835
710329,150.125,150.25,148.625,148.625,2770,18355
710330,149.5,149.75,146.25,147.125,4485,18255
710331,146.625,147.375,145.625,147.25,2175,18545
710401,146.875,148.375,146.625,147.75,1615,18525
710402,148.5,149.25,148,148.75,2165,18455
710405,149.25,149.375,147.5,148.25,1385,18240
710406,147.75,148.625,146.125,148.375,2730,18445
710407,148.875,149,147.375,147.375,1310,18425
710408,147,148.125,147,147.75,1965,18530
710412,148.5,151,148.5,151,2875,18730
710413,150.625,151.125,149.875,150.25,3470,16750
710414,150.375,151.75,150.25,151.375,1925,16785
710415,150.875,151.5,150.375,151.375,1455,17895
710416,150.375,150.375,148,148.125,2120,18010
710419,147.625,148.375,147.625,148,3020,18070
710420,148,148,147,147.375,1225,17900
710421,147,147.75,146.625,147.125,830,17975
710422,147.75,148,147.125,147.125,845,18310
710423,146.5,147.125,143.625,144.125,2445,18295
710426,143.875,143.875,141.875,141.875,5090,19430
710427,141.25,144.5,141,144.5,5550,20795
710428,142.75,143.75,142.375,143.375,2895,20910
710429,143,144.125,143,144,2640,20495
710430,144.25,144.75,144,144.5,2125,20790
710503,145,145.25,143.375,144.125,3015,20740
710504,143.5,143.75,142,142.125,3370,21220
710505,142.625,142.75,140.625,142.125,2995,21400
710506,141.75,143.25,141,142.75,3805,22315
710507,143.5,143.5,141.25,141.5,1825,22440
710510,141.125,141.25,139.875,140.625,1970,22870
710511,140,140.75,139.25,139.875,2870,23890
710512,140.25,141.125,140.125,140.875,2205,22800
710513,140.875,141,139.625,140.25,2370,24290
710514,140.25,141.75,140.25,141.625,1265,24330
710517,141.375,142.375,141.25,142,2015,24560
710518,141.375,141.375,139.625,140.5,2055,24495
710519,140.25,142.125,140,142.125,3530,25035
710520,141.25,143.875,141.25,142.375,4415,24905
710521,142.375,143.125,141.75,143.125,3200,26165
710524,142.625,142.875,142.25,142.625,2405,25950
710525,144.25,146.25,143.875,145.625,6545,25590
710526,145.875,147.875,145.5,146.75,5635,27060
710527,147,148.5,146.5,148.375,3790,26795
710528,149.125,150.75,148.875,150.75,8570,26585
710601,150.375,150.375,148.875,150.25,4820,26360
710602,149.5,149.5,147.25,147.375,4560,26600
710603,147.75,152.25,147.75,151.875,5575,27440
710604,151.25,154.75,151,152.5,8670,29460
710607,152.25,152.625,150.25,151.375,4015,30050
710608,150.25,153.5,150.125,152.625,4865,30940
710609,153.25,156.75,153.25,156.625,6450,33945
710610,162,164.5,161.25,163.25,12400,34650
710611,162.75,165.5,161,165.25,8110,35675
710614,166,166,163,164.5,7400,37075
710615,162.5,162.75,160.5,162.25,10245,37555
710616,163,167.25,163,166.75,13395,40495
710617,166.75,167.25,163.75,164.375,5555,41530
710618,163.75,164.5,162,162.5,7720,41115
710621,160.5,160.75,156.25,156.25,10245,40200
710622,157,160,157,159.875,7420,39720
710623,160.5,160.5,155.5,156.375,6235,39570
710624,155.5,157.25,154.25,157,6950,41175
710625,158.25,160.5,157.75,159.25,7555,42965
710628,160.75,160.875,155.25,155.25,10375,43615
710629,155.75,158,154.25,154.25,9195,43385
710630,153,154,151.25,151.5,9625,43005
710701,152,153.75,151,153.5,8250,43070
710702,154,155.375,153,153,7125,43405
710706,151.5,151.5,148.25,149,10890,43345
710707,149.5,149.75,147.375,148.375,11095,43125
710708,148.75,149.5,148,148.875,5120,43140
710709,148.75,149,145.75,145.75,9215,44460
710712,144.5,144.75,142.375,143.375,9410,44420
710713,142.75,145.125,142.75,145,6600,43980
710714,148,149.375,147.5,148.5,9025,45050
710715,148.75,149.375,145.375,145.75,9455,46325
710716,146.75,147.5,144,147.125,9195,46590
710719,147.25,147.75,145.875,146.125,6025,46710
710720,146.125,146.375,142.75,142.875,7045,47520
710721,139.75,141.375,138.75,140.5,12505,46885
710722,141.5,141.75,139.5,139.625,6265,47000
710723,140.375,140.5,137,138.875,8845,46490
710726,139.5,141,139.5,140.125,5125,46010
710727,140.5,140.5,135,136.125,11760,44820
710728,135.5,135.5,133.375,134.25,10000,45475
710729,134.25,135.75,133.375,134.625,6940,45480
710730,134.75,135.5,134,134.5,5010,45400
710802,135,135.25,130.875,130.875,12015,45875
710803,131,132.625,129.25,131,12410,44690
710804,131.625,131.625,128.75,130.375,7610,45045
710805,128.5,128.5,125.625,125.625,8255,45230
710806,122,127,121,125,11310,45440
710809,126.5,129.5,126.25,128.5,6690,44935
710810,128.75,128.75,127,127.25,4685,45575
710811,126.5,127,125.25,126,5385,45650
710812,125,127.5,124.125,127.5,10045,45835
710813,128,129.625,127.5,129.5,7745,45445
710816,130.75,132,126.25,127.125,6895,45315
710817,126.5,128.875,126.25,128.75,5425,44845
710818,129.375,129.75,127.375,128.25,5220,45285
710819,127.25,127.75,126.625,126.875,3085,45800
710820,126.75,127.375,126.125,127.125,4285,46230
710823,127,127.25,126,126.125,4240,46125
710824,125.25,125.625,124.25,125.375,8255,46465
710825,124.75,125.25,123.5,123.5,4940,46780
710826,122.75,123.875,122.25,122.625,8610,47410
710827,122.75,124,122.75,123,3440,47520
710830,122.75,123,121.875,122.875,4225,47325
710831,123.5,124.625,122.875,123.625,7465,46955
710901,123.875,125.75,123.5,125.125,5865,47945
710902,126,126.875,125.625,126.75,7680,49325
710903,126.75,127,125.75,126.125,4440,49740
710907,125.25,125.875,124.625,124.75,4195,50630
710908,123,123.625,122.625,122.75,4565,51180
710909,122.625,123.625,122.5,123.375,3110,51170
710910,123.375,123.625,122.625,122.75,2315,51735
710913,121.5,121.75,120.75,120.75,4720,51685
710914,120.5,121.125,120.375,121,2705,51390
710915,120.75,120.875,119.875,120,5265,53900
710916,119.75,120,119.125,119.125,4010,52920
710917,119.25,119.25,118.25,118.375,4690,52335
710920,118.375,118.5,118,118,2705,52595
710921,117.75,119.5,117.375,119.375,5450,53260
710922,119.25,119.75,118.5,119,5225,52885
710923,118.75,118.75,117.875,118,5240,53425
710924,118,118.5,117.625,117.875,6380,53840
710927,118.25,118.75,118.125,118.25,2765,54235
710928,117.875,117.875,117.125,117.625,5385,53995
710929,117.75,117.875,117.125,117.75,3880,53725
710930,117.25,117.875,117,117.5,4485,54290
711001,117.125,118.375,117.125,118,2830,54605
711004,117.5,118,117.25,117.625,4235,54225
711005,117.75,118.125,117.625,118,2775,54395
711006,117.75,119.5,117.75,119.375,5420,54285
711007,118.25,119,118.125,118.625,4485,54685
711008,118,119,117.625,118.875,3705,55935
711011,118.5,119.625,118.5,119.5,4385,55435
711012,119.25,119.75,119.25,119.375,5620,55830
711013,118.75,119.75,118.5,118.5,9890,58535
711014,118.125,119.25,118,119.125,4920,60035
711015,120,121.125,119.375,120.875,10595,62510
711018,121.25,122.375,121,121.375,7190,63585
711019,121.25,121.5,120.625,121.375,9730,64200
711020,121.5,123.75,121.5,123.125,11920,65245
711021,124.25,124.5,123.375,124.25,9900,67650
711022,124.125,124.25,122.75,122.875,7775,68450
711025,123.375,123.5,121.875,122.125,7175,69910
711026,121.75,122,120.75,120.75,7170,71560
711027,120.375,121.625,120.375,120.75,9665,73280
711028,121,121.5,120.75,121.125,5355,75055
711029,121.5,122,120.75,120.75,6540,75975
711101,120.375,120.375,119.75,119.75,7670,77295
711102,120,120.25,119.25,119.25,4700,78220
711103,119.25,119.75,119.125,119.375,4680,79910
711104,119.125,119.875,119,119.375,5625,80625
711105,119.75,121.375,119.75,120.5,7935,81205
711108,121.5,121.75,120.25,120.375,9875,80265
711109,120,120,119.25,119.375,8380,81120
711110,119.25,119.625,119,119.125,9810,77200
711111,119,119.5,118.875,119.5,8080,77385
711112,119,119.875,118.875,119.75,12220,79440
711115,119.5,119.625,119,119.125,6465,80080
711116,119.125,119.25,118.625,118.625,7670,80945
711117,119,119.625,118.875,119.375,9755,79340
711118,119.375,119.625,119,119.125,4080,79610
711119,119.25,119.5,118.875,118.875,8300,82900
711122,119.125,119.375,118.875,119,5765,83485
711123,119.25,119.875,119.25,119.75,6485,84735
711124,119.875,121,119.75,120.625,12835,84410
711126,121.25,121.5,120.5,120.5,8745,85860
711129,120.75,121,119.875,119.875,11455,88895
711130,120,120,119.5,119.75,11135,91080
711201,119.75,120.375,119.75,120.25,7745,12300
711202,120.5,121.5,120.375,121.375,15250,37235
711203,122.25,124,122.125,123,23350,101615
711206,123.75,124,123,123.25,17675,105045
711207,123.25,123.25,122.25,122.375,14180,105300
711208,122.25,122.25,121.375,122.25,15870,107550
711209,124,125,123.25,123.875,22025,106815
711210,124,124.25,123.5,124.125,14970,105800
711213,124.125,125.25,124.125,124.75,13065,107255
711214,124.75,124.75,123.25,123.625,13240,106375
711215,123.625,124.125,123.125,124,16150,105000
711216,124,124.5,123.25,123.25,9960,105570
711217,123.25,123.875,123,123.75,8335,106660
711220,124.25,124.25,123.125,123.125,9320,107740
711221,123.125,123.125,122.25,122.375,8985,107330
711222,122.25,122.5,122,122.125,8390,105805
711223,122,122.5,121.875,122.375,5645,105105
711227,122.25,122.25,121.875,122.25,6220,105015
711228,122.125,122.5,122,122.5,8705,103680
711229,122.5,123,122.5,122.875,8770,102820
711230,122.875,123.375,122.75,123.375,5435,102680
720103,123.25,123.25,122.25,122.25,11045,102555
720104,122.25,122.625,122.125,122.125,7285,101290
720105,122.375,122.75,122.25,122.625,10200,98840
720106,122.625,122.75,122.375,122.5,6425,96770
720107,122.75,122.875,122.5,122.625,6495,96730
720110,122.25,122.5,122.125,122.125,10820,96065
720111,122.25,122.25,121.75,121.875,12030,95575
720112,121.75,121.75,120,120.125,26590,88855
720113,120,120.5,120,120.375,8200,86795
720114,120.75,121.125,120.75,120.875,8870,85175
720117,121.625,122.5,121.625,121.75,8835,84780
720118,121.75,121.875,121.125,121.125,8845,83615
720119,121.125,121.5,121,121.25,4945,82055
720120,121.375,121.875,121.25,121.375,5660,81180
720121,121.5,121.5,121,121,6420,80575
720124,121.125,121.125,120.75,120.875,8065,79805
720125,121.375,122,121,121.875,7605,79425
720126,121.5,121.625,120.375,120.625,12315,76925
720127,120.625,120.75,120.25,120.625,9400,75205
720128,120.125,121.5,119.875,121.25,7725,74420
720131,121,121.25,120.75,120.75,6975,73725
720201,121.125,121.25,121,121.125,7300,73425
720202,121.125,122,120.875,121.75,9690,72305
720203,122,122,121.125,121.125,8990,71825
720204,121.125,121.375,120.625,120.875,7645,70945
720207,120.875,120.875,120.5,120.5,6855,70095
720208,120.5,120.625,119.875,119.875,8180,68490
720209,120.125,120.125,119.75,119.75,6035,66870
720210,120,120,119.75,119.75,5090,66325
720211,119.75,119.875,119.625,119.625,8500,62620
720214,119.625,119.625,119.375,119.625,6850,61150
720215,119.625,119.75,119,119.125,11970,58510
720216,119.125,119.5,119.125,119.25,11065,54810
720217,119.375,119.625,119.375,119.375,7195,52810
720218,119.375,119.5,119.125,119.125,7895,51300
720222,119.125,119.25,118.875,119,11740,48585
720223,118.875,119,118.5,118.5,8535,46060
720224,118.625,118.875,118.5,118.625,7750,44515
720225,118.5,118.875,118.375,118.5,13685,37870
720228,118.625,118.625,118.25,118.375,13070,31965
720229,118.375,118.375,117.125,117.125,21720,22650
720301,117,118,116.875,118,13470,13195
720302,117.875,119.25,117.75,118.875,7420,9030
720303,119,119.125,118.375,118.5,3075,6470
720306,118.625,119.5,118.5,119.125,2730,5990
720307,119.25,119.375,119,119.125,2405,5750
720308,119.25,119.375,119.125,119.375,1810,4440
720309,119.625,121,119.625,120.25,2050,4440
720310,121.25,121.75,121,121.625,2625,3295
720313,121.5,121.75,121.125,121.125,1160,2130
720314,121.125,121.125,120.625,120.75,1010,2360
720315,120.5,121.25,120.5,121.25,1140,2070
720316,121.375,121.375,120.5,120.875,1115,2150
720317,120.625,121.25,120.625,121.125,1015,1720
720320,121.25,121.25,120.25,120.75,1085,1190
720321,120.625,120.875,120.5,120.625,2870,2260
