720713,136,136.25,135.5,136.12,230,1305
720714,136,136.25,135.75,135.75,30,1295
720717,135.5,135.5,134.5,134.5,50,1260
720718,134.5,135.12,134.5,134.75,165,1285
720719,134.87,135.62,134.87,135.5,445,1445
720720,136,136.5,135.25,135.25,100,1520
720721,135,135.5,135,135.5,10,1530
720724,135.5,135.5,135,135.37,95,1620
720725,135.37,136.37,135.12,136.37,185,1770
720726,136,136,134,134.62,200,1735
720727,134.87,134.87,132.75,132.75,170,1730
720728,133.12,134.37,133,134.37,200,1825
720731,134.12,136,133.75,135.87,580,2240
720801,135.5,135.62,134.87,135.25,200,2310
720802,134.87,135,134.5,135,425,2580
720803,135.5,137,135.37,136.25,1435,3775
720804,135.62,137.87,135.62,137.87,1675,3775
720807,138,139.75,138,139.5,1480,4365
720808,138.75,139,138,138.25,300,4455
720809,137.62,137.62,136.12,136.5,450,4520
720810,136.25,136.75,136.25,136.62,435,4640
720811,139.5,139.75,137.25,137.25,1040,4865
720814,138.25,138.25,137.5,137.5,210,4890
720815,137.75,137.75,137,137.25,120,4925
720816,137.37,137.37,136.87,137,340,4935
720817,137,137.25,136.62,136.75,325,4965
720818,136.5,136.5,136.12,136.5,920,5385
720821,136.25,136.37,136.12,136.25,955,5405
720822,136.25,137.87,136.25,136.75,585,5590
720823,136.87,138.12,136.87,138,260,5690
720824,138.37,141.5,138.37,141.5,3105,8015
720825,140.5,141,140.25,140.25,1125,8280
720828,140.5,141.25,140.37,140.87,815,8620
720829,140.75,140.87,140.12,140.62,465,8755
720830,141,142.87,140.87,142,2460,9630
720831,142.37,144.37,142.25,144,2345,10280
720901,144.75,146.75,144.75,146.12,3870,11045
720905,147,151.25,147,151,3405,12100
720906,148.5,149.25,146.62,146.62,3925,12765
720907,145.75,148,145.12,146.87,2065,13830
720908,146,147.25,146,147,1670,14495
720911,146.5,147.75,146,147.62,1680,15195
720912,147.37,149.5,147.37,148.75,2590,16030
720913,148.25,148.75,146,146.25,3115,16825
720914,146.5,149.5,146.5,149,4175,18060
720915,150,154.25,150,152.75,9425,20955
720918,153,157.5,151,154.5,7815,23830
720919,154.75,154.75,150.5,152.25,4410,24185
720920,151.62,152,150.5,151.5,3165,25545
720921,151.5,153.5,150.5,153.5,4865,26265
720922,153.5,154.87,152.5,152.5,3885,27450
720925,152.5,154,152.5,153.87,3990,28015
720926,154,154.5,152.25,152.62,5460,28350
720927,152.25,152.5,149.62,149.75,3630,29340
720928,149.75,151.37,147.75,151.25,5465,31225
720929,151.5,152,149.5,149.5,3480,31645
721002,148.5,148.5,146.5,146.62,5335,32335
721003,146.62,147,146,146.75,2645,33310
721004,147.25,147.25,145.75,146.12,1040,33330
721005,146.25,147,145.5,146.37,1690,33850
721006,146.75,146.75,145.75,145.87,1205,34305
721009,145.25,146,144.75,144.75,1800,34535
721010,144.75,145.87,144.75,145.5,1825,34595
721011,146,147.87,146,147.87,2885,35505
721012,148.25,148.75,147,147.75,3835,36820
721013,144,144.5,143,144.12,7190,37565
721016,143.75,144.75,143,144.62,3250,38410
721017,144.75,144.87,143.12,143.25,1660,38110
721018,143.25,145.25,142.62,144.5,1540,38355
721019,144.75,145.62,144.5,144.75,2625,39280
721020,144.37,145.5,143.75,145.37,1040,39570
721023,146.75,147.25,145.37,145.5,4800,40670
721024,145,147.12,144.75,146.62,2005,40735
721025,146.37,146.37,145.25,145.5,4825,41800
721026,145.62,146.62,145.62,146.37,4140,41865
721027,146.62,150,146.5,147.5,6000,43385
721030,148,150,148,149.62,2605,43690
721031,149.87,150,146.75,146.75,2845,43705
721101,147.25,148.37,147,147.62,2070,43540
721102,147.75,147.75,146.37,146.37,2485,43250
721103,146,146.5,145.5,146.37,1660,43810
721106,144.25,145.25,144,144.25,2700,43475
721108,144.5,145.75,144.5,145,3065,44460
721109,145.37,145.75,144.62,144.62,3130,44745
721110,143.25,144,143,143.12,4360,45155
721113,145,147,145,145.75,4535,44555
721114,146.75,147.5,145.5,145.75,5125,44755
721115,146,147.25,144.75,147.12,3225,44970
721116,147.75,148,146,146.37,3975,45645
721117,145.75,147.12,145.25,146.5,1950,45335
721120,146.5,146.5,144.62,144.62,2055,45435
721121,145,146,144.87,145.5,1200,45420
721122,145,145.87,144.87,145.12,2555,46030
721124,145.25,148.37,145,147,4810,46755
721127,148,149.5,147.75,148.12,4440,47165
721128,147.75,149.25,146.87,147.12,3845,47400
721129,147,147.62,146.5,147.25,3010,46820
721130,146.75,148.75,146.75,148.5,2910,47205
721201,150,153,149.25,152.5,7880,48455
721204,152,159.75,152,158.5,12375,50800
721205,161,162.5,159,160,15685,53295
721206,160,160.75,156,156.5,15125,55815
721207,157.5,159.75,156.25,159,6815,55800
721208,163.25,166,162.5,165,12530,57390
721211,164.25,166.5,159,161.5,19285,62565
721212,163,164.75,162,164,9880,63270
721213,164,165,156.5,159.5,15430,65570
721214,158,160.75,156,158.25,14235,69465
721215,158.5,158.87,155,155,20275,74730
721218,150,153.5,147,147.5,25575,76550
721219,147.5,150.25,147.25,148,10460,77570
721220,149,152.5,149,151,13385,75925
721221,154.5,154.5,151.5,151.5,11270,75785
721222,149.75,151,146.75,149,4935,77490
721226,151.5,152,149.25,149.5,3395,77440
721227,148.5,150.37,148,148.75,5315,78405
721229,151.75,152.25,149.75,151.75,6805,78900
730102,151.25,151.5,149,149,8340,80765
730103,150,151,149.25,150.25,8635,80995
730104,150.5,151.12,148,148.25,10975,85020
730105,148,149.12,146.12,146.12,15630,88730
730108,146,146.25,143.62,143.62,19370,91670
730109,144,146,144,145.25,14695,94185
730110,147.5,150,147,148.5,18055,97270
730111,148,148,144,144,20865,97555
730112,145.5,146,143,143.25,15655,97495
730115,143.5,143.62,141.25,141.37,17065,98770
730116,143,145,141.25,144.12,19340,100685
730117,144.75,145,143.25,143.5,11275,102680
730118,143.5,144.5,143,143,10970,104350
730119,144.25,144.5,141.75,142.62,14865,108095
730122,142.5,142.75,142,142.25,9080,109055
730123,143,144.87,142.37,144.37,10515,110365
730124,145,145.75,144.25,145.25,12225,108765
730126,150,151.75,147.75,147.87,30630,113255
730129,148.5,148.5,145.87,146,13230,112755
730130,146.25,146.5,144.87,145.25,11445,114945
730131,144.5,145.62,144.12,145.25,17710,116355
730201,144.5,145.5,143.5,144.37,14525,117320
730202,144.5,146.75,144.5,145.75,17320,117855
730205,145.62,148,145,148,14250,116255
730206,148,148.5,145.25,145.37,17145,118845
730207,144.75,144.75,142,142.25,17225,116040
730208,141,143,140,141.75,17585,116880
730209,141.75,143,141.25,142.25,12245,118135
730212,142.5,148,142.25,146.87,14935,120410
730213,149,151,147,147.37,23235,119760
730214,147.5,148,144.5,144.75,14405,121450
730215,144.75,147.75,144.75,145.5,14050,123135
730216,147,150,146,147,16745,125850
730220,147.25,150.5,147,149.87,19405,127680
730221,150.25,155.5,149,155.25,28095,127290
730222,160,161,157.5,159.62,39965,130945
730223,158,160.62,156.5,157.12,28885,128940
730226,156,157.75,154.25,155.5,23755,130890
730227,155.5,156.25,153.5,154.25,14070,129910
730228,153.5,155.75,152,155,21965,129700
730301,156,160.5,155.75,160,19455,128880
730302,162,163,155.25,157.12,20790,127185
730305,155.25,159.5,155.25,159.37,13275,127860
730306,161,161,158.5,159.12,14315,129855
730307,158.75,161,157.5,159.25,15785,132135
730308,159,159.75,157,157.12,19515,134235
730309,155.5,158.75,154.75,158.63,17720,134060
730312,159,159,155,155.12,17145,133050
730313,153.5,154.5,151,151.75,26015,130425
730314,150.5,155,150.5,153.87,13515,129120
730315,157,157,155,155.12,13645,128635
730316,153.5,156.5,153.25,154.87,12635,129335
730319,154.75,154.75,152,152.37,9640,128380
730320,152.37,154,152.37,153,9720,128205
730321,153,154.5,153,154,13000,129455
730322,154,159.25,154,159,19600,133105
730323,158.25,159,155,156.12,17405,135995
730326,157.37,157.37,155.37,155.5,10865,136795
730327,154.37,154.87,153.25,153.87,15195,137585
730328,153,156.5,153,155.5,15330,138625
730329,156,156.5,154,154.12,13430,139430
730330,156,156.5,153.37,153.5,12850,140990
730402,154.12,158,154.12,157.62,14805,140610
730403,158.25,158.5,155.75,155.75,11175,141065
730404,156.75,158.5,156,158,17350,143830
730405,157.25,158,156.75,156.75,11080,143775
730406,157,157.5,155.37,156.12,11920,144435
730409,157.75,159.25,157.25,159,11360,147075
730410,160,160.25,157,157.62,14600,147875
730411,157.25,157.37,156.25,156.75,7775,147665
730412,157.5,158.75,157.25,158,9105,147505
730413,157.75,159,157.25,158.25,7710,147595
730416,159.25,159.5,157.87,158.5,10760,146270
730417,158.62,158.62,157.75,158,10100,146590
730418,157.75,159,157.25,158.5,17700,146095
730419,159,160,158.5,159.5,15045,143270
730423,160.5,162.12,159.87,161.62,21270,143995
730424,161,161.5,160,160.87,17875,145010
730425,160.75,164.5,160.62,164,24580,146730
730426,163.87,164.62,161.25,161.87,30400,149550
730427,161.25,161.5,159.75,160.5,21955,150615
730430,161.5,165,161.25,164.87,17360,152615
730501,169.5,172.87,168,169.25,34100,150310
730502,167.5,168.75,165.5,166.75,25165,151985
730503,165.5,172.5,165.5,171.25,32535,154700
730504,170,172.5,169.5,171.75,26290,160060
730507,174,177.75,174,176.87,31775,162555
730508,178,184.75,177,182.37,55705,167875
730509,185,187.25,179.75,182.37,52490,169340
730510,181,182.25,174.5,174.75,37875,169190
730511,173.75,175.5,171,175.12,35945,169300
730514,173,179,172,179,29345,170185
730515,182,185,181,183.5,55165,163350
730516,182,183,176,177.75,50310,161735
730517,175.5,177.25,173.25,177,37425,164055
730518,176,182.5,176,181.75,31510,165735
730521,185,189.5,183.75,189.37,62690,167165
730522,187.5,194.75,185.75,190,62305,168105
730523,191,197.5,186,191.5,73350,166610
730524,192,196.62,191,196.62,50555,168515
730525,203,204.63,201.25,204.63,35075,165340
730529,212.62,212.62,212.62,212.62,26805,156100
730530,220.62,220.62,209.5,210.37,51115,141975
730531,207,218.37,204.25,218.37,48105,137020
730601,221,226,219,223.25,32935,134110
730604,230,233.25,227.5,233.25,29100,126210
730605,243.25,243.25,236,242,28100,114895
730606,239,241.5,232,232,45535,106275
730607,222,222,222,222,13345,102095
730608,218,222.25,212,220.75,36330,98020
730611,222,230.75,222,230.75,15140,95765
730612,238.5,240.75,235.75,238,27290,96865
730613,233,236,228.5,232.5,28500,95250
730614,229,238,222.5,222.5,20705,92540
730615,221,224,212.5,212.5,23065,91405
730618,212,222.5,212,222.5,20820,89525
730619,222,232.5,222,232.5,23165,88905
730620,236,237.5,230.25,232,26620,86480
730621,233,242,229,242,29745,84505
730622,250,250,237,240,24425,83905
730625,239,241,233,238,17730,83480
730626,229,232,228,228,19230,81695
730627,219,229,218,223.5,28680,78525
730628,221,221,213.75,213.75,15885,73380
730629,210,221,209,214.75,19410,69815
730702,216,224.75,214.5,222.75,11575,67840
730703,223,230,220,229.87,12190,64875
730705,233,233,219.87,219.87,9155,62170
730706,215,218,210,212.5,17205,56980
730709,213.5,217,210,212.12,11605,55200
730710,209,215,206.5,214,11685,50015
730711,216,224,215,224,8325,49970
730712,229,234,228,232,9120,46495
730713,231,242,231,241.5,8985,44325
730716,250,251.75,245,251.75,13350,37870
730717,255,256,244.25,245.5,21235,23570
730718,244,251.5,241,249.5,9280,18425
730719,259.5,259.5,259.5,259.5,3230,17130
730720,280,390,280,380,22020,2270
