731207,253,253,253,253,0,1260
731210,253.5,253.5,253.5,253.5,0,1260
731211,255,261.25,254,261.25,40,1295
731212,260.5,260.5,256.75,256.75,5,1300
731213,259,259,256,258.25,20,1320
731214,256.5,259,256.5,259,35,1320
731217,259,261,259,261,10,1330
731218,261.5,261.5,255.75,255.75,535,1830
731219,256.5,258.75,256.5,258.75,5,1835
731220,258,259,256.25,258.75,55,1840
731221,257.5,257.5,257.5,257.5,0,1840
731226,251.75,251.75,251.75,251.75,0,1840
731227,250,254.75,250,254.75,55,1830
731228,252.5,254.25,252.5,254,245,2040
731231,254.5,255.5,252.5,253,45,2065
740102,250,257,250,256.25,235,2250
740103,255,256.5,254,255,25,2255
740104,256,257.75,256,257.75,5,2250
740107,258,267.25,258,265,245,2470
740108,264,267,264,267,105,2555
740109,267.5,269.5,260,260.5,205,2570
740110,261,270,261,270,75,2605
740111,270.5,270.5,268,268,80,2645
740114,268.5,272.25,268.5,271.5,80,2625
740115,271,273.25,270.5,273,2150,3330
740116,272.5,274,271,273.5,1140,4120
740117,274,280,274,279,695,3530
740118,277,278.25,276.5,276.5,500,3545
740121,273,275,273,274.75,1170,3755
740122,274,274,270,270,710,5160
740123,271,271,264,264.5,725,5750
740124,264,267.5,261,266,870,6285
740125,276,276,276,276,255,6500
740128,282,283,272,276,1370,7575
740129,272,276,272,272,595,7910
740130,272.5,275,272,273.75,75,7900
740131,274,276.5,274,275.25,605,8300
740201,275,277.25,275,276.5,90,8380
740204,275,277,273,274,195,8400
740205,273,275.5,272.5,273.5,115,8395
740206,273,274.5,272.25,272.25,205,8345
740207,273.5,275.5,272,275,265,8455
740208,276,279.5,276,278,80,8260
740211,280,288,280,285,205,8715
740213,282,288,280,280,815,9180
740214,282,285,280.25,285,220,9185
740215,288,288,285,287.5,370,9055
740219,288,297.5,288,297.25,1065,8020
740220,300,307.25,300,304.25,1040,7980
740221,306,306,301.5,304,450,8160
740222,302.5,314,302.5,314,1890,8145
740225,317,324,317,324,1455,9395
740226,326,329,321,323.75,1980,10135
740227,326,326.5,313.75,313.75,760,10030
740228,303.75,311,303.75,303.75,1335,10150
740301,310,313.5,303,312,1035,10125
740304,314,316,302,302,1620,10790
740305,292,295,292,292,1225,11505
740306,290,294,282,286,1830,11745
740307,293,296,287.5,296,615,11595
740308,298,298,286,286,1750,12195
740311,283,287,276,284,1925,12985
740312,282,292,282,290,640,13420
740313,289,291,285,288,555,13295
740314,284.5,288,282.5,286.25,600,13390
740315,286,288,276.25,276.25,925,13570
740318,276,285,273,281,1050,13660
740319,285,288,278,280,1045,13680
740320,277.5,283,276,276,2040,15050
740321,276.5,278,274,277.5,565,15045
740322,280,281,278.5,279.5,655,15205
740325,280,280,269.5,271,1665,15575
740326,265,272,261,271,2545,15895
740327,267,269.5,261.25,261.5,845,15885
740328,261,265,259,263.25,1015,15955
740329,268.5,268.5,262,262,1775,16090
740401,260.5,260.5,252,252.25,2595,16955
740402,251.25,251.25,242.25,242.25,2010,17015
740403,243.5,252.25,242,252.25,3020,17950
740404,252.25,258,243,244,2350,18785
740405,240,246,240,243,3795,20705
740408,241,250,241,244.75,1930,21500
740409,249.5,254,246.5,252.5,1370,21420
740410,253,255,250,252.75,385,21435
740411,250.5,251.5,243,245.75,1050,21820
740415,249,255.75,249,255.75,495,22010
740416,253.5,253.5,250.5,251.75,975,22605
740417,249,252.5,248,249.25,435,22680
740418,248,250.5,248,250.5,580,22465
740419,250,253.5,249.75,251,330,22490
740422,252,258,252,252.5,850,22530
740423,252,254,250.5,251,940,22805
740424,251,257.75,251,256.25,2475,23440
740425,266.25,266.25,266.25,266.25,140,23495
740426,276.25,276.25,264,264,2900,23820
740429,261,261.5,254,256.75,1390,24020
740430,258,259.5,254.5,258.25,1045,24275
740501,256.5,256.5,248.25,250.5,1245,24465
740502,251.5,253,246.5,252,1530,24645
740503,253.5,253.5,244.5,246,3270,25770
740506,236,238,236,236,1505,26310
740507,231,236.5,231,236.25,2410,27025
740508,238,241,236.25,239,1205,27480
740509,235.5,240.5,234,237,5395,28350
740510,237.5,244.5,237.5,242,2115,28695
740513,244,247,241,246,1225,28910
740514,247,247.75,242.75,243,1230,29255
740515,241,246,239,245.5,1115,29350
740516,249,252,247.25,250,2555,30180
740517,251,252.5,249.5,251.75,2125,31240
740520,251,255,242,242,2440,31515
740521,244.5,247.5,237.5,246.5,3480,31795
740522,250,250.5,242.5,243.5,1770,31960
740523,241.5,242.75,239.5,240.5,970,31790
740524,241,243,239.5,240.75,1310,32160
740528,241.5,244,240,243.75,1180,32460
740529,250,254,248.5,252,3985,33155
740530,250.5,252.25,248.5,248.5,1990,33895
740531,248,251,242,242.5,4595,34220
740603,240,240.25,238,238.25,3000,34880
740604,238,242,236.5,240,3545,34905
740605,242,250.25,242,246.25,3485,35175
740606,247.5,249.25,243.5,243.75,4970,37110
740607,246.5,250.25,245.5,248.75,2835,37480
740610,253,253.5,247,247.5,5615,39180
740611,245,246,243,245,5150,40090
740612,244.5,249.25,243.5,248.75,5875,42415
740613,247,250,240.5,247.5,2240,42640
740614,245,249,244.25,248,2035,43365
740617,245,257.75,245,256.5,6380,44655
740618,257.5,259,253,253.25,5355,45420
740619,254,260.5,252.5,260.5,4365,47040
740620,259,266,259,262.5,4940,47750
740621,265,272.5,264.5,272.5,6180,48595
740624,282.5,282.5,282,282.5,3170,49000
740625,279,280,273,273.75,8220,49840
740626,273.5,283.75,273.5,283.75,5755,50580
740627,283,292,278.5,281,8160,51370
740628,279.5,284,276,280.75,6580,52370
740701,282.5,290.75,282.5,290.75,3965,52410
740702,290,295.5,287.5,289.5,6765,52855
740703,294,297,289,295.25,5970,53155
740705,294,294,289,292.25,6210,52840
740708,302.25,302.25,301,302.25,7405,53370
740709,300,303,294,294.5,8920,54460
740710,287,291.5,286,287.25,5980,54455
740711,289,292.5,285,289.75,5125,54125
740712,299.75,299.75,297.5,298.75,6450,54660
740715,302,308.75,300.5,307.5,10875,57780
740716,309,312,303,305,8915,58290
740717,303,307.5,301,303.5,8050,58260
740718,309,313.5,309,313.5,2820,58030
740719,323.5,323.5,318.5,322.75,18210,63045
740722,312.75,327,312.75,322.25,14135,65205
740723,322,332.25,320,331.25,16360,66120
740724,335,341.25,335,341.25,19525,73280
740725,351.25,351.25,349,351.25,8200,75525
740726,361.25,361.25,356,361,26860,83310
740729,371,371,370,371,6420,83595
740730,381,381,361,361,32545,87045
740731,363,371,362.5,371,16345,89095
740801,368,368,361,361,17675,87960
740802,351,351,351,351,1925,88420
740805,341,360,341,342.5,20730,88610
740806,345,352.5,341,352.5,14120,90205
740807,362.5,362.5,361,362.5,7345,91455
740808,371,371,352.5,362.5,23380,96540
740809,354,355,352.5,352.5,6010,96460
740812,342.5,344.5,342.5,342.5,7495,96955
740813,352.5,352.5,352.5,352.5,435,96870
740814,362.5,362.5,362.5,362.5,1785,96730
740815,368,368,353,353.75,21265,97730
740816,357,363.75,356,363.75,14670,98135
740819,365,371,362,362.5,16280,98855
740820,361.5,365.5,352.5,352.5,19730,96505
740821,349,355,343,352.5,30620,96475
740822,355,362.5,353.5,362.5,16795,98670
740823,367,371,361,367.75,21150,101555
740826,367,367,357.75,357.75,14825,100275
740827,350,352,347.75,348.75,20830,98135
740828,345.5,357,343.5,355.5,23210,100055
740829,355,356.5,349,350,14070,100520
740830,352,354,347,347.5,13735,100960
740903,351.5,353,337.5,337.5,21730,101555
740904,331,335,327.5,334.75,31330,100810
740905,336,343.75,332.5,342.25,22610,101745
740906,342,348.5,338.5,346,25140,100415
740909,341,356,341,356,15975,101425
740910,356,358,351,352.75,17295,101225
740911,351,358,351,357.5,15635,103310
740912,367.5,367.5,363.5,364.75,22955,105525
740913,360,365,357,357.5,23565,107900
740916,349,349,347.5,347.5,12750,108335
740917,346.5,351.5,339,346,25435,107045
740918,345,350.5,345,348.25,23390,107240
740919,347.5,353.5,347,352.75,13855,108000
740920,353,358,350.5,350.75,19245,107730
740923,360.75,360.75,357.25,360.75,16935,107560
740924,363.5,370.75,363,369.75,32585,110590
740925,370,371.5,365,365.25,24785,109975
740926,364,375.25,364,375.25,19705,111670
740927,384,385.25,380,384.5,32125,113545
740930,389,394.5,389,394.5,19835,110605
741001,404,404,384.5,384.5,32805,112125
741002,388,392.5,384.5,392,27180,114565
741003,402,402,400,402,10340,114865
741004,409,409,393,402.5,37285,119995
741007,392.5,392.5,392.5,392.5,1640,119950
741008,382.5,389,382.5,382.5,23245,119350
741009,386.5,391,383.5,390.25,27875,122460
741010,390.25,397,388.5,396.75,22100,121275
741011,397,403.75,386.75,388.75,32910,125890
741014,388,398.75,381.25,398.25,26585,126090
741015,401,405.5,393,396.5,38425,127570
741016,395,401,394,394.5,24755,129480
741017,390,396,384.5,389,24115,129815
741018,393,393,388,388.5,17950,130010
741021,388.5,392.5,386.5,391.75,17215,131385
741022,391,395.25,390.5,391.75,17955,131875
741023,390.75,393,385,386.25,18845,132360
741024,386,386,380,381,19715,131600
741025,374,378.5,372,372.75,26065,129610
741028,374,376.75,373,374,19930,132110
741029,381,384,377,384,25775,130310
741030,385,386,378.5,385.75,25910,128420
741031,386,391,384.5,390.75,18850,129340
741101,387,390,386,387.25,16795,129860
741104,388,392.5,387.5,388.5,16550,131330
741106,390.5,393,387.5,389,20410,135085
741107,386,388,384.75,387.5,23055,137250
741108,387.5,389,386.5,388.25,16895,138155
741111,398.25,398.25,387,387.5,30380,138690
741112,385,390,380,380.5,38470,142045
741113,379,383,374.5,382.25,50020,146045
741114,385,386,381,382.25,21845,144760
741115,381.5,381.5,373,373.5,34250,143370
741118,368.75,368.75,363.5,363.5,22090,142965
741119,353.5,359,353.5,356.5,40955,144500
741120,361,366.5,359.5,366.5,39475,144345
741121,365,365,356.5,356.5,41450,146145
741122,353,360.5,350,357.25,46285,150770
741125,358.5,362,357,357.5,40240,153385
741126,357,367.5,356,367.25,40935,156355
741127,371,372,367.5,369.5,46225,156475
741129,371,378,369.5,375.25,31985,155465
741202,376,376,369,372.25,51615,163080
741203,370.25,381.5,369.5,379.25,55700,162850
741204,377,377.5,369.5,371.5,55725,165970
741205,372.5,377.5,372.5,374.75,48515,158350
741206,372,373.5,364.75,365,51125,161455
741209,363,364,355.25,361.75,75700,157835
741210,365,367.5,363,363.75,44075,156880
741211,363,366.5,362.5,363.25,46315,159720
741212,364.5,367,363.5,365.25,40370,160295
741213,365.5,368,362,363.75,56605,158115
741216,364.5,366,358.5,359,47490,158450
741217,358.5,359.25,351.5,352.25,59620,164090
741218,353,358.5,352,358,45915,167240
741219,359,362,357,357.25,45360,170205
741220,355,356.5,352.5,355,33830,171815
741223,352,353.5,347,347.25,38505,173915
741224,344,346,342.5,342.75,24310,174670
741226,342.75,345,333.5,334,45015,171880
741227,334,340,334,339.5,34240,172755
741230,339,340,335,338.25,42085,173075
741231,337,343.5,337,341.75,26925,173105
750102,343,348,343,346.75,34785,172740
750103,347.5,349.25,343.25,343.5,42790,171355
750106,343,352.5,339,350.75,71140,174375
750107,349,349,341,341.5,60990,167580
750108,338,340.75,334,338.75,69330,161095
750109,340,342.5,336.5,337.5,45795,154355
750110,336.5,342.25,336.5,341.25,37595,154810
750113,344,346,338.75,339.75,49330,151145
750114,340,342.5,337,340.5,48205,150835
750115,337.5,341,337,337.25,47230,148290
750116,335,336.5,329.25,330.25,72545,141840
750117,320.25,320.25,320.25,320.25,8930,139675
750120,310.25,310.25,310.25,310.25,19115,138375
750121,314,316.2,310.5,312.25,54395,133420
750122,310,310.5,302.25,302.25,53160,129485
750123,295,312.25,295,312.25,51485,122770
750124,310,319.5,308,318.75,48250,121540
750127,315.5,318,309.5,311,70725,116150
750128,309,316.5,307,314.5,38795,113480
750129,313,322,311,317.75,46160,113615
750130,317.5,319.5,314,316.25,39590,117055
750131,316,316,308.5,311.25,34125,117320
750203,309.5,309.5,303.5,307.75,52895,120775
750204,311,317,310.25,313.75,39310,119630
750205,312,313.5,310,310.75,27570,117955
750206,310,313.5,309.5,312.25,24500,119005
750207,312,315.5,312,313.5,29955,117130
750210,313.5,314,309,309.25,33665,115790
750211,307.5,312,307.5,311.75,26995,112280
750212,312,314.25,309,309.75,33895,110705
750213,308,312,307.25,311,35005,106480
750214,310,312,309,310.25,29110,102110
750218,307,308.5,301.5,301.75,38380,96760
750219,296,297.5,291.75,291.75,29515,92565
750220,290,291,282.25,285.75,39470,89430
750221,287,288.25,280.25,280.5,37815,81475
750224,278.5,280.5,274.5,278.25,34785,78785
750225,280,280.5,272,272.5,40100,74180
750226,267,273.75,266,271.5,47490,67570
750227,272,274,266.5,267,42835,56225
750228,263.5,263.5,257,258.25,38565,50670
750303,256,267,248.25,263.5,23765,40330
750304,264,270.5,261,264.75,20940,31550
750305,266,271,266,270.5,13470,26665
750306,274.5,280.5,272.5,280.5,13840,22675
750307,287.5,288,275,277,12275,19130
750310,277,278,273,278,8385,15640
750311,279,288,279,288,8280,14710
750312,289,296,286,295.75,8465,12200
750313,295,295,287,287.25,7855,8765
750314,283,286.5,283,283.75,4440,7735
750317,285,293.75,285,291.25,3735,5860
750318,293,293,286,286.25,7180,5145
750319,284.5,286,280.75,283,2980,3215
