741017,351,351,345,347,15,20
741018,347,347,347,347,0,20
741021,353,353,353,353,0,20
741022,355,355,355,355,0,20
741023,353,353,350,350,5,25
741024,344,344,344,344,0,25
741025,340,340,340,340,0,25
741028,343,343,343,343,0,25
741029,351,351,351,351,0,25
741030,351.75,351.75,351.75,351.75,0,25
741031,349.5,351.5,349,351.5,35,45
741101,348,348,348,348,0,45
741104,348,350,347,347,10,40
741106,344,344,344,344,0,40
741107,342.75,342.75,342.75,342.75,0,40
741108,344.25,344.25,344.25,344.25,0,40
741111,346.75,346.75,346.75,346.75,0,40
741112,340.5,340.5,340.5,340.5,0,40
741113,335,340,335,339,25,40
741114,340,340,340,340,0,40
741115,336,337,336,336,15,50
741118,328,330,326,326,15,65
741119,316,323,316,322,115,150
741120,323,332,323,331,75,200
741121,327,327,321,321.5,825,600
741122,313,324,313,324,35,660
741125,323,325,322,322,520,1230
741126,327,327,327,327,0,1230
741127,329,329,329,329,10,1240
741129,331,331,331,331,40,1255
741202,332,332,327,327,55,1275
741203,328,334,328,332.5,100,1370
741204,328,329,323,325,100,1400
741205,325,326.5,325,325.5,5,1405
741206,322,322,317.5,317.5,15,1400
741209,315,315,308,311.5,25,1415
741210,315,317,314.25,314.25,50,1415
741211,311.5,316.5,311.5,315.5,120,1440
741212,314.5,314.5,314.5,314.5,0,1440
741213,312,312,309.5,309.5,85,1430
741216,307,307,302.5,303.5,10,1435
741217,299.5,306,299,299,100,1525
741218,300,303,300,302,100,1570
741219,304,304,303,303,20,1585
741220,300.25,302,300,302,20,1585
741223,301,301,295,295.75,100,1555
741224,294,294.5,291.5,294.5,145,1600
741226,296,297,285.5,287,355,1585
741227,288,293,288,292.5,90,1630
741230,289,293,289,289.5,170,1650
741231,293,294.5,291,293,30,1650
750102,297.75,297.75,297.75,297.75,0,1650
750103,299,300,297.5,297.5,100,1725
750106,293,304,293,302.5,360,1920
750107,298.5,301,295,296,130,2030
750108,293,293,288,293,345,2155
750109,294,296,292,293.25,110,2140
750110,292,295.75,292,295.75,95,2160
750113,298,298,292,292.5,30,2170
750114,290.5,293,290,291.25,170,2305
750115,289,291.5,289,290.25,140,2370
750116,289,293,289,289.5,395,2520
750117,281.5,281.5,279.5,279.5,680,2825
750120,271,273,269.5,272.25,1350,3390
750121,276,281,276,280.5,885,3760
750122,277,278,273.5,274.5,600,4240
750123,269,284.5,269,284.5,560,4455
750124,282,288,282,287.75,475,4485
750127,285,290,281.5,281.5,290,4480
750128,282,288,280,288,2620,6600
750129,285,296,285,293,170,6580
750130,293,293,290,290,680,6330
750131,289,291.5,286.5,286.5,625,6475
750203,286,288,282,287.5,365,6665
750204,291,293.5,290,290,320,6620
750205,288,290.5,288,288.25,145,6635
750206,288.5,290,288.5,289,60,6650
750207,289.5,291.5,289.5,291,115,6670
750210,291,292,287,287.5,45,6675
750211,287,288.5,285,288.25,285,6755
750212,288.5,289.5,286,286,155,6810
750213,285,288.5,283.5,287.5,205,6800
750214,287.5,287.5,285.5,286.5,145,6765
750218,284.5,285,282,284.5,375,6975
750219,278,280,274.5,274.5,1600,7305
750220,271,273.5,267,268,700,7270
750221,270,273.25,267,267,975,6825
750224,266.5,268,263,267.75,340,6865
750225,269,270,265,265,355,6895
750226,261,263.5,261,261.75,645,7000
750227,261.75,263,254,254,890,6930
750228,252,252,244.5,249,590,6920
750303,246,259,239,259,1995,7625
750304,255,259,250.5,253.5,750,7695
750305,254,258.5,254,258.5,280,7705
750306,259,267,259,264.5,775,7820
750307,267,267.25,258,259,900,8270
750310,258.25,259.75,256.25,259.75,295,8405
750311,260,269.75,260,269.75,1330,8815
750312,270,271.75,265,271.75,820,9080
750313,269,270,263,263.25,550,9105
750314,259,261.5,259,260.5,1255,9250
750317,259.5,264.5,259.5,263.5,395,9340
750318,263.5,264,259.25,259.75,760,9635
750319,257.5,262.25,256,261.25,430,9665
750320,262,264.5,261,262.25,410,9820
750321,263,271,263,270.5,865,10075
750324,269,275,267,268,2080,11160
750325,270,271,266.75,269.5,315,11065
750326,271.5,279.5,271.25,279.25,770,11055
750327,277,277,273,273.5,585,11120
750331,275.5,281,275.5,279.5,955,11250
750401,280.5,280.5,276.5,279.25,510,11140
750402,279,280,275.5,276.25,715,11295
750403,276,276,273,273.25,425,11535
750404,272,275.75,271.75,275.75,685,11805
750407,275,275.75,273,274,725,11635
750408,273.5,279.25,273,276,990,11930
750409,277.5,279,275.75,279,1375,12585
750410,276.5,278.25,269,269.5,2955,14705
750411,267.5,270.25,266.5,267.25,1260,14934
750414,266.5,267.5,264,264,845,14885
750415,265,267.5,261.25,261.5,1555,15275
750416,261.5,264,260.25,262,520,15520
750417,262.5,266.25,260,266,370,15610
750418,265.5,265.5,262.75,263,295,15740
750421,261.5,264.75,260.5,263.5,1855,16935
750422,261.5,264.25,258.5,259.25,1525,17930
750423,260.25,263.5,259.25,262.25,710,17830
750424,266,266.75,264.75,266,720,17765
750425,269,272.5,267,270.75,1845,18295
750428,274,275,269,271,2315,18915
750429,268,268,262.5,263.5,1280,19040
750430,263,265.5,261,261.5,1300,19365
750501,259,259,251.5,251.5,2645,18945
750502,251,254,248.75,251.5,1350,19160
750505,250,250.5,247.5,248.75,3255,19925
750506,246.5,254.5,246.5,254,1935,20550
750507,254,256,250,250.25,1980,20990
750508,249.5,251.25,248.5,249.75,2355,21585
750509,247.5,250,245.75,246.5,2190,21880
750512,247,250.5,244.5,249.75,1860,22060
750513,250,253,248.5,252.25,1005,22435
750514,251,252.75,249.5,251.75,3065,23230
750515,248.5,251.5,248.5,250,5610,25950
750516,248.25,250.5,247.5,249,1520,26075
750519,248,255,247,254,3050,26380
750520,253.5,263,253.5,256,1905,27050
750521,255.75,260.25,253,259.25,1325,27255
750522,258.5,260,255.75,256,1250,27515
750523,255.25,255.5,253.75,253.75,1115,27885
750527,250,251,247,247,5135,28525
750528,245,249,245,247.25,2400,28485
750529,248,249.25,245,245,3495,30745
750530,245.5,247,245,247,1335,30590
750602,246.5,247,242,242.25,5015,32290
750603,243,246,242.25,244,5140,34835
750604,245,246.75,243.75,243.75,3015,34675
750605,244.5,244.5,241.5,242.75,4310,34835
750606,241.5,244,241.5,242.5,3280,35815
750609,242,245.75,242,245.5,2305,36255
750610,247,248,244,244,2230,36430
750611,243.5,244.75,242.5,244.25,2485,37535
750612,243.5,246,243.5,243.75,5185,38400
750613,242.75,249,242.75,248,4945,40610
750616,247.5,253,247.5,252.25,6295,42605
750617,252.5,259.5,252.5,258.5,4595,44400
750618,258,258,255,255.25,3795,44925
750619,254,254.5,252,254.25,4055,46235
750620,253.5,261,253.5,260.75,5010,47305
750623,260,261.5,255.25,255.75,3800,47455
750624,254,256.75,253.25,256.75,4070,47715
750625,256.75,257.5,252,252.5,4795,48980
750626,252,252.25,248.75,249.25,4525,50240
750627,249,250,244.5,244.75,10580,55635
750630,243,243,240.75,242,8045,57305
750701,242.5,244.5,240.75,243.5,7145,57690
750702,244,247.25,244,247,8620,59890
750703,248,251.5,248,250.25,4810,59815
750707,249.5,252.5,247.25,248.5,8760,61475
750708,248.75,258.5,248.75,258.5,12935,62215
750709,258,268,255.75,261.25,16340,65080
750710,259,269.25,258.5,261.75,9935,66865
750711,263,271.75,261,271.75,11440,69235
750714,269.5,276.5,266,267.5,13815,70220
750715,266,272.5,265,271.5,9355,70175
750716,272,278,270,277.5,9345,72290
750717,278,278.5,269.5,269.75,8375,71700
750718,269,269,262.25,263,8090,72750
750721,265,272.5,265,271.25,8990,74495
750722,274,275,266,268,8300,75210
750723,266,266.75,263.25,263.75,7805,74735
750724,263,273.25,263,271.5,11240,74395
750725,277.5,281.5,274,277.25,17410,77815
750728,282,287.25,282,287.25,8445,79355
750729,295,297.25,292,297.25,17975,81255
750730,293,293,287.25,287.25,17265,81030
750731,284,291.5,282.25,284.25,16095,77690
750801,286.5,289,283.75,288.5,17515,78510
750804,292,298.5,292,297.25,13500,77190
750805,295,298,292.5,294.5,9050,78490
750806,294,303.25,292.25,302.5,14330,81655
750807,308,312.5,308,312.5,26860,90570
750808,306,312,304,308.5,16515,92260
750811,307,309,305,306.5,6925,92240
750812,304,316.5,300,315.75,19645,93230
750813,315,322.5,315,318.75,25025,95020
750814,316,326.5,314.75,325.75,26595,100125
750815,326,333.25,324.5,327.25,20115,102695
750818,326,329.25,318,319.75,23330,108245
750819,320,326.25,320,326,17465,111020
750820,331,336,331,333.75,22965,114465
750821,332,337.5,329,329.25,23660,116460
750822,329,331.5,326,329.25,17995,117795
750825,330.5,331.5,324.25,327,15700,119105
750826,327,327,317,317,37200,114570
750827,314,323.5,312.5,322.25,25385,121290
750828,323.25,324,316,316.75,20840,125505
750829,317.5,319,309,311,19940,125590
750902,307.5,307.5,301,304.75,16980,127140
750903,305,308,302.5,305.75,14290,128730
750904,306,308.5,303,305.5,14070,129650
750905,305.5,308.25,303.5,307.75,14685,133895
750908,306,306.5,301.75,304,17245,135550
750909,302,302,294.75,296.5,25535,138730
750910,300,302,298,300.25,13345,137870
750911,299.5,299.5,296.5,298.25,10185,139485
750912,305,308.25,303.5,308.25,14555,141590
750915,307.5,312,305.25,308.5,12900,143220
750916,308.5,315,307.25,314.25,16955,144845
750917,314,323.25,311.75,322.75,23465,148345
750918,322.75,323.25,317.25,318.5,23160,150020
750919,319,326,316,316.5,26575,152760
750922,315,316,307.5,312.75,28660,156225
750923,313.5,313.5,308,308.75,17655,158070
750924,308,311.5,307.5,311,15450,159130
750925,311.5,315,311.25,313.25,16455,159515
750926,314,316.5,312.25,314.5,23490,164515
750929,313,313.5,310.25,310.5,15925,167755
750930,310,312,308.75,310.75,15860,168535
751001,311.5,315.25,311,313.75,10610,170545
751002,312,313.25,304,304.25,19640,172445
751003,304.5,306.5,304,305.75,23050,171415
751006,305,306,302,305.25,13295,174155
751007,306,308.5,305.75,306.75,13220,176905
751008,307.5,311,304.25,306.75,24105,179750
751009,306.5,307.25,303.75,306.75,14250,181980
751010,306.5,307.5,305,306.75,12450,183065
751013,302,302.5,299.25,300,25890,186155
751014,299,304.75,298,303.75,22170,187935
751015,303.5,304,299.5,300.25,22775,190630
751016,300,304.25,299.75,303,24840,191825
751017,304.5,304.5,300,300.25,28385,204220
751020,297.5,303.25,297.5,301.25,21930,205490
751021,300.5,304,291.25,293.5,35645,206290
751022,294,294.75,291.75,292.5,22575,208830
751023,292.25,292.75,289.75,291.5,24220,210750
751024,292,296,290.25,290.5,33680,214230
751027,288,288,284,284.25,37940,212330
751028,284.5,286.25,282.5,284.5,25905,212950
751029,287,288.25,285.5,286.5,22715,212535
751030,286.5,290.5,286,290.25,27390,212595
751031,289.5,290.75,286.25,286.5,23350,211020
751103,285.5,285.5,281.25,282,26090,210905
751104,282.5,284,281,282.25,29165,208955
751105,283,285.5,283,284.25,38380,203955
751106,284.75,285,281.25,282,27860,201925
751107,282,283,280,280.25,24360,203675
751110,278,278,275,276.25,35905,203965
751111,278.5,280,274,274,34320,205130
751112,272.5,273.75,269.5,271.5,43200,210725
751113,272,274.25,270,271.75,30915,213885
751114,272.25,274.5,272.25,272.75,17685,214375
751117,273,274.25,272.25,273,17650,217155
751118,273,273.25,269,269.25,30145,216635
751119,266.5,267.5,265,267,38605,216230
751120,268,269.25,267.5,268,22395,219655
751121,268.5,273,268.5,272.5,29825,225035
751124,275,282.5,275,282.5,47755,224185
751125,284,284.5,278,278.5,54255,225435
751126,279,281.75,277.5,281.25,43765,227010
751128,282.5,284,279,279,41160,226025
751201,279,280,276.75,279.5,41370,226865
751202,280,282,278,279.5,59095,227190
751203,279.75,279.75,277,277.25,45270,227080
751204,282,284,278,278.25,64090,231900
751205,277,277,275,276,46215,232775
751208,275,275,268,268.25,72925,228540
751209,268,271.75,265.5,271.25,71690,226870
751210,270.75,271,269.25,269.75,39610,227570
751211,270,270.5,268.5,270.25,24250,227480
751212,268.5,268.5,262,262,70060,224635
751215,260,260.75,256.5,259.5,63340,223505
751216,261.5,263.5,259.75,262.75,50290,223595
751217,263,264.75,261.75,264.5,38475,221940
751218,264.75,265.5,262.5,264.25,38900,224395
751219,264,268,263,267.75,49500,222285
751222,267.5,268.25,266,266.75,28170,222395
751223,266,266,263.5,263.5,24315,221730
751224,263,264.75,262.5,263,15850,218205
751229,263,263,260,260,33925,217225
751230,259.5,262.25,258.75,260.25,33180,214640
751231,259.25,262,259,261.5,27415,214350
760102,262.5,262.5,259.75,261.5,24705,213830
760105,262,267,262,265,52470,209255
760106,264.5,267,263.75,264.5,43170,207760
760107,265,272.5,264.5,269,78335,201220
760108,270,271.25,268.25,268.75,59035,188695
760109,268,269,266.5,266.75,37010,190215
760112,266.75,270,265.75,269.75,46390,185890
760113,270,271.5,269.5,270.5,46205,183850
760114,269.75,270.5,268.75,270.25,36435,180570
760115,271,271.5,269,269.25,32755,175770
760116,271,271.5,269.25,270.5,41665,170220
760119,271,273.5,270.25,272.75,50875,165070
760120,273,274,272.5,273.25,37570,163325
760121,272.5,272.5,270.5,270.5,38785,163880
760122,270.25,270.25,267,268.5,54560,166900
760123,268.5,271.5,267.5,271.25,44130,162810
760126,263,263,261.25,261.25,47845,160585
760127,261,262,258.5,261.75,49020,163235
760128,262.5,263.5,261,263.25,30255,160710
760129,263.5,264.75,263,264,20715,160390
760130,264.5,265.5,264,265,27735,158550
760202,266,269,266,268,45140,153220
760203,266.5,268,265.25,267.75,36485,151280
760204,268.5,269,266.5,266.75,33410,150585
760205,266.25,267.5,265.25,266,31225,145350
760206,265.75,267.5,265.5,266.5,21820,143230
760209,266.5,267,265.5,265.5,21270,143620
760210,265.75,268.5,265.75,267.5,42560,138745
760211,268,271,267.25,268.25,61580,131715
760212,270,274,269.5,271.75,59510,128180
760213,271,271,269.5,269.75,27500,122300
760217,270.75,271.5,269.5,270.25,31280,119385
760218,270.5,271.25,269,269.25,33685,114190
760219,271,271,269.5,269.75,26080,111675
760220,269.5,269.75,268.5,268.75,26940,108080
760223,269.5,270.25,269.25,269.5,23570,103635
760224,269.25,269.5,268.25,268.5,31015,93705
760225,268.5,269.75,268.5,269.5,44605,81430
760226,269.75,270.75,268.75,269,59590,69130
760227,271,273.5,271,271.5,46980,56655
760301,271.75,271.75,270.5,270.75,21545,50090
760302,270,270,267.25,267.75,26670,41645
760303,268,269,267.25,268.75,14890,38465
760304,268.25,270.5,268,270,13025,33455
760305,270.25,271.5,269.5,270.75,21705,30875
760308,269.5,270,269,269,11145,24720
760309,269.75,270.5,269.5,270,10795,21010
760310,270.25,271,269.25,269.75,11845,18820
760311,269.75,269.75,268.5,268.75,16110,17365
760312,268,268,266.25,267,9665,13080
760315,267,267,263.5,263.75,11660,10255
760316,263.75,264,261.5,261.75,6110,8135
760317,262.25,265.25,262,265,5935,7035
760318,265.5,267.75,265.5,267.25,3065,5745
760319,267.5,270,267,268,3240,4180
760322,269.5,270,267.5,268.75,2350,3125
