780322,267,267,265.5,265.5,30,20
780323,266.5,266.5,266.5,266.5,0,20
780327,271,271,268.75,270.75,370,375
780328,269,270,268.5,269.5,25,385
780329,266.5,266.5,259.5,262,40,390
780330,264,268,262.5,263,165,405
780331,268,269.75,268,269.75,55,440
780403,269.75,270,267,267,145,565
780404,266,267.75,265.5,266,415,760
780405,267.25,269,267.25,267.25,360,885
780406,267.5,267.5,265,265,80,845
780407,266.5,266.5,264.25,266.5,105,915
780410,268.75,271,268,269.25,520,1275
780411,271,271,268,269.5,1615,2415
780412,268.5,269.5,266.5,266.5,330,2690
780413,265.5,265.5,262,262,190,2880
780414,263.5,267.5,262,264.5,500,3145
780417,265.5,267,265,265,60,3165
780418,266,266.5,264,266.5,205,3230
780419,268,268.5,266.5,266.5,405,3280
780420,265.5,268,265,267,255,3485
780421,267,267,265,265,60,3500
780424,262,262,257,257,230,3565
780425,259.25,259.75,258.75,259.5,335,3725
780426,260.5,260.5,253.5,254,610,4055
780427,255.5,255.5,251.75,255.5,1070,4425
780428,256.5,257.75,256,256,445,4520
780501,255.5,255.5,251.5,251.5,270,4475
780502,252,252.75,251.5,252.75,555,4565
780503,251.5,253.5,251.5,253.5,1165,5125
780504,255.5,257.5,255.5,257.5,1325,5825
780505,259.25,261.25,259.25,261,1765,6605
780508,262.5,262.5,257,257,2380,6945
780509,256.75,260.75,256,260.5,430,7190
780510,260.5,261.25,258.5,261.25,730,7845
780511,261.5,264.75,261.5,264.5,3455,8775
780512,264,264.75,262.75,263,1285,9320
780515,266.25,268.75,265.5,267,1020,10045
780516,266.75,269.25,265,265,1235,10470
780517,265,268,265,266.25,1660,10270
780518,266.5,267.75,266,267.75,520,10765
780519,267.5,268.5,266.25,266.75,2305,11995
780522,267.25,267.25,265.25,266.75,975,12345
780523,271.5,275.25,270.25,275,1250,12770
780524,275,276.25,273,273.75,5555,14890
780525,273.25,279,272.75,278.5,3985,16895
780526,278.5,281,277,281,1750,17295
780530,281,285,279,285,2470,17580
780531,286,286.5,282,283,2905,18165
780601,281.75,281.75,278,278.25,2185,18455
780602,277.5,278.25,272.5,273,2010,19310
780605,273.5,276.75,272.5,276.75,1840,19265
780606,277.25,277.75,274,276,3530,20585
780607,275,276,272.25,272.5,1485,20955
780608,271.75,272.75,269,272,1025,20700
780609,272.25,273.5,270.5,270.5,980,21350
780612,270.5,272,270,271.75,1325,21870
780613,272.25,272.5,270.25,271,765,22115
780614,270.25,271.25,266.75,266.75,1640,22775
780615,267,267.25,264,266.25,1110,22825
780616,266,266.5,264,266.25,595,22735
780619,266.5,268.75,264.5,268.75,995,22870
780620,268.25,270.5,267.5,270.5,1855,23425
780621,272,272.75,269.25,269.25,2365,23770
780622,268.5,272.75,267.75,272.75,1670,23520
780623,272.75,274,270.5,272,865,23780
780626,273.25,273.25,270.5,270.75,1195,24395
780627,270.25,271.5,268.75,269,1905,24705
780628,267.25,268,263.25,263.75,1305,24845
780629,263.5,265,263.5,265,1415,25240
780630,265.75,266.75,265,266.5,1255,26015
780703,262,263.75,260,262,1940,26465
780705,263.25,264.25,261.25,264.25,1290,26705
780706,263.25,265.5,262.25,265.25,1365,26715
780707,264,264.5,262.25,262.5,695,26790
780710,262,264.5,262,263.75,630,26810
780711,262.5,262.5,260,261.25,2375,27205
780712,258.5,259.5,256.75,257,2345,27690
780713,256.25,258,256,256.25,2295,28015
780714,256.5,259,256.25,257.75,1585,28310
780717,257.5,257.5,254,255.75,4060,30110
780718,254.75,255.5,249,249,5490,31375
780719,248,251.75,246.25,251.5,4830,31970
780720,252.75,253.25,250.75,253,1835,32670
780721,252,253.25,248.75,252.5,4645,33565
780724,251.5,251.5,248.5,248.5,2555,33435
780725,246.5,248,246.25,247.5,3755,34000
780726,247.5,250.75,247.5,250.25,3880,34580
780727,250.25,250.5,247.25,247.75,1665,35170
780728,248.75,250.5,248.25,248.5,1885,35470
780731,248.5,249,246.75,249,1865,36320
780801,249,249,246.5,246.5,2195,37095
780802,244,244.25,240.75,241.5,4010,38170
780803,241,242.5,241,241.75,4535,39620
780804,240.5,242.25,240.25,240.5,3925,41465
780807,240,240,236,236,1755,41660
780808,235.75,239.5,235,237.25,1555,41635
780809,238.25,239,237.25,238.5,2045,42690
780810,238.75,239.5,237.75,238.5,2640,43175
780811,232,233.5,230.5,233,8430,45145
780814,233.25,238.25,233.25,236.75,5635,46390
780815,238,246.75,236.5,245.25,3380,47715
780816,240.75,242.25,238.5,238.75,4910,49140
780817,238,242.75,237.5,239.75,4225,49650
780818,240,243,239.75,242,3560,50445
780821,242.5,243,241.25,242.25,3230,50200
780822,242.5,243,240.75,241,2625,50340
780823,238.5,240.5,238.5,239.75,3695,51315
780824,239,244.5,238.5,242,3960,52200
780825,242,242.75,240.75,241.5,4835,51930
780828,240,240.75,238.25,238.5,3695,52045
780829,237.5,238.25,235.25,235.5,4550,52340
780830,235.75,238.75,235.5,237.25,3820,52130
780831,237.75,238.25,236.25,236.25,2410,52205
780901,235.75,237,235.75,237,1875,52640
780905,235.5,236,235,235.5,3110,53240
780906,235,235.75,234.75,235,5655,53995
780907,235.25,238.5,235.25,236.5,5820,55550
780908,236.5,237.5,235.5,237.25,4130,57145
780911,237.25,240.25,237,238.75,7520,58900
780912,238.5,239.5,238.25,239.25,5430,60930
780913,237,239,236.5,237.5,6680,63835
780914,237.75,238.75,236,236,3945,64625
780915,235.5,235.5,232.25,232.25,12335,69005
780918,233.5,235,233,233.25,6080,70565
780919,234.5,236.5,234,236.25,7190,72605
780920,238,239,237.25,239,7920,76030
780921,237,238,235.5,235.75,9720,78960
780922,235,237,234,235,5780,79510
780925,234.25,236.25,233.75,236,6125,81050
780926,236,237,235.5,236.5,4040,81845
780927,237,239.5,236.75,238.75,8205,84185
780928,239.25,242.5,239,242,14835,89790
780929,242.75,243.5,241.25,243,11330,92985
781002,243,246.25,243,245.75,9385,94140
781003,246.5,246.5,243.5,244.25,6930,95675
781004,245,245.75,244.25,245,8070,96285
781005,245,245.75,244.25,245,7250,99925
781006,244.5,244.5,242,242,7230,100335
781009,242.5,246.25,242.25,245,8680,102810
781010,246,248,244.25,244.5,10600,103075
781011,244.25,245.75,243.5,245.5,5365,103810
781012,243.5,249.75,242.75,249.5,13735,107215
781013,250.5,250.5,247,247.25,12910,109880
781016,247.75,249.5,246.75,249.25,9810,113160
781017,250.25,250.25,246.5,246.5,10785,114080
781018,246,246.25,244,244.5,12395,116380
781019,244.25,246.25,243,243.25,9550,116900
781020,242.75,243,241.5,242.75,10025,119475
781023,242.25,245.5,242.25,244.75,7675,119765
781024,244.75,246.5,244.75,246.5,9400,120985
781025,248.5,249,246.75,248.5,12865,122025
781026,249,254,248,252.75,18845,125315
781027,252,256.25,251.5,253.75,18740,126760
781030,255,255.5,250.5,250.5,16120,126755
781031,250,251,248.75,249.75,13855,127830
781101,247.75,251.5,247,248,11175,128955
781102,248.5,251,248.5,250,9780,130055
781103,250.5,251.25,248.75,250,6040,130375
781106,250,251,247,247,15790,133435
781108,248.5,249.5,246.75,247.25,10005,132655
781109,246.5,246.75,243.75,244.5,13200,133675
781110,245,246.75,244.5,244.75,11300,135180
781113,245.25,246,243,244.75,15550,137530
781114,244.5,245.5,243.75,244.25,7735,138565
781115,243.75,244.75,242,242.75,19080,141975
781116,242.75,244.25,242.25,244.25,13395,146360
781117,244.75,245.75,244.25,244.5,11715,145760
781120,244.25,245.5,244,244,10645,145370
781121,244.5,246,243.5,245.5,12265,147335
781122,246.25,247.5,246,247.25,11305,145915
781124,250,250,247.5,247.75,15790,146915
781127,247,247.5,246,246,8590,147825
781128,246.25,246.25,244,244,14335,149255
781129,244,245.25,243.5,244,18800,146825
781130,245.75,246.75,244.75,246.25,19475,151230
781201,247,247.75,245.5,246.75,16080,151615
781204,246.75,247,244.75,244.75,8720,150775
781205,244.5,245.25,243,243.25,19105,151680
781206,243,244.5,242.75,243.25,12845,153250
781207,243.5,244.5,242.75,244.25,8775,154090
781208,244.5,245.25,243.25,245.25,10240,155205
781211,244.25,246,242.5,242.75,17630,158885
781212,242,242.5,240,240.75,25220,158110
781213,241,241.75,240,240,13475,159695
781214,240,240,237.75,238.5,17755,157015
781215,238.75,240.25,238.5,239.75,15345,154510
781218,242,242.75,241.25,242.25,14680,154660
781219,242,242,241,241.5,11980,153845
781220,241,241.25,240,240,11635,154340
781221,239.75,240,238.75,239.25,9695,154800
781222,240,240.75,239.75,239.75,9805,154065
781226,239.75,241,239.5,240.5,7345,153995
781227,240.5,241,240.25,240.25,5435,154850
781228,240.25,242.25,240.25,241.25,12470,157625
781229,242,242,240.25,240.5,7310,157020
790102,240.75,241.25,240.25,240.5,7435,153600
790103,240,240.25,238,238.25,12685,154480
790104,238.25,238.75,236.75,236.75,11555,153770
790105,236.75,237,236.25,236.5,9390,152270
790108,237.25,238.5,237,238,7310,150850
790109,238.75,239,237.75,237.75,20790,149160
790110,238,238,237.5,238,6785,149135
790111,238,238.5,237.25,238.25,13465,145425
790112,239.25,242,238.5,240.75,24575,146630
790115,241.75,242.5,241.75,242,10860,146845
790116,241.5,241.75,240.25,240.25,15790,149655
790117,238.25,239,237.25,238.5,20315,151265
790118,239.25,239.5,238.5,239.25,10920,152670
790119,239.75,241,239.25,240.75,14975,153030
790122,242,242.75,241.5,242,20690,158510
790123,242.5,243.25,242,243.25,25090,164285
790124,244,244.75,243,244,32325,169825
790125,244,244.75,243.25,243.25,24665,169930
790126,243,243.25,242.5,243,17130,173065
790129,242.5,243.25,242.25,242.75,19185,173740
790130,243,243.75,243,243.75,12595,176310
790131,244.75,244.75,243.25,243.25,19865,180675
790201,243,243.25,242.25,242.25,10515,182315
790202,242.75,243.25,242.25,243,9055,184115
790205,244.75,245.75,244.5,244.5,30255,186445
790206,245,245,243.25,243.75,16205,188350
790207,245,245.5,244,245.5,23105,193240
790208,245,245.5,244.5,245,23735,196915
790209,245.5,248,245.25,247,37685,201250
790212,246.5,246.5,245.75,245.75,21750,202770
790213,245,245.25,244,244.75,28105,205530
790214,245.5,247.5,245.5,247.25,19210,207430
790215,248,248.25,247,247.25,42830,212735
790216,249,249.25,247.5,247.5,37575,216220
790220,248,248.5,246.5,248.25,44555,223085
790221,248.25,249.25,247.75,249,57940,233915
790222,250,250.75,249.5,249.75,62375,244635
790223,249.75,250,248.75,249,43525,250650
790226,248.25,248.25,247,247.25,47680,255315
790227,247.5,248,245.5,246.75,66950,269635
790228,246.75,247.75,246.5,246.75,77285,279170
790301,246.5,247.5,246,247.25,62135,284130
790302,247.75,248.25,246,246.25,69725,284540
790305,245.75,247.25,245,247,63345,281215
790306,247.75,248.25,246.5,247,81050,298050
790307,247.75,248,246.75,247.5,56015,297780
790308,247.5,247.75,246,246.25,52990,296380
790309,246.25,246.5,245.75,246,42965,293030
790312,245.75,245.75,243.75,244.25,75845,285035
790313,244,244.75,243,243.25,76185,281955
790314,243,243.5,242.5,243,63690,279675
790315,243.25,245,243.25,244.75,48470,279655
790316,245,246.5,244.75,245,69885,280560
790319,245,245.5,244,244.75,40385,289170
790320,245,247.25,245,247,58415,290770
790321,246.75,247.25,246.25,246.75,52205,292475
790322,247.25,248,246.75,247.5,53045,284605
790323,247.75,249.25,247.5,248.5,65490,282800
790326,249.25,250.5,249.25,249.75,74380,286790
790327,249,249.25,247.75,249,51995,289300
790328,249,251.75,249,251.5,58035,286320
790329,250.5,251.75,250,250.25,64135,280375
790330,250.5,252,250.25,251.5,50075,280735
790402,251.75,253,251.5,252,48485,278470
790403,251.25,251.75,249.5,249.5,72880,272360
790404,249.75,250.75,249.25,250.75,50925,269120
790405,250.75,251.75,250.25,251.75,69025,276805
790406,251.5,254,251.5,254,70080,274645
790409,253.25,254.5,253,254,59530,273400
790410,253.25,253.25,252.25,252.75,46865,265555
790411,252.75,254,252.5,254,53060,254280
790412,254.25,255,252.75,254.25,56340,243735
790416,253,253.5,252.75,253,59200,226675
790417,253.5,256,253.5,255.75,53225,219215
790418,256,256,253.75,254.25,55310,213980
790419,253.5,253.75,252.25,252.5,48010,199080
790420,252,252.5,251.5,252.25,37910,189825
790423,251.75,253.5,251.5,253.5,38570,179480
790424,253.75,256,253.75,256,72325,168140
790425,255.75,257.5,255,257.5,68090,160080
790426,256.5,257,255.75,256.25,57600,144550
790427,256,259.5,256,258.25,87975,130025
790430,258,260,257.75,259.25,84765,99940
790501,259.5,261.25,259,261,68750,78700
790502,261.5,270.75,261.5,265.25,58020,57270
790503,268,268.5,265,265.25,45615,45085
790504,266.5,268.25,265.5,267,28635,31365
790507,265,265,259,259.75,26810,20425
790508,259.5,261.5,258.5,261,16065,17590
790509,263,265.75,262,265.25,11390,17145
790510,267,268,264.5,265.5,6325,13625
790511,267,267,261.5,261.75,7075,9240
790514,262,262.25,259,259.25,7100,9730
790515,259.5,259.75,257.25,257.75,5745,8820
790516,258,258,255.5,257.25,4290,7845
790517,257,260.5,255.5,260.25,1825,4995
790518,262.5,262.5,259,259.5,3135,4420
790521,259.5,262.5,259.5,261.25,2950,4630
