790522,290,290,287.5,288.5,150,150
790523,287.5,289,286.75,287.75,35,175
790524,286.75,287.25,286.25,286.5,45,200
790525,286.75,286.75,285.5,286.5,110,285
790529,288.5,290,287,290,25,305
790530,289.5,289.5,288.5,289,155,235
790531,290,290.75,290,290,110,275
790601,290,290.25,288.5,289.25,45,290
790604,290.5,293.75,290.5,293.5,390,610
790605,293.25,293.25,292,292,85,685
790606,290.5,295,290.5,294.5,1785,1980
790607,294.5,296.5,294.25,294.5,215,2075
790608,295,302,295,302,575,2475
790611,304,311,303.75,305,805,3045
790612,304,307.5,302.5,303.5,600,2915
790613,304.5,311,304.5,311,505,3180
790614,317,318,315,316.5,675,3105
790615,316,319.5,313.5,319.5,2400,3155
790618,318.5,319.5,312,312,1015,3380
790619,313,319,312,314.75,705,3415
790620,316,323.5,316,322.5,905,3820
790621,327.5,330,326,329.5,1205,4560
790622,333.5,337,331,335.5,2510,6440
790625,325.5,333,325.5,330.5,1865,6370
790626,332.5,334.5,329,333.25,645,6645
790627,332.5,332.5,323.25,324.5,1480,6530
790628,326,326,314.5,314.75,2470,6205
790629,309.5,321,309.5,318.5,835,6395
790702,322.5,326.5,320.5,326.25,900,6590
790703,329.5,329.5,323,326.5,2250,7365
790705,327.5,336,327.5,336,1170,7600
790706,337,341,330,330,1765,8200
790709,331.5,337.5,331.5,336.25,1880,9060
790710,336,336,328.5,329.75,5345,11045
790711,329.5,334.5,327,334.5,4245,11865
790712,331,332.5,324.5,324.5,4000,13505
790713,323.5,330.5,322,330.25,4240,13355
790716,329.5,332,323.5,325.5,4795,14730
790717,326,331,324,331,8755,16730
790718,335,336.5,333,335,4095,18190
790719,331.5,332,325,327.5,2830,19800
790720,328,332,327,332,2065,19645
790723,329.5,329.75,322,322,4545,20330
790724,318,318,312,314.5,5325,20950
790725,312,312,307.5,307.75,8425,23500
790726,308,311.5,305.5,307.75,4530,25955
790727,309.5,309.5,297.75,297.75,4450,27655
790730,292.5,293.5,287.75,288.75,14115,33760
790731,291,297,291,292.25,8355,37285
790801,296,298.5,294.5,297,4875,37370
790802,297.5,297.5,288.25,288.75,5525,38750
790803,288,293,286.5,293,5720,40680
790806,288,291.5,286.5,291.5,3825,40885
790807,291,292.75,288.75,289.5,3265,41200
790808,290.25,292,287.5,292,2725,42215
790809,293,293.75,289.75,293.5,1435,42200
790810,294,294.75,292.5,294.25,1720,42420
790813,288,289,286,288.5,4740,44030
790814,291.5,298.5,291.25,298.5,4090,45270
790815,298.75,303,295.5,299.5,2955,44940
790816,297,304,297,303.75,3630,45240
790817,301.5,304.25,300.5,302,1775,45740
790820,301,302.25,300,301.5,2520,45885
790821,302.25,309.25,301.5,309.25,3160,46025
790822,309,309.5,303.5,304.5,3370,45945
790823,301.5,304,300.5,302.5,3720,46705
790824,303.75,307,303,305.5,1940,46415
790827,305,308,302.5,303.75,1395,46285
790828,304,304,298.5,302.5,2380,45910
790829,302,307.5,301.25,306.5,4720,46905
790830,307.75,309,305.5,305.75,4435,48005
790831,303.5,306,303.5,306,3960,49310
790904,305,305,296,296,3790,48995
790905,293.5,297,290.75,296.5,7270,51190
790906,295.25,297,293.25,293.75,5495,51605
790907,294,294.75,291,294.75,4740,51115
790910,292.5,300.5,292.5,300.5,3010,51760
790911,298,299.75,296.25,296.75,4180,51720
790912,296.5,298.75,296,298.5,6280,52925
790913,302,308.5,300.5,306.5,6050,53260
790914,302.5,307,301,301.5,6570,56395
790917,300,306,299.5,302,2120,56730
790918,306,309,303,304.25,6000,57185
790919,303.75,305.75,302,303.5,3000,57915
790920,306.5,308,305.25,307,4100,58490
790921,305.5,306,303,306,6480,59905
790924,306.25,308.25,305.5,307.5,4130,62185
790925,307,307.25,301.5,302.25,7570,63370
790926,300.75,303.5,299.25,301.25,4155,63820
790927,306.5,311.25,304.75,310.5,5810,64730
790928,309.5,310.75,307.25,308,4625,65510
791001,311.5,318,311.5,317.25,5830,66820
791002,322,322.25,309,315,8150,66590
791003,314,317,309.5,316.75,7950,67980
791004,315,322,314.25,318.5,6920,68555
791005,318.5,319,314,314.25,17140,71070
791008,311.5,313,310.5,312,4090,71440
791009,316.5,316.5,308.75,309.75,7890,71540
791010,311,311.25,306,310.75,10030,71545
791011,309.75,310.5,307.75,309,4590,70755
791012,309,311.25,308.5,310.25,5860,69610
791015,309,309.5,304.5,304.75,8595,69990
791016,303,306.25,300.25,305.75,12285,70255
791017,306,308.5,305,308.5,5300,71230
791018,308.5,309.5,306.75,308,3010,71125
791019,308.5,314.5,308.5,314,12345,71770
791022,313,315.5,311,315,14655,74400
791023,316,316.25,313.5,314.25,14035,77070
791024,310.5,312,307.2,309.75,16400,78610
791025,309,309,304.5,304.5,13675,78755
791026,303,303,296,296.25,20980,82020
791029,294.5,299.5,294.5,297.5,14805,83435
791030,298.5,299.75,296,299.5,11975,84905
791031,302,303,300,300,5915,84820
791101,299.25,299.25,295,295.75,9595,85355
791102,294.75,297.75,294.5,297.5,9040,87965
791105,298.5,300.5,297.25,299.25,9430,88875
791106,299.75,300.5,295.5,295.75,8325,90380
791107,295.75,296.75,293.75,296.25,11770,92045
791108,298.5,298.5,295.5,295.75,3980,91130
791109,296.5,296.75,294.5,295.75,8815,90315
791112,295.75,300.25,295.75,298.75,11100,91495
791113,301,304,299.5,302,15440,93985
791114,304,309,304,308.75,15670,95730
791115,308,308.5,305,307.5,12460,94375
791116,307.5,308,305,305.75,12595,93275
791119,305,308.5,304.5,307.75,12085,96450
791120,308,312,306.75,310.25,19770,98635
791121,314,314.5,311,313.25,13600,102620
791123,313,314,311.5,311.5,6825,103555
791126,310.75,310.75,305.5,307,13300,107255
791127,306.5,308.75,306,307.25,7605,108725
791128,310,310.25,303.5,307.25,12385,107535
791129,306,306.5,304.25,305.25,11500,109540
791130,307,309.5,304.5,309,14285,112530
791203,309.25,310.5,306.5,307,9825,113405
791204,306.5,308,304.5,307.25,8675,114970
791205,306,308,305,306,12075,115515
791206,305.25,306.5,303,303,11925,116170
791207,303,305,302.75,303.75,6155,116480
791210,303.5,304.25,301.5,303.75,10300,118170
791211,305.75,307.5,305,307,10465,119675
791212,306.25,306.75,305.5,306,7255,123020
791213,306.25,307,304.25,304.5,8755,119610
791214,303,305,302.75,304.5,9480,119880
791217,304.25,304.25,302.5,302.5,11140,121575
791218,301.5,303.25,301.5,302,9330,123150
791219,302.5,304.75,302.25,304,11880,127035
791220,303.5,305.75,303.25,305.75,9675,128970
791221,306,306.75,305.5,306.5,9450,132320
791226,307,313.25,307,313,16390,132725
791227,312.5,313.5,309.25,310,28060,135365
791228,309.5,313,309.5,312,21265,141385
791231,311.5,312.5,309.75,310.5,15780,139725
800102,310.5,312,307.75,308,20545,138925
800103,306.5,308.75,304.5,308,24630,138520
800104,307,308.5,305.5,306.25,18120,139055
800109,296.25,296.25,296.25,296.25,2210,140505
800110,289.25,290.5,286.25,289.25,50585,136940
800111,290.5,295,290,294.75,50390,135060
800114,292.5,292.75,288.75,292.75,23900,136390
800115,293,294,292,293.25,16945,139060
800116,289,294.25,289,290.75,32560,145610
800117,291.25,298.5,290.5,297.75,29745,145040
800118,297,297.25,294.25,294.25,21415,146455
800121,294,296.5,292,292.75,28215,146180
800122,291,293.5,290,291.75,19225,146640
800123,293,297,293,296.25,22310,146905
800124,295,296,293.25,294.25,20970,155195
800125,294.5,295.25,292.5,292.75,14680,154680
800128,293,296.75,292.5,294.25,16790,154835
800129,295,295.75,294.25,295,10360,154665
800130,296.5,298.5,296.5,297.75,23675,156750
800131,297,297,295.25,296.75,24360,159060
800201,297.5,298.75,296.25,298.25,16410,159905
800204,299,303,298,301.25,28025,159675
800205,301.5,301.5,299.5,300,19915,159860
800206,300.25,303.25,298,298,27935,160595
800207,298,298.75,296.5,297.25,16590,162830
800208,298.5,298.5,296.25,296.5,14505,162020
800211,296.5,299.5,295.75,298,18850,164460
800212,298,298,296.25,296.75,21890,167355
800213,297.25,299,296.75,298.5,25695,173340
800214,298.5,299.5,296.5,296.5,30185,180115
800215,296.5,297,295,295.75,27130,182305
800219,296,296,293.75,293.75,34750,186015
800220,293.5,295,293.5,294.25,23075,184320
800221,294.5,295.75,294.25,294.5,21250,184725
800222,294,294.25,292.25,293,25950,187510
800225,293.25,295.75,293.25,294.5,24090,192290
800226,295.25,295.5,293.5,293.5,23050,196850
800227,292.5,293.5,291.5,291.75,40165,199990
800228,291.25,292.75,290.25,290.25,45690,202230
800229,290.25,290.25,287,287.25,34590,207245
800303,286,286.75,284.25,284.5,30100,205880
800304,287,290,286.5,287.5,58665,209645
800305,288.25,289.5,287.75,288.5,26435,211395
800306,288.25,290.5,286.25,286.25,29585,212640
800307,286.25,287.75,285.25,286.5,32490,217005
800310,285.75,286.25,281.75,284,40495,217260
800311,284,284.75,283,283.25,35170,223205
800312,284.5,286.5,283.25,285.75,47875,226475
800313,285.2,285.5,283.25,283.5,20820,224390
800314,282.75,287,282.5,286.25,36285,224090
800317,284.5,285.5,282,284.75,26935,223670
800318,284.75,286.25,283.5,283.75,20820,224575
800319,284.5,286.5,284.5,285.75,23925,227210
800320,286.25,287.75,283.25,283.5,41785,232300
800321,283,284,281,281.25,32120,230245
800324,280,282,277.75,278.75,42335,226135
800325,279,280,278.5,278.75,28945,224645
800326,278.25,278.75,276,276.25,45385,228260
800327,271.5,273.75,269,271.25,56660,227140
800328,271.5,274.5,270.75,272.5,41760,227720
800331,273,274.25,269.25,270.5,32545,226195
800401,270.75,274.25,269.25,274,48670,230185
800402,274.5,276.75,274.25,276.5,59140,230975
800403,277.75,281.25,277,280.5,67045,235745
800407,281.5,282,279.5,279.75,40060,234925
800408,281.5,284.5,280.75,284.25,48885,233170
800409,286.5,287,284.25,286.75,70840,237845
800410,285.5,285.5,281.75,282.25,46400,239675
800411,281.5,282.5,280,282.25,41680,245515
800414,283,283.5,278.75,279.5,59355,242165
800415,278,281.25,276.5,281.25,58255,244885
800416,283.5,284,281.25,282.25,52075,243100
800417,281.5,281.5,279.5,279.75,28805,245880
800418,277,279.25,277,278.25,31940,247405
800421,277.5,282.25,276.5,281.5,54025,253220
800422,280.75,281.75,280.5,280.75,35455,252590
800423,280.25,281.5,279.25,279.5,38495,256210
800424,280.25,280.75,279.5,280,28705,258030
800425,284.5,285,282.25,282.25,61820,262625
800428,280.25,281,278.5,278.5,64970,264570
800429,279.5,280,277.5,278,82330,264910
800430,277.75,279.25,276.75,278.5,91205,272855
800501,278.75,279.75,277.5,277.75,55380,272410
800502,277.5,279.75,277.5,278.5,67490,263635
800505,281,288,281,283.5,126030,267130
800506,283,284.75,282.5,282.75,63125,268830
800507,283,284,281.5,281.75,66835,280825
800508,283.5,287,282.75,284.75,85745,289330
800509,284,284.5,282.5,283.25,56630,292770
800512,278,280,276.5,276.75,101455,295455
800513,278.75,279.5,277.5,279,55405,292440
800514,279.5,281.25,279.25,279.75,49810,295940
800515,280.5,282.25,278.75,282,52815,298295
800516,280,280.75,278.25,278.5,67850,299990
800519,279,280.5,278.5,279.25,53355,298970
800520,280.5,280.75,278.75,279.75,42710,301100
800521,280.25,281,278.25,279,47105,304360
800522,279.75,280.75,279,279.5,50265,305145
800523,279.5,279.75,278.25,279.5,45685,304125
800527,279.75,281.5,279.25,281.5,56975,301820
800528,282,282.5,279,279.25,61310,299610
800529,278.75,278.75,275,275.25,120800,292260
800530,275.25,277.25,274.75,276.75,57610,289375
800602,276.75,276.75,273.5,273.75,77830,287145
800603,274.25,275.75,273,275.5,81750,281320
800604,276,276.5,274.75,275.5,34780,280170
800605,275,275.75,273.5,273.75,52120,277700
800606,273.5,274.5,273.25,273.75,33300,278235
800609,274.25,275.75,273.75,274,49345,269810
800610,275.25,276,274.25,275,49620,263165
800611,275.75,277.25,275.5,276.25,82695,251865
800612,276.75,277.5,275.75,277.25,75840,242090
800613,277.5,279,277,278.75,81330,227190
800616,280.5,281,278,280.5,64210,216305
800617,279.75,281.75,279.5,279.75,56995,207910
800618,280,281.5,279.25,280.5,52545,199440
800619,281,282,279.75,280,56495,192925
800620,281,281.75,280,280.75,52085,187490
800623,281.5,283.5,281.5,283.25,58010,186070
800624,284,284.75,282,283.75,63230,171535
800625,284,284.75,283,284.75,47300,157775
800626,285.25,285.25,283.75,284,58200,146010
800627,283,283.5,282.25,282.75,72600,130075
800630,282,284.5,281,284.5,73325,103235
800701,284.5,289,284.5,288.75,46825,81720
800702,290,296.75,290,294.5,43035,72120
800703,293.5,296,291.75,296,32485,61430
800707,299.5,303.75,294.5,295,33135,50240
800708,296,298.5,294,298,25790,41255
800709,294.5,296.5,293,293.25,21405,30570
800710,296,299.5,296,299,12515,27970
800711,303,307.5,302,305.75,6685,25085
800714,315.75,315.75,315.5,315.75,7650,23210
800715,325.75,325.75,308.5,316.5,12235,18605
800716,317,319.5,314,317.75,9200,17665
800717,323,327.5,320.75,325,8435,16870
800718,324,324.5,321,322.75,6700,11675
800721,320,321.5,313,317,3435,9230
800722,319,319,314.5,315.5,2825,3545
