810526,378,383,376.5,383,320,335
810527,383,385.25,383,383,565,745
810528,385.5,385.5,382.25,382.25,335,980
810529,382.5,385.25,382.5,384.25,10,990
810601,385.5,385.5,380,380,270,1135
810602,379,382.5,379,379,250,1220
810603,379.25,379.25,373.5,373.5,105,1255
810604,373.5,374.75,371,373.5,335,1525
810605,375,375.25,371,371,95,1500
810608,377.75,377.75,372.5,373.5,650,1860
810609,373.75,376.5,373.75,376.5,140,1965
810610,379,381.75,379,381.75,325,1990
810611,380.5,380.75,378,378.5,90,2020
810612,379.75,383.75,379.75,383.5,130,2010
810615,385.5,389,385.5,388,375,2210
810616,386.5,387.5,386,386.5,140,2270
810617,385.75,385.75,383.5,384,75,2285
810618,381.5,384.5,381.5,383.5,365,2380
810619,384.5,386.5,384,384.25,780,2415
810622,385.5,389,383.5,383.5,240,2430
810623,384,384.5,382,382.25,140,2530
810624,382.5,383.5,381,381.5,295,2530
810625,381,382.5,373.5,374.75,1770,3375
810626,374.25,375,370.5,371,1065,3875
810629,370,370,365,367.5,535,3900
810630,368.5,373.75,366.5,371,870,4180
810701,373,378.75,373,378.75,1435,4595
810702,378.75,380.25,375.25,380.25,1075,5050
810706,376.5,390.25,376,390.25,1385,4980
810707,389.5,392,387,387,1710,5400
810708,388.5,393.75,388,390,2085,5695
810709,387.5,389.25,385.25,386.75,1605,6265
810710,387.5,391.25,387.5,391,3470,7655
810713,397.5,399,394,399,1570,8175
810714,389,394,389,390.5,2055,9105
810715,386.75,388,385,388,3045,9855
810716,389,389,384,386.5,1810,10550
810717,385,387.5,382,382,1900,11095
810720,373,376,372,372,3240,11950
810721,372,375.5,369.5,375.5,3530,13415
810722,377,382.5,376.5,381.5,2040,13305
810723,379,384,379,382,3965,14475
810724,382.5,384.5,382,382,1440,14780
810727,381.75,381.75,377.75,378,2260,15400
810728,376.25,384.25,376,381.5,5580,15395
810729,382.25,382.5,378,378,3840,14195
810730,377.75,380.75,374.25,374.75,3145,14285
810731,376,379,373.75,377.25,2150,14395
810803,373.75,377,373,375.75,3320,15380
810804,376,379,375.5,377.25,6500,16580
810805,377,378.25,370,370,5015,16075
810806,372,372.25,370.25,370.75,5840,16215
810807,373,373.5,367,368.25,3670,16010
810810,363.5,364.75,361,362.75,3610,17670
810811,363.5,365,362,362.75,3385,17065
810812,364.25,364.75,360.75,362,1800,17200
810813,352,353,352,352,1405,17705
810814,353,353.5,342,347.75,6755,18160
810817,351.5,353,349.25,352,4840,19470
810818,353.25,354,348.5,349.25,6125,20635
810819,348.5,350,345.25,349.5,7075,20775
810820,349,351.5,347.25,349.5,2765,21530
810821,346,347.5,339.5,339.5,4675,21255
810824,336,336,331.5,334.75,7230,22695
810825,333.75,338,332.5,333.5,6965,23215
810826,335.75,338,335.75,337.25,4120,23835
810827,336.25,336.25,330.25,332.5,5015,23900
810828,335,338,333.25,336.25,3995,23235
810831,339.5,341.5,335,341,5725,22845
810901,339.5,344.75,339,342.75,3705,22545
810902,343.75,344.75,341.5,342.25,1025,22585
810903,343,346,342.5,345.75,1660,22845
810904,345.25,345.5,338.5,339.5,3040,23300
810908,336.5,337.75,330.75,332.75,3595,23395
810909,332.75,334.5,329.25,334.25,4205,24070
810910,335.5,336,333.5,335,3440,23925
810911,334.25,334.5,331.25,331.5,3520,24925
810914,332.25,338,332,337,3380,24885
810915,337.5,339,335.5,338.75,2820,25180
810916,338,338.5,335.75,336.5,2430,25295
810917,334.5,336.5,331.75,334.25,2295,24755
810918,331.75,333.5,330.75,332,2575,25455
810921,330.5,332,328.75,329.25,3015,25320
810922,329.5,330.5,327.25,328,3415,25860
810923,328,328,324.75,325,5740,26605
810924,323.5,325.5,321.5,323.75,9220,28685
810925,324,325.25,320.5,321,8345,28775
810928,318,325,316.5,321.75,10755,29145
810929,323.25,325.75,323.25,325.75,5230,30035
810930,325.75,327,324.5,326.25,6925,31090
811001,328,328.75,323.5,324.5,4995,31720
811002,325.25,326,324.25,325.75,3335,32015
811005,328,331.5,327.75,331.5,7655,31640
811006,329,334.5,328.75,332.25,8280,31740
811007,332,332.25,328.75,329,9960,33205
811008,328.25,329.5,327,327,4500,32825
811009,327.5,328.75,326.5,328.25,4420,33890
811012,327.5,332.5,327,332,6145,34170
811013,332,335,330,335,6345,33840
811014,335,336.25,332.75,336,7325,37445
811015,335,335,331,331.25,8510,38720
811016,330.25,331,329,329.5,4735,39180
811019,329,331.25,328,330.25,8275,40555
811020,330.25,330.75,327,327.25,5880,40030
811021,325.5,329.75,325.5,327.75,6060,40335
811022,328.25,328.5,326,326.25,6825,41520
811023,326,328,325,328,9665,42810
811026,326.5,326.75,325.25,325.75,5410,43730
811027,326,326.75,325.25,325.75,5855,44335
811028,326.25,328.75,325.5,327.75,6290,45240
811029,329,329.5,327.25,327.25,6970,44600
811030,326.5,328.5,326.5,326.5,6145,45410
811102,326.75,329,326.5,328,5420,45510
811103,328.5,328.5,326,326,7185,46720
811104,326,326.75,325,325,5265,47465
811105,325,325.75,324.5,324.5,5150,47255
811106,324.75,324.75,321.5,321.75,9845,48315
811109,321.75,323.25,320.25,320.5,11160,48495
811110,320.25,320.75,316.25,316.5,10070,49720
811111,316.25,317.75,315.5,316.25,7860,49670
811112,316.75,320.25,316.5,318.75,8560,51085
811113,320.25,321,316.5,316.75,13880,55525
811116,315.25,316.5,314.25,315,8365,55785
811117,315.25,315.5,312.25,312.25,13845,58790
811118,312.5,314.25,310.25,310.5,10885,59515
811119,311.25,313,310.25,312.75,14920,61610
811120,314.25,315,312,312.25,12790,62275
811123,311.75,312,307.25,307.5,13880,61865
811124,307.5,308,302.25,302.25,19115,64285
811125,303.5,305,302.25,302.5,16495,66395
811127,303.5,304,299,300,15745,66290
811130,300.5,301,297.25,297.5,17565,68170
811201,297,302.75,294,301.25,28970,69035
811202,301.5,303.25,300.25,300.5,13010,69115
811203,300.25,302.25,300,300.75,8345,70700
811204,302.5,303.75,301.5,302,12960,73060
811207,301.25,301.25,294,294.25,17925,76015
811208,293.25,295,290,290.5,19795,77410
811209,291.5,292.25,286.5,289.25,21520,79715
811210,289,289.75,282.5,284.25,22625,78475
811211,285,288,283.75,287.25,17170,78500
811214,284.5,286.5,280,282,18180,77670
811215,281.75,282.5,277,277.75,15825,77830
811216,274.5,285,267.75,281.5,32410,85200
811217,283,287.5,282.25,284.75,19725,84240
811218,285,285,279.75,281.5,13515,84645
811221,280.5,283.5,278.75,280.25,9220,86000
811222,280.25,281,278.5,280.75,8305,85480
811223,277.5,280,277.5,279.25,9850,87375
811224,281,283.75,281,283.75,6125,88710
811228,284,291,284,290.75,10640,88990
811229,288,288.25,285,287,13390,88730
811230,285.5,287.75,285.25,286.75,5795,88960
811231,288,289.25,286.5,286.75,6060,89685
820104,288,289,287.25,289,10770,92440
820105,287.5,288,285.75,288,14730,94085
820106,290,292.5,288.75,292,14610,95660
820107,291.5,292.75,290.75,292,11760,95960
820108,293,293,289.25,289.25,12970,96155
820111,289.5,291,287.75,288,13825,96080
820112,286.5,287,284.75,286.5,17545,98950
820113,287.5,287.5,285.5,286.5,13145,100295
820114,287.5,287.5,285.5,286.5,12640,101010
820115,286.75,287,285,286,23615,102555
820118,286,288,285.5,287.5,14225,104190
820119,286,286,284,284.5,15490,106570
820120,285,285.75,283,285.5,23810,110710
820121,286.25,288.5,286,287.75,17725,112740
820122,287.5,289,287,287.75,11205,113670
820125,286.5,286.5,285,285.75,5125,112225
820126,287.5,288.5,287.25,287.5,8505,113285
820127,288.25,292.75,287.75,291.75,18050,113900
820128,290.5,292.5,290,291,22290,118865
820129,292,295,291.5,293.75,35005,124450
820201,293,299.5,292.75,297.75,32555,125350
820202,296.75,297.5,295.5,296.25,20975,127865
820203,296,296.25,294.5,296,17480,130820
820204,295.75,297.25,294.75,295.25,23650,129595
820205,294.75,295,293.25,293.75,20795,130280
820208,292,292.5,290.5,291,17605,132835
820209,289.25,292,289.25,289.5,21570,135055
820210,290.5,291.75,290,291.75,14875,135775
820211,293,293.5,291.75,292,15450,139515
820212,290.75,292,289,290.75,16340,140620
820216,289,290,287,289.75,18745,141670
820217,290.5,291,288.5,289.25,19195,141995
820218,289.75,289.75,288.25,288.25,17990,144795
820219,286.5,287.25,284,284.25,27665,146280
820222,285.25,286.25,283.5,284,23570,148470
820223,282.75,284,281.5,282.25,24055,148930
820224,282.5,283.5,281.5,281.75,24615,151445
820225,281,282.25,280,280.75,35365,153570
820226,280.25,283,279.25,280.75,34625,160890
820301,282,282.75,280.75,282.25,30860,164290
820302,283.75,284,281.25,283.75,17485,166645
820303,283.25,284.5,282.5,283.25,22750,166515
820304,282,283,281,281.75,30095,168530
820305,281.75,282.25,279,279.25,30410,165380
820308,278.5,278.5,275,275.75,63685,171230
820309,274.5,276.5,273.75,275.5,41555,179280
820310,276,277.5,276,277,24345,181135
820311,276,279.25,275.5,278.5,35470,182635
820312,277.5,277.5,274,275.25,32215,184790
820315,273.75,278,273,276.25,34755,181950
820316,276.25,278.5,275.25,275.25,21660,183420
820317,276,278.5,276,277.75,26235,183955
820318,278.75,281.75,278.75,280.25,31515,185230
820319,280,281.5,278.5,281.25,25000,190005
820322,281.5,283,281.5,282.25,23595,192005
820323,282.75,282.75,279.5,280,30205,194205
820324,279.75,281.75,279,281.25,22420,194120
820325,280.75,281.75,280,280.75,19335,193110
820326,279.75,281.25,279,281,22615,193145
820329,280.5,284.5,280,283.75,28125,196075
820330,285.5,285.75,283.75,284,39170,201370
820331,284.25,285,283.5,284.25,21700,198430
820401,285,285.5,284,284,30440,197780
820402,284,287,283.75,286,27715,200090
820405,288,290.5,287.5,290,38640,203285
820406,290,292.5,289,291,45915,202255
820407,290.75,290.75,288.5,288.5,32595,205585
820408,290,293.25,289.75,290.75,45825,212720
820412,290,291.25,288.75,291,36095,215760
820413,292.5,294.25,291,291.25,46765,217810
820414,292.5,293,289.75,290.25,45440,216805
820415,289.25,291.25,289,290.25,49910,217855
820416,290,290.75,289.5,290,30225,219395
820419,289.5,290.5,287.25,288.75,69155,218185
820420,289.5,290.5,289.25,290,58995,224160
820421,290,290,288.5,288.5,45330,226910
820422,287.5,287.5,286.25,286.5,52210,224130
820423,288.5,289.25,287.75,288.75,51180,229070
820426,289.5,290.5,288.5,289,54470,235475
820427,288.75,288.75,287.25,287.5,63925,238130
820428,287.5,288.25,286.5,286.75,70520,245920
820429,286.25,287.25,285.25,286.75,107235,262745
820430,287.5,290.5,285.5,286.25,162635,273360
820503,287,287,283.25,283.5,124680,266510
820504,283.25,283.5,281,281.25,115405,273965
820505,281.75,283.25,281,282,100190,272795
820506,281,281.75,279.5,281.25,110695,273330
820507,282,282.5,281,281.5,74880,272575
820510,281.25,281.25,279,279.5,93530,266085
820511,280.5,280.5,279.25,280,60985,265080
820512,279.75,280,279,279.5,60510,263700
820513,279.25,279.25,277.5,277.75,61960,260000
820514,278.25,279,277.75,278.25,70350,260940
820517,278.25,279,277.25,277.75,66020,264485
820518,278,278.75,277.5,278,51650,261385
820519,279.25,279.5,278,279,51380,261650
820520,279.75,281.5,279.25,281.25,69240,261490
820521,281,283.5,280.25,281.25,100660,257775
820524,280.75,281,279,279.5,62460,257130
820525,279,279.5,275.5,275.75,114635,258680
820526,276,277.25,275.5,276.75,63220,261550
820527,277,277.25,275.25,275.5,53515,259865
820528,275.75,276,274.5,275,58755,255840
820601,274.75,274.75,269,270.75,133320,243110
820602,271,272,269.25,271.25,85510,240775
820603,272,273.5,271.5,271.5,75560,234305
820604,271.25,272.5,269.75,270.5,59315,231430
820607,270.5,274.5,270.25,274.25,86100,222500
820608,274,275.25,273,273.25,69320,219905
820609,273.25,275.25,272.75,274.25,52720,221135
820610,274.25,276.5,274,275.75,72455,219105
820611,276.75,278,276.25,277.5,68105,217785
820614,275.75,276.5,274,274.25,64750,210255
820615,273.75,275.25,273.75,274.5,56260,206105
820616,275,276,274,274,65170,190535
820617,273,275.25,272.25,274.25,77155,173895
820618,275,275.25,273.75,274,50585,166045
820621,272.75,274,272,274,49070,158985
820622,274.25,275.5,273.5,275.5,43525,148015
820623,275.5,275.5,273.5,274.5,43730,139215
820624,275.25,275.75,272.75,273,56855,132175
820625,272.25,273,271.25,271.5,54795,122220
820628,270.5,270.5,268.5,268.5,86035,104935
820629,268.5,269.5,267.25,267.75,102965,82865
820630,266.5,267.75,265.5,265.75,51990,71560
820701,265.25,266,264.25,265.25,56530,61410
820702,265.75,266,263.75,264.25,32760,47980
820706,263.75,264,260.5,261,39500,40285
820707,260.75,263.25,260.25,262.25,32955,36930
820708,263.25,264.25,262.5,263.75,20585,30980
820709,265,265.75,263.25,263.75,14860,26925
820712,265,265,263.5,264.25,11435,22165
820713,264.75,267,264,266.25,12820,21140
820714,266.5,269,266.5,267.5,5815,17175
820715,269,271.75,269,270.25,8190,14025
820716,271.5,274,271,273,6200,8480
820719,273.5,273.5,268.5,268.75,5580,4885
820720,269.5,269.75,267.5,269,3710,2255
820721,270,270,266,267.5,2280,395
