820323,312,314.5,311.75,311.75,220,170
820324,311,312.5,310.5,312,325,300
820325,311.5,312.5,311,311.75,40,325
820326,310,313.25,310,312.75,295,430
820329,312,315.5,312,315.25,170,505
820330,316.25,317.5,315.25,315.25,270,645
820331,315,317,315,316,425,815
820401,317,317.5,314.75,314.75,320,1065
820402,315,319,314.75,318.25,700,1515
820405,320,322,320,321.5,820,1970
820406,320.5,322.5,320,321,610,2245
820407,320,320.75,318.5,318.5,405,2360
820408,319.75,321.75,319.25,319.25,770,2675
820412,318,319.5,317,318.75,1115,2945
820413,320,321.25,318,318,1135,3525
820414,320,320.75,318.25,318.5,505,3785
820415,317.75,320,317.75,318,565,4005
820416,318,318.75,317.5,317.5,315,4190
820419,317.5,318.75,317,318,745,4555
820420,319,321,319,320,720,4775
820421,319.75,320.5,317.75,317.75,600,4995
820422,317,317,315.5,315.5,480,5250
820423,318,318,315.75,317.5,535,5470
820426,317.25,318,316,317.25,550,5785
820427,316.25,317.25,316.25,316.25,380,6005
820428,316.25,317.25,315.25,316,425,6350
820429,314.25,316.5,314.25,315.5,470,6625
820430,316.25,318,313.25,313.25,1050,7400
820503,313,313.5,308.25,308.5,2015,7990
820504,308,308.75,307,307,1225,8335
820505,307,307,305.5,305.5,595,8755
820506,305,306,304.5,305.25,740,9050
820507,307,307.5,306.25,306.5,545,9390
820510,305,305,302.5,303.75,1265,9920
820511,304.5,305,303.25,304,650,10280
820512,303,306.75,303,305,665,10575
820513,305,306.5,303.5,303.5,655,10835
820514,305.5,306.75,304.5,306,525,11165
820517,306,307.75,305.5,305.5,1130,11430
820518,306,306,304,305.25,790,12015
820519,306.5,307.5,305.25,306.5,1090,12050
820520,307.5,309,306.5,307.75,1545,12210
820521,306.75,309.25,306.5,307.25,2465,12830
820524,306.5,307.25,306.25,306.5,1360,13180
820525,307.5,307.5,302,302,2060,13490
820526,303,304.5,302.25,303.25,1215,13905
820527,304,304,302,302.25,1065,14345
820528,303,303.5,302.75,303,720,14745
820601,303,303.25,300,300.5,2830,15310
820602,300.75,302.75,300,302,1625,15760
820603,303,303.75,300,300,3440,16635
820604,300,300.25,298,298,3480,17530
820607,298.5,301,297.5,301,945,17605
820608,300.5,302.25,300.25,300.25,320,17590
820609,300.75,302.75,300.75,301.25,570,17590
820610,301.25,302.5,301,302.25,475,17635
820611,303.75,307,303.75,306.75,2410,17875
820614,305.75,305.75,302.75,302.75,1185,17965
820615,302.75,303.5,300,300.25,835,17565
820616,301,301,297,298,1840,18070
820617,295.5,296,294,294.25,1615,18170
820618,295,297.25,295,295,2620,19000
820621,296.5,297,292.75,296.5,2275,19810
820622,297.75,298.75,296.75,298.5,1470,20055
820623,298.5,299.25,296.75,298,2520,20530
820624,299,300,299,299.25,1735,21620
820625,298.75,300,298.75,299,1355,22110
820628,298,298.25,295.75,295.75,3410,23580
820629,296,297,295.75,296,1345,23525
820630,293.5,294.75,291.75,292.75,3490,24090
820701,292,293.75,292,293.25,2535,24395
820702,294,294.25,290,290.5,3120,24915
820706,290,290,285,285.75,2950,25125
820707,284.25,286.5,282.75,282.75,5540,26305
820708,285,287,283.75,286.25,4475,27200
820709,288,289.5,287.75,288.5,4210,28515
820712,288.5,290.5,287.25,287.25,3135,29340
820713,287,289,286.25,288.5,1690,29700
820714,288,290,287.75,288.5,2820,30070
820715,289.25,290,287,287.25,1325,30125
820716,287.5,288.25,285.75,286,1655,30590
820719,285.25,285.25,283.5,283.75,2315,30950
820720,284,284.75,282.5,284,1905,31385
820721,285.25,286,284.5,285,1395,31670
820722,284.5,284.5,281.5,282,2955,32065
820723,282.25,282.75,279.25,279.75,4355,32280
820726,278.5,278.5,276.75,277.75,2475,32530
820727,277,279.5,277,277.75,2015,32675
820728,276.75,277.5,276,276.5,3310,32845
820729,275.5,279.5,274.5,278.75,9215,33295
820730,279.5,279.5,276.25,276.5,3900,33310
820802,277.5,278,276.25,277.75,2815,32855
820803,277.25,279.75,277.25,279,1755,32755
820804,278.5,281,278.5,280.5,1990,33320
820805,279,279,276.75,277,6315,34320
820806,276,276,272.5,272.5,4585,35210
820809,270,272,269.5,271.75,6655,37335
820810,272.25,272.75,269.75,271.75,3705,37975
820811,271.25,272.5,270.5,270.5,1855,38390
820812,261.5,262.5,260.5,260.75,9910,40550
820813,262,263.5,261,262,4190,40645
820816,263,263.25,255,255.25,7040,42400
820817,255.25,255.25,251.5,253,7890,44315
820818,257,258.25,255,256.75,10565,44365
820819,255.5,255.75,252,253,6990,45610
820820,254.25,254.75,251.75,253,7040,47020
820823,252.25,257.5,252.25,256.75,4315,47340
820824,258,260,257.75,260,4815,48055
820825,259.75,265,258,264,5445,48815
820826,264.5,265,257.5,257.75,8075,49200
820827,256.25,257,253,254,3635,49575
820830,252.5,252.5,250.75,252.5,5140,50060
820831,252.75,256.25,252.5,255.75,3400,50385
820901,254.75,257.75,252.75,255.25,3860,50310
820902,257,257.5,256.25,257.5,1360,50305
820903,258.75,259.25,255,255.25,2265,50835
820907,253.25,254,249.25,249.25,5570,51110
820908,248,249.75,248,248.5,6455,51510
820909,248,249,247.5,248,6485,53105
820910,247.5,247.5,244.75,245.25,3780,53615
820913,247.75,251,247,251,5235,55015
820914,252,253.25,249.25,252.5,4855,55485
820915,252,253,250.5,252,8000,54425
820916,252,252,248.5,250.5,5250,53790
820917,249.25,250.5,247.5,247.75,3725,54085
820920,245.5,248.25,244,248.25,7725,54850
820921,247.5,249,246.5,247,4955,54755
820922,247.5,247.5,245.25,245.25,4535,55065
820923,244,251,243.5,248.75,18140,59115
820924,248,254,248,253.5,19520,62100
820927,254,255.5,253,253.75,7800,63095
820928,254.75,255.5,250.75,251.5,10345,63690
820929,250.5,250.5,248.25,250,7265,63995
820930,249.5,250,247.75,248,6350,63845
821001,247.5,248,246.25,246.5,5835,64625
821004,245,245.75,243.75,244,8880,63480
821005,244.75,245.75,244.5,244.5,10495,64815
821006,245.5,246.25,245,245.25,6060,65170
821007,247,249.75,246.5,248.75,12265,65075
821008,248.5,249.25,246,246.75,9475,66305
821011,247.75,249.5,246.25,249.5,9010,65730
821012,248.5,248.5,246.25,246.25,9155,64305
821013,245.25,251.25,244.25,250.5,16750,66225
821014,249,253,247.25,247.5,12580,68240
821015,247.25,249.25,245.75,246,7415,69500
821018,245,247.5,244.75,245,7260,69320
821019,247,247.75,245.25,245.75,6865,71545
821020,246.25,248,246.25,247.75,5445,71845
821021,248.5,248.5,245.25,245.75,8400,73565
821022,243,243.5,241.25,241.5,14785,76155
821025,238.5,239.5,237,237.25,11030,77455
821026,237.75,239,237.25,238.75,9700,77515
821027,238.75,239,237.25,238.25,11670,78640
821028,239,240,238.5,238.75,18855,79715
821029,238.5,239,236.25,236.25,11100,80720
821101,238,238.5,236.5,236.75,10785,81745
821103,237.5,239.5,237.25,238,21390,86745
821104,238,240.25,237.75,240.25,16995,87680
821105,240.5,250.25,239.75,246.75,18910,87335
821108,245,254.25,244.75,248.5,30900,89750
821109,250.5,251,246.75,248.5,17560,89125
821110,249.75,250.75,248.75,250,16705,91105
821111,249.5,254.5,249.5,253.75,30905,92425
821112,253.75,254,250.25,250.75,12740,91685
821115,249,250.25,248.5,249,9400,91710
821116,249.5,253.25,249.25,251.25,14970,93695
821117,254,254.5,252,252.5,13435,97020
821118,254,254,250.5,253,26395,104950
821119,257.5,258,253,253.25,26110,109765
821122,253.25,255,252.25,252.5,22080,111255
821123,252.25,253.25,251.75,252.5,18175,111500
821124,253.25,254,252.5,252.75,10890,111945
821126,253,253.25,252.25,252.25,11745,115705
821129,253.5,253.5,248.5,248.5,18860,117320
821130,248.25,249.25,246.5,247.75,28815,120295
821201,247.75,248,246.25,246.25,14665,122150
821202,246.5,247.5,243.5,243.5,22650,121025
821203,243,245.25,242.75,243,18055,119300
821206,244.5,245.75,243.25,245.5,7990,119620
821207,247,249.5,246.5,249.25,13090,119330
821208,246,248.75,246,247.5,15490,117160
821209,247.5,251,246.75,250.5,25220,118845
821210,249.75,250.25,248.5,249.5,16425,118670
821213,250.25,251.5,250,251,13675,118785
821214,251.75,252.25,250.25,250.5,17030,118430
821215,250.25,250.5,248.5,250.25,14780,120875
821216,250,250,248.5,248.75,10690,121845
821217,248.25,249.75,248.25,249.25,12660,123140
821220,249.25,250,248.75,249.5,9725,125640
821221,249.75,250,249.5,249.75,6325,126910
821222,249.75,250,249.25,249.75,10695,131510
821223,250,250.5,249.75,250.5,6885,131045
821227,251,253,250.5,252.5,11275,130355
821228,253.5,255,252.5,254.75,9130,130545
821229,255,255,252.75,253.5,10045,132590
821230,253.5,253.5,252.5,253,5725,133990
830103,252.75,253.5,252.25,252.75,12185,136265
830104,252.5,252.5,251.25,251.25,14885,136980
830105,251.25,254,251,253,13750,136150
830106,252.5,254.75,252.5,254.25,19995,137625
830107,255.5,258.25,255.5,257,32290,141340
830110,258.25,261.25,258.25,259.5,26075,146170
830111,259.25,260.25,258.75,259.5,18155,147235
830112,260.25,266,259.75,265.5,43925,155325
830113,264,264.75,262.5,263.75,27695,156700
830114,261.75,266.75,261.75,265.5,35070,158085
830117,266.5,268.25,264.5,266.25,29815,159635
830118,264.25,265.75,263,265.5,21615,159000
830119,264.75,267,264,264.75,25020,158075
830120,264.25,265.5,263.75,264.75,23395,161295
830121,263,267.75,262.75,266.75,33980,170065
830124,265.25,270.75,264.5,268,33705,173420
830125,269.75,271.75,268.5,270.5,46230,175575
830126,271,273,270.5,272.5,34570,178825
830127,274.5,276,273.5,275.75,36665,182380
830128,275,275,272.5,272.75,43955,185850
830131,273,278,273,277,40945,191955
830201,278.5,280,277.75,279,41910,193555
830202,278.75,280.25,276.75,277.5,36435,194140
830203,278,278,275.75,277,34315,199225
830204,277,277.25,276,276.25,31455,199235
830207,275.75,275.75,273.5,273.75,34385,202045
830208,273.75,274.75,273,273.25,20670,199670
830209,273.75,277.5,273,276.75,46230,208495
830210,278.5,286,278.5,282.5,61870,209715
830211,284,284.5,282.75,284.25,39795,215205
830214,285,290,284.25,289.5,62610,220480
830215,290,290.75,287.75,288.25,84945,231485
830216,288,288.25,285,285.5,71665,233620
830217,285.5,289.5,284.75,288.25,66055,243885
830218,289,290,285.75,289,86345,248255
830222,287,289.75,284.75,285.25,108220,260040
830223,284.25,288.5,284,288,89755,268950
830224,289.5,292,289,290,108780,284865
830225,290,290.25,287.25,287.5,119115,292360
830228,283,284,279.5,281.5,180295,289175
830301,283.5,285,283,284,103870,295655
830302,286.25,288,285.25,287.75,102685,295315
830303,288,289,286.75,288.75,85615,294595
830304,287,290,287,289.25,102525,302445
830307,290,290.5,287.75,288.5,85155,304645
830308,287.75,287.75,285.75,286,92560,297940
830309,286.5,287.5,285.25,287.25,88830,304800
830310,288.5,289,283.5,283.75,117325,302315
830311,284,284.25,282.25,282.75,112495,299045
830314,283.75,287.5,283,287,97250,295025
830315,287,288,285.5,287,81650,300175
830316,286.25,294.5,286.25,292.25,148940,299035
830317,292.75,296.75,292.25,295.75,106995,297845
830318,295.5,296.5,294,295.75,82085,294670
830321,295.75,300.25,295.75,299.75,111815,285710
830322,300.5,301,298,300.75,102655,278775
830323,308.5,310.5,306,308.75,139250,279530
830324,308.5,308.5,303.5,305.5,129420,270435
830325,306,306,303.75,304.25,71370,268995
830328,305,311.75,305,311,99555,265090
830329,312.5,315.5,312.25,313.75,104745,262230
830330,313.5,313.5,309.25,310.25,136140,250445
830331,311,313,310.25,312.75,71825,246170
830404,315,317.25,315,316.25,77305,245045
830405,316.25,316.25,312.5,313,87300,244105
830406,312.25,312.75,308,309.75,95855,239235
830407,309,311.25,307.5,311,80105,234985
830408,311.75,314.75,311.5,314.75,59620,230080
830411,316.5,318.75,314,315,97700,219950
830412,314,314.25,311.75,313,67510,215160
830413,313,315.75,313,315.25,72565,208700
830414,316.5,317,311.25,312.25,89470,194675
830415,311.75,313.5,310.25,310.75,63160,183180
830418,311,312,308.25,310.5,55705,177080
830419,311.5,312.25,309.5,310.25,53815,160190
830420,309.75,310,305.25,305.75,55225,150190
830421,305,307.25,304.25,306,48100,143880
830422,311,315.25,311,314.25,66315,134635
830425,313.75,313.75,311.5,312.25,45380,119375
830426,311.75,314.25,310.75,314,51400,110360
830427,315.5,317.5,314.5,315.25,97220,86240
830428,314.5,316,314,314.5,81170,64480
830429,316.5,318,316.25,317.25,43030,51335
830502,319,319,317,317.75,23600,41565
830503,316.75,319.25,316.75,317,17590,38565
830504,317,318.25,316,318,12400,35610
830505,318.25,319,317.25,318.75,15780,32575
830506,319,319.25,316,317,15145,26400
830509,316.5,316.5,314,314.5,10625,23110
830510,314,314.25,312.75,314,12100,15265
830511,311,311.5,304,304,17560,13250
830512,300,301.75,297.25,299.5,11800,7975
830513,303,303,299,299.75,3885,5210
830516,299.5,301.5,298.25,301.25,5210,4595
830517,303.5,307.5,303.5,306.75,3900,3545
830518,308.5,312.25,308.5,312,3500,2175
830519,315.5,315.5,311,311,1495,1280
