821223,279.75,280.75,279.25,280.75,215,300
821227,281.5,282.5,281,282.5,210,390
821228,283.5,285.5,283,285.5,415,600
821229,285,285.25,283,285,425,760
821230,284.25,284.5,284.25,284.5,100,795
830103,284.5,286.75,284.5,285.25,670,1135
830104,285,285,284.25,284.25,205,1155
830105,283.75,287,283.5,286.25,1175,1695
830106,285,288.25,285,286.75,695,1795
830107,287.5,289.5,287.5,288.25,640,2125
830110,289.25,291,289.25,289.75,1725,3190
830111,289,289.75,287.75,288,1400,3795
830112,288.75,293.75,288.5,293.5,5330,6000
830113,291.75,293,290.75,292,1925,6720
830114,291,294,290,293.75,1815,7160
830117,294.5,295.5,292.5,294,3675,7995
830118,292,293.75,291.5,293.75,1635,8200
830119,292.25,293.75,291.75,292.25,2635,8930
830120,291.75,292.75,291.25,292,1405,9030
830121,290.75,293,290.25,292.75,1880,9815
830124,291.5,295,291.5,294,1535,9655
830125,295,295.75,293.75,294.5,1195,9885
830126,295,297.25,294,297.25,2250,10250
830127,298,300,297.5,299.5,2770,11075
830128,298.5,299,296.5,297,2065,11610
830131,297,300,297,298.75,2335,12165
830201,299.25,299.5,297,298.25,2245,12190
830202,297,298.25,294.75,297,1840,11760
830203,296.25,297.75,295.25,296.5,1340,11715
830204,296.25,296.75,295.25,295.25,1300,11720
830207,294.5,294.75,293.5,293.5,1330,11775
830208,294,295.25,293.5,293.75,1625,11830
830209,293.75,297,293.5,296.25,2270,12230
830210,297.25,302,297.25,298.5,3880,13885
830211,300,300,298.5,299,2150,14180
830214,298.75,302.5,298.5,301.5,6735,17930
830215,301,301.5,299,299.25,4430,19880
830216,298.5,299.25,297.25,297.5,2240,20345
830217,297.5,301,297.25,301,2135,21215
830218,301,302,298.75,301.75,3300,21270
830222,298.5,300.5,296.75,296.75,1755,21320
830223,294.75,297.5,294.75,296.75,2115,21510
830224,297.25,301.5,297.25,298.75,2335,22455
830225,297.75,298.75,296,296.25,2530,22760
830228,289.5,293.5,287,290.75,4380,23195
830301,293,295.5,293,294.25,2335,22405
830302,296.5,298.5,295.5,298.25,2525,22305
830303,298,299.25,297.25,299,1585,22695
830304,296.5,299,296.5,298,2135,22630
830307,298.75,299,296.25,299,1890,23085
830308,298,298,296.25,296.5,2490,23680
830309,296.5,299.5,296,299.25,5340,24690
830310,301,302,298,298.25,5765,27015
830311,297.5,299.5,297,299.25,4230,28845
830314,298.75,301,297.5,300.75,4340,29185
830315,300.75,302.25,299.5,300.25,6040,32240
830316,300,305.5,300,305,9950,35455
830317,305,307.75,305,306.25,8010,36720
830318,304,307,302.5,306.5,21200,45550
830321,305.75,309.25,305.75,307.25,10620,46195
830322,308.25,309.25,306.75,309,10300,48345
830323,319,319,315,316.75,13035,49995
830324,316,316.75,313.5,315.25,7730,50785
830325,314,315.25,313.25,313.5,4575,51530
830328,313.5,316,312.75,315.5,8575,53245
830329,316,317.25,314.25,314.25,9195,55205
830330,314,314.75,310,310.5,5700,54025
830331,310.25,312,309.5,311,4395,54565
830404,311.75,314,311,311.5,4425,55095
830405,310.5,312.75,310,312,3405,55040
830406,311.25,312.5,310,310.75,3870,55815
830407,310,313.5,309.75,312.5,5170,55830
830408,313,316,313,315.75,3765,56420
830411,316.5,317.75,312.25,312.5,6160,57355
830412,312.75,313.25,311.25,312.25,3225,57960
830413,312.5,316,312,315.5,3675,58690
830414,316.5,316.75,310.5,311.25,4065,59025
830415,310.5,310.5,306.5,306.75,8290,60480
830418,307.5,309.5,306.25,309.25,4220,61235
830419,309.75,313,309.25,311.25,4475,61545
830420,310.75,311,308.25,309,3960,62510
830421,308,309.5,306.5,306.75,4100,62575
830422,311.5,313.5,309.75,311.5,7060,63360
830425,310,310.25,308,309,6935,64380
830426,307.5,311,306.5,310.75,4480,65175
830427,311.75,311.75,307.5,307.5,4750,65130
830428,307.25,308,305,306.75,4995,66860
830429,307.5,310,307,309.75,2740,67150
830502,312,312.5,310.5,311,3315,67320
830503,310.25,312.75,309.25,309.5,5930,67995
830504,309.25,310.25,308.25,310,3260,68270
830505,310.5,312,310,312,4045,69495
830506,312,313,312,312.25,6300,71655
830509,311.5,312,310,310.75,3385,72590
830510,310.5,312,309.75,312,8700,73110
830511,305,307.5,302,302,19995,78165
830512,298.5,300.75,295.75,297.25,15425,79430
830513,298.5,299.5,297,297.25,7110,79770
830516,297.25,299,295.5,298.25,7235,80400
830517,299.5,301,299.25,299.75,11010,79590
830518,300.25,300.75,297.5,298.5,7085,79690
830519,299.5,300,296,296.5,7680,78670
830520,295.5,295.75,289,289.75,15250,78990
830523,289.5,293.25,289,292.5,14745,78265
830524,293.75,294,288.75,292.75,14945,78710
830525,293.25,293.5,290.25,290.25,7280,78850
830526,290.5,291.75,289.25,289.75,7555,78710
830527,289.5,291.75,289.25,289.75,7915,81340
830531,290,293.25,289,289.5,6435,81855
830601,288.5,290.75,284.5,285,13125,83830
830602,286.25,289.25,285.75,288.75,11075,83460
830603,289.25,290.5,288,289.75,8785,85765
830606,289.5,292,287.5,288.75,11075,85225
830607,287.5,288.25,286,287.75,6530,86045
830608,286.75,286.75,284,285.5,14950,90890
830609,286,287,285,285.75,12435,91100
830610,285.25,285.75,284,284,17215,95195
830613,284.25,284.75,280.25,282.25,16315,96070
830614,281,284.25,280.75,281,14760,98410
830615,281,282.25,280.25,281.75,17500,97825
830616,282.25,283.75,282,283.25,8785,97915
830617,284,284.5,281.5,281.5,9755,97740
830620,281,281.5,279.5,280,12380,98790
830621,280.5,288,280.5,287.5,16000,97285
830622,289,290.75,288.5,290.75,14200,96645
830623,292,295.75,290.75,295.5,16900,96050
830624,295,295.5,292.5,293.75,14705,98275
830627,288.5,289.75,285.75,286.5,14775,97235
830628,286.25,286.5,283.75,284.75,14615,97880
830629,285,285.75,283.25,284.75,8945,98285
830630,287,288,282.5,283,17365,101965
830701,282,283.75,280.25,281.75,14820,102480
830705,279,282,278.5,280.25,13045,105170
830706,281.25,287.5,281.25,287,12575,105530
830707,287.5,288.5,285,286.25,10745,103985
830708,285.5,285.75,284.25,285.25,7800,106135
830711,289.5,295.25,289.5,295.25,12180,106555
830712,300,303.5,298.25,300.5,35670,106845
830713,299.25,301.75,297,300,14850,106520
830714,298,300,297,297.25,9125,106670
830715,297.25,305,296.75,303.75,21465,107900
830718,307.5,310,307,309.25,23230,109970
830719,311.5,318.25,311.25,318.25,29105,114570
830720,325,328.25,323.5,328.25,34965,119745
830721,338.25,338.25,322.25,332.5,46445,120300
830722,336,341.75,335,340.75,41575,130105
830725,330.75,337,330.75,336.75,38910,132310
830726,340.5,340.5,327,329.25,37460,132375
830727,328,333.5,326,330.75,28415,132140
830728,338,340,335,338.75,28890,135355
830729,337,338.5,333.5,335.75,25040,138340
830801,334.5,345.75,334.5,345.5,39750,143010
830802,351.5,352,348,349,39010,147805
830803,351,356.75,347.5,355.75,53075,157535
830804,355.5,356,349.75,350.75,44175,164530
830805,350,359.5,348.25,357.25,49065,172810
830808,360,360.25,349.25,354.25,44655,174615
830809,353,355.75,351.5,353.5,24205,177215
830810,357,363.5,356.5,363.5,32275,179885
830811,363.5,366.25,361.25,363.25,34200,182420
830812,364,368,360.5,363.25,37485,184825
830815,367.5,373.25,366.5,373.25,31455,191650
830816,383.25,383.25,368,371.5,52615,202135
830817,373,374.5,364.75,366.5,38355,207380
830818,363,364.5,356.5,358.25,49930,208530
830819,356.5,364.5,354.5,364,43635,211615
830822,374,374,374,374,10955,216695
830823,384,384,378.5,379.75,51735,225950
830824,378,380.5,374.5,376.25,51350,232945
830825,386,386.25,372,372.25,78790,246685
830826,369,377.25,368.5,377.25,44935,249995
830829,377,377,369.75,370.25,36350,251005
830830,366,367,360.25,360.25,47855,257840
830831,362,368.75,361.25,368.5,32940,256655
830901,370,371,358.5,364,66000,254495
830902,365.5,369,363.5,368.75,28090,256150
830906,370.5,374,369.5,373.5,32295,251000
830907,373,374.5,370.25,371.25,19525,252630
830908,370.25,373.25,368.5,372.75,22945,253910
830909,376.5,377.75,374.75,375.75,33125,255915
830912,373,375.5,372.5,372.75,24260,256950
830913,378,380.75,365,367.25,65665,261010
830914,366,367.5,361.25,365.25,50575,264615
830915,365.5,368.5,355.25,356.5,72420,271685
830916,355,362.25,353.5,361,55245,273790
830919,364,369.5,363,369.5,38910,274695
830920,369,369.25,364.75,367,37710,274385
830921,377,377,377,377,33115,274370
830922,369,376,367.75,368,52345,281050
830923,367.5,367.75,359.5,361.25,44335,282075
830926,361,361.25,352,354,75260,279945
830927,356.5,358.5,353.75,358.25,59120,274660
830928,361,362.5,351,352,67710,276545
830929,348,354,344.5,353.5,92195,277265
830930,356,358,354,357.5,72545,283510
831003,355,357,352.5,356,39555,285245
831004,357,358,350,350.75,42945,288725
831005,348,353.25,346.75,353.25,56735,291460
831006,355.5,358.25,353,356,39575,290505
831007,355,356,351.25,351.75,31690,293400
831010,350,350.75,346.25,350.25,37230,295900
831011,349,351.5,348,350.25,46170,302675
831012,349.5,350,348,348.75,63635,309185
831013,352,355.75,351,355.25,62785,309420
831014,355.5,356,352,352.25,70710,313620
831017,351.5,353.5,350,350.25,58995,321865
831018,350,350.5,347.5,348.5,66080,318245
831019,347,348.5,344.5,344.75,59125,328620
831020,342.5,343,337,338.75,90940,324805
831021,340,342,337,341,61750,327655
831024,340.5,342.25,338,338.25,61085,328495
831025,346,348.25,345,346.25,79990,337270
831026,345.5,346.25,338.25,339.75,89560,345185
831027,339.5,343,338.25,341.75,68205,354500
831028,342.75,345.5,342.5,344.5,55330,354805
831031,343,345.75,342.5,342.75,44875,360220
831101,344.5,345,343,344.25,35560,361255
831102,346.5,350,346.5,348,78820,376370
831103,345.5,349.5,345.5,349,72275,389035
831104,350,353.75,349.25,352.75,63740,395255
831107,353.5,358,351.5,357.75,67985,403870
831108,357,359.75,356.25,359,123575,422375
831109,358,361.5,358,358.75,122935,447040
831110,358.25,359.5,357.5,359.25,60860,448770
831111,359,360.5,354.5,355.25,104525,460495
831114,353.75,354.75,350.75,354.5,118080,467290
831115,355.75,358.25,355,357.25,151735,474925
831116,355.75,355.75,347.25,350.75,206405,471990
831117,350,351.75,345.25,351,154790,473485
831118,350,350.75,345.75,346.25,104595,474305
831121,345,345,341.5,341.75,146655,475745
831122,343.5,344.75,337.5,338.25,212340,487205
831123,336,337.75,335.25,337.5,138920,490000
831125,338.5,341.5,338.5,341.25,73780,493345
831128,344.5,345.5,342.25,344.75,121495,501430
831129,344,344.75,342.25,343.5,146245,519815
831130,345,345.5,340.25,340.75,144625,523355
831201,340.5,342.5,338.25,342,126745,528115
831202,340.5,340.5,337,337.5,109715,531250
831205,335.5,335.5,330.5,331.75,182155,527425
831206,332.25,333.5,328.5,329.5,139840,531035
831207,329,334,328,333.75,133305,523135
831208,333.5,336.5,333.5,334.25,126370,530830
831209,333,334,331,332,115160,525635
831212,333,334,330.25,331.75,102045,524325
831213,330.75,330.75,327.75,329.25,115670,521120
831214,328.25,330.25,326.75,329.25,112320,521525
831215,329.75,331.5,328,329,105985,519455
831216,329,331,327.5,331,102965,520050
831219,332.5,340.5,332.5,337.75,129005,519675
831220,338,338.75,336,336.75,96140,518400
831221,336.75,337.75,336,337.25,64785,515915
831222,338.25,341,338.25,340.75,83480,513385
831223,343,343.5,342,343.25,72590,510400
831227,344,345,342,344.25,76060,517520
831228,343.5,343.5,340,340.25,86415,516590
831229,340.25,341,337.5,337.75,87520,514675
831230,337,338,336.5,337.25,57705,514655
840103,335,335,329.25,329.75,144595,514740
840104,328,330.75,327.75,329.75,112855,511415
840105,331.5,333.5,330.25,333.25,95450,501000
840106,333.5,333.5,330,330.5,101130,497425
840109,329.25,332,327,331,128290,492600
840110,334,334.75,332.75,334,90285,488320
840111,333.25,334.75,332.5,334.25,73500,488470
840112,334.5,336.75,334.25,335,100710,484835
840113,335.5,335.75,334,335.25,81160,483320
840116,329,329,325.75,326.75,117835,479010
840117,327.25,329.75,327,329.75,85280,468630
840118,330.5,330.75,326,328.5,101410,465025
840119,330.5,331.25,326.5,327,87095,459975
840120,326,326,323,323.25,123210,453380
840123,324,324.75,322,324.5,84145,437475
840124,334.5,334.5,334.5,334.5,52990,430925
840125,335.5,336.5,332.5,332.75,126090,427145
840126,331.25,331.5,326.75,328.25,129540,409615
840127,331,332,328,329,93195,405740
840130,330.25,330.25,326.5,328.5,70265,400950
840131,329,329.75,327.75,329.25,77925,388910
840201,329,330.25,328.25,329.5,75195,385790
840202,332.25,332.5,330.5,331.25,85100,378095
840203,329.75,330.5,329,330.25,61985,365180
840206,328.5,330,327.25,329.5,72400,356910
840207,329,330.5,328.25,329,68495,345930
840208,329.5,330.5,328.75,329.75,63345,336915
840209,329.5,329.5,326,327.25,100770,325495
840210,327.25,327.25,324.5,324.75,80900,318150
840213,323.75,323.75,318.75,320.25,115220,312675
840214,319.75,320.25,316,316.5,122305,296115
840215,317.5,319.5,317.25,318.75,61890,293615
840216,319.75,320,318,318.75,59695,275965
840217,318,320.75,316.75,319.25,75330,260985
840221,318.5,319,316.75,318.5,60305,244270
840222,320.75,326,320,324.75,105695,221000
840223,324.25,326.25,322.75,324.25,77830,204105
840224,324.75,326,323.5,324.75,68700,188175
840227,323.75,324.75,323,324.75,83905,165475
840228,325,326.25,323,323.25,137510,127025
840229,323.25,331.25,323.25,330.75,105695,112955
840301,331,333,329.75,331.25,59650,94065
840302,333.25,334.75,333,334.25,39945,85850
840305,335,336.5,333.25,336.5,32070,77410
840306,336.5,340.75,336,340,45580,65275
840307,338.75,341,337.25,340.75,29185,54915
840308,340,340.75,338.25,340.5,25855,47360
840309,341.5,345.5,341.5,344,16490,41260
840312,343.5,345,342.5,342.75,10910,38200
840313,345,346,343.75,344,17290,32915
840314,344.5,348,344,346.75,14080,27635
840315,348,349.25,346,349.25,9315,23100
840316,350.75,351,348.5,349,16985,16075
840319,349,351,348.25,350.75,10235,10585
840320,350.25,350.25,345,350,11625,3230
840321,349.75,352,346.5,350,3580,1340
