870323,181.5,183.75,181.5,183.25,170,170
870324,183.5,184.5,183.5,183.5,110,235
870325,186,187,185.25,187,35,260
870326,186,186.5,185,185,145,345
870327,185,189.5,185,187.5,275,550
870330,188,188.5,187.75,187.75,140,595
870331,187,187.25,186.25,186.25,70,665
870401,186,186.75,186,186,25,680
870402,185.5,186.25,185.5,185.5,290,970
870403,185.5,186,185.25,185.25,95,1020
870406,185,185.5,185,185.25,35,1045
870407,185.5,188.25,185.5,188,350,1370
870408,188.5,189.5,188,189.5,70,1440
870409,189.5,191,189,191,335,1660
870410,191.75,191.75,189.5,189.5,100,1760
870413,189.5,192.5,189.5,192.5,120,1855
870414,196,197,194,195,505,2105
870415,192,193,191.25,191.25,700,2665
870416,191,193.25,190.5,193,1115,3080
870420,195,196.5,195,196.25,10,3090
870421,195.25,195.75,193,194.5,205,3075
870422,194,194,192,193,145,3135
870423,195.25,197,195.25,196.25,70,3145
870424,197.25,200,197.25,197.5,240,3330
870427,200.5,200.5,196,196,240,3455
870428,195,196.5,195,196.5,80,3420
870429,197.25,199,197.25,198.25,165,3550
870430,200.75,200.75,199.25,199.5,370,3845
870501,199,199,197.5,197.5,220,4015
870504,197.5,200,197.25,199,80,4055
870505,199,201.5,199,199.25,420,4285
870506,199.5,202,199.5,201.75,380,4575
870507,203,207.5,203,206,620,4620
870508,206.5,209.75,206,209,945,4595
870511,213,219,213,216.5,1700,5800
870512,215.5,222,208.5,212,390,5740
870513,208.5,212.5,207,210.5,765,5690
870514,214.5,218.5,214,216.75,465,5750
870515,218.5,218.5,216.5,217,730,5840
870518,207,210,207,207,730,5885
870519,206.5,208,205,205,200,5825
870520,204.25,205.75,201.5,201.5,635,5770
870521,202.5,205.75,201.25,205.75,70,5760
870522,205.75,205.75,204.75,205.5,265,5875
870526,201.5,203.25,200,202.5,415,6150
870527,205,206,203.5,205.25,250,6295
870528,206.5,207,202.5,202.75,505,6555
870529,202.25,205.25,202,204.5,550,6725
870601,202.5,203,200.25,201.75,725,7005
870602,204.5,205.5,204,204,225,6995
870603,203.25,210,203.25,209.5,485,7005
870604,209,211,208,209.25,515,6885
870605,210.25,213.25,209.75,211,1050,6740
870608,212,214.25,210,211,975,7175
870609,211,211,208.5,208.75,100,7175
870610,207,207.5,205.5,206.25,860,7185
870611,210,210.75,208.5,209.75,785,7460
870612,211,215,211,214.5,1010,7560
870615,223.5,224.5,222,223.75,1080,7475
870616,222.5,226.5,220.75,224,1015,7620
870617,221.25,222,219.5,221.75,960,7690
870618,219.75,221,215.5,215.75,170,7690
870619,215,218.25,214.75,218,375,7575
870622,210.5,211,208,208,895,8000
870623,208.25,211.25,208,210.25,270,8150
870624,212.25,214.25,212.25,213.5,575,8570
870625,210,211.5,209,210.25,380,8515
870626,211.75,212,208.75,208.75,590,8610
870629,203.5,204,201.5,202.25,1470,8430
870630,203,204.5,203,204,285,8635
870701,203,203.75,199,199,1265,8720
870702,200.25,201.5,199.75,199.75,390,8640
870706,197.5,198,196,197,1190,8635
870707,197,198.25,196,196.5,185,8480
870708,196.25,196.5,193,194.5,1290,8600
870709,194.75,195.25,193.75,195,200,8615
870710,196.5,196.5,194,195.25,350,8470
870713,192.75,193.75,192,192.75,1495,8025
870714,194.5,194.5,193.75,194.25,305,7930
870715,194,194.25,192,192,500,8045
870716,191,191.25,189.5,189.5,530,8020
870717,190,190.25,188.5,188.75,665,8170
870720,192,193.5,192,193.5,665,8305
870721,192.5,192.5,188.5,189.25,590,8595
870722,189,190.25,187,189.75,1955,9280
870723,190,191,189.5,190.75,1275,8765
870724,189.5,191.75,189.5,191.5,385,8795
870727,191.25,192,188.75,189.75,1110,9205
870728,191,193,191,191.5,850,9310
870729,193.25,193.5,187.5,187.5,1090,9175
870730,188,189.25,187,187.5,505,9190
870731,188.5,190.5,188.5,190.25,985,9735
870803,190.5,190.5,187.25,187.75,950,10085
870804,188.25,188.25,184,184,2050,9660
870805,184.25,185.25,183.25,184.75,755,9975
870806,184.5,185.25,183.75,184,1375,10710
870807,183.5,183.75,182.5,182.75,2415,10680
870810,182.75,183,181.75,182.25,785,10755
870811,182.25,183.25,182,182.25,1590,11570
870812,180,182.25,180,182,870,11580
870813,183,183.75,181.75,182.5,1195,12355
870814,183,185.5,183,185,755,12725
870817,185.25,188.5,185,185,1305,12875
870818,185.25,185.25,184.25,184.25,1170,13375
870819,185.75,189.75,185.75,188.5,2040,14175
870820,188.5,188.5,186,186.25,1145,14480
870821,186.25,188.5,186.25,186.75,775,14870
870824,186.25,187,184.25,185,1535,15150
870825,184.75,185.75,184.75,185.75,830,15600
870826,186.5,188.25,186,186.25,2090,16115
870827,187.75,188,186.5,187,3160,17035
870828,187.25,187.25,185,186.5,1165,16610
870831,185.5,185.5,183.25,183.75,2135,16545
870901,183,184.5,182.75,182.75,915,16770
870902,183,184.25,182.75,184.25,1885,17495
870903,184,185,183.75,184.5,2010,18590
870904,183.75,185,183.5,184.75,455,18800
870908,184.5,189,184.25,189,2335,18975
870909,189.5,191,188.5,190.75,1775,18820
870910,190.25,192.25,190,192.25,2375,19275
870911,192.25,193.5,191.25,191.5,1895,20160
870914,191.25,193.75,189.75,192.75,2195,21030
870915,193.5,194.25,192.25,193,2160,21300
870916,193,196.5,192,196.25,2260,21700
870917,195.5,196.75,195,196.25,3080,22405
870918,196.25,197.75,196,196.25,3430,22455
870921,195.5,195.5,193.25,193.5,3470,23300
870922,193.25,193.5,192.25,192.5,1775,24220
870923,191.5,193.5,191.5,193.5,2330,24995
870924,193,194,192.75,193,2960,26365
870925,192.75,192.75,191.75,192.75,2400,27310
870928,193,196.75,193,196.25,2720,27880
870929,196.5,198,195.5,198,3670,28025
870930,197.75,197.75,195.25,195.25,4300,28225
871001,197,199.5,196.75,199.5,5575,30230
871002,198.75,201,198.5,199.75,5050,31165
871005,199.5,200,198.75,199.5,4150,32645
871006,199,199.5,197.75,198.25,3515,33045
871007,197.5,199.5,197,199.25,3490,34185
871008,199.25,201,198.5,201,3490,34805
871009,202.5,203,198.75,199,4075,35150
871012,198.25,198.75,197,198.5,6115,37260
871013,198,203.25,198,203,5645,39040
871014,203.25,206.25,202.75,204.75,10025,39710
871015,205.25,206.25,203.5,205,4545,40465
871016,203.25,203.5,201.5,202,5655,40900
871019,204.25,204.5,193,197.25,8475,42465
871020,200,202,197.25,201,9850,41235
871021,201,201.75,198.75,199.25,5800,43165
871022,196.25,197.75,195.5,197.5,6545,45315
871023,196.75,199,196.5,196.75,6440,46110
871026,196,196,193,195,5635,47380
871027,197,197,195.5,196.5,6735,49125
871028,195.5,196.25,194.75,195,6115,50820
871029,194,195.25,193.25,195.25,5420,52370
871030,195,196,194,194.25,3995,53070
871102,193.25,194.25,192.25,193.75,4805,53825
871103,192.75,193,190.25,190.25,5620,55405
871104,189.5,191.25,189,190.25,11215,57655
871105,190.5,193.5,190.25,192.75,5430,57690
871106,192.5,194.25,192.5,193.75,4415,58575
871109,194.25,195,193.75,194,4535,58150
871110,194.5,195.5,194,195.5,4190,57405
871111,195.5,198.75,195.25,196.5,6090,57180
871112,196.5,197,195.5,196.5,2880,56985
871113,197.75,199.5,197.25,197.75,5540,58155
871116,196.75,198.5,196.75,198.25,3850,57315
871117,199.25,200.75,198.5,200.25,5005,57530
871118,200.5,201.5,198.75,199.5,8285,57790
871119,198.75,200,197.25,199.25,6740,58195
871120,200.25,200.5,199,200,4080,59520
871123,199.5,201.25,199,200.5,3815,59555
871124,200.5,202.25,200.25,202.25,4715,59155
871125,202.25,206,202.25,205.5,11345,62170
871127,205.75,208.5,205.5,206.25,13995,66065
871130,206,207,203.75,206,10600,65800
871201,205.25,206,204.5,204.5,3680,64415
871202,204.5,204.75,200.75,201.75,7625,63615
871203,201,203.5,198,203.5,9005,65230
871204,201.75,203.25,199.5,199.5,4415,64930
871207,198.25,200.5,197.5,200.5,4780,66270
871208,201,201.5,199,199.75,5525,67110
871209,199.5,201.5,199.25,201.25,4110,67210
871210,201,201.25,199.5,201,6230,67790
871211,200.25,200.75,199.25,200,5045,69180
871214,200,200.5,199.5,200.5,6615,69905
871215,199.5,199.75,196.5,196.75,8940,70850
871216,195.25,196,194.25,195.75,13965,70305
871217,194.25,197.25,193.5,197.25,11550,71805
871218,196.5,198,195.75,196.5,7995,73065
871221,196,196.5,195.5,196.5,10630,76740
871222,196.75,199.75,196.25,199.75,14285,80010
871223,199,199.75,198,199.5,5510,81605
871224,200,200.25,198.5,199,1905,81975
871228,199.5,200,197.25,197.5,3730,82880
871229,196.5,197.5,196,197,5225,83375
871230,196.25,197,195.5,195.75,6060,85535
871231,195.25,195.75,195,195.25,3900,85735
880104,195,198.25,194.5,198.25,12790,89230
880105,197.75,198.75,196.75,197.25,10215,90605
880106,197.75,201.25,197.5,199.75,17250,93630
880107,199.5,204.25,199.5,202.75,22295,99320
880108,201.5,202.25,201,202,7510,99960
880111,202,204.5,201.25,204.25,6555,99770
880112,204,205.75,202.5,202.75,15685,102250
880113,202.5,204.75,201.75,204.75,8780,102750
880114,204.75,205.75,204.25,205,7560,106065
880115,208.5,208.75,206.25,207,16970,109140
880118,206,211.5,205.75,211,29355,117825
880119,210,211.25,209,211,16070,121370
880120,211,211.25,208.75,209,13320,122560
880121,207.75,208.5,206.5,207.75,13390,124545
880122,206.75,209,206.75,208.75,13035,127605
880125,210.5,211.25,209.5,210.75,17665,132665
880126,211,211,208.25,211,21965,134520
880127,210,211,209,210.25,12790,136840
880128,209.5,210,206.5,207.25,11805,136780
880129,206.75,207.25,204.25,205.5,14560,137645
880201,204.5,207.25,204,206.75,15390,139585
880202,206.5,207,205,206.75,8835,140380
880203,207.25,207.5,205.5,207.25,11610,140895
880204,207.5,210.75,207,210.75,16090,144710
880205,210.75,212.5,209.75,210.5,20010,150070
880208,209.75,211,209.25,211,9690,151630
880209,210.5,212.5,210.25,212.25,16185,157090
880210,212.75,213,210.5,212.5,23550,159545
880211,212.25,212.75,211.5,212.75,14750,161695
880212,212.75,212.75,210.25,211.25,24850,167980
880216,210.75,210.75,208.5,208.75,13315,171845
880217,208.25,213,207.75,212.75,23840,176095
880218,210.5,212.25,210.5,211.75,21085,182350
880219,211.75,215,211.25,212.25,33665,190695
880222,212,213.25,210.25,210.75,20410,194310
880223,209.75,210,207,207.5,41100,192735
880224,209.5,210,208.75,209.75,31270,194035
880225,208.75,210,208.25,209.5,22655,198555
880226,209,211,209,210.75,25640,202935
880229,211.75,214.25,211,213.5,31345,207970
880301,213.25,214.5,212.75,213.5,23460,208215
880302,213.25,213.5,210.5,211,21175,209110
880303,210.5,212,210,210.5,17925,209150
880304,210,211,208,208.75,44555,207710
880307,208,211.5,208,211.25,27575,203850
880308,211.75,212.25,210.25,211,22805,207005
880309,211,211.25,209.5,209.75,21250,207880
880310,209.5,210,207.5,207.75,27185,210375
880311,207.5,208,205.75,207.5,22235,211600
880314,208.25,209.75,207.5,209.75,17235,212425
880315,209.75,210.25,209,210,13055,214940
880316,210,210,208.75,209,12390,216990
880317,209,212,208.75,210.75,35180,219875
880318,210,210.5,209.5,209.75,16720,221770
880321,210.25,213,210,213,41785,220675
880322,211.5,212.75,211.25,212,19380,223235
880323,211.75,212.5,210.75,211.25,17095,226355
880324,211,212.5,211,212.5,23235,228190
880325,212.5,216,212.25,215.75,64445,240910
880328,215.25,216.5,214.25,216.25,29600,245575
880329,217.25,217.75,216.5,217,29475,247205
880330,216.75,216.75,214.5,215.5,25030,251320
880331,215,215.75,214.5,215.75,21350,251575
880404,217.75,219.25,215,215.25,37590,257980
880405,214.25,215.75,213.75,215.5,32810,261380
880406,215.5,216,213.75,214,26240,263500
880407,213.5,214.75,212.5,214.5,41790,266565
880408,214.75,215.75,214.5,215.75,27590,267555
880411,216,216,214.5,215.25,35650,269505
880412,214.75,214.75,213.25,213.75,31185,268380
880413,213.5,213.5,211.75,212,42510,275615
880414,212.5,212.5,209,212,77415,275025
880415,212.5,212.5,209.25,210.5,47195,276420
880418,210.75,211.75,209.25,211.5,45415,273050
880419,212,213.5,211.5,213.25,46495,279450
880420,212.75,213.25,211.5,212,40300,284200
880421,211,211.25,209.75,210.25,57335,286095
880422,209.75,210,208.75,209,71785,293385
880425,209,209.75,207.75,208,59365,298545
880426,207.5,209.25,207,209,102850,318840
880427,209,210.75,208.25,209.25,101755,331280
880428,209.75,210.5,208.5,208.75,85185,352610
880429,208.25,211.5,208,211.25,88765,358720
880502,212,214.5,211,213,124335,366535
880503,213,213.75,212,213,58460,361955
880504,212.5,213.5,212.25,213.25,85475,365785
880505,212.75,212.75,211,211.25,75740,364370
880506,211.25,212,210.25,210.5,73955,369375
880509,210,211,209,209.5,92110,373965
880510,209.75,210,208.5,208.75,93680,388350
880511,209.25,209.5,205.75,206,144325,401825
880512,205.75,206,204.25,204.75,126185,403760
880513,204.5,206,204.25,206,83315,405095
880516,208.25,216,208.25,214.75,174035,395340
880517,214.25,216.5,213.25,215.5,131245,372550
880518,213.5,216.5,213.25,216,92635,369785
880519,218,225.5,217,217.5,143520,371105
880520,217.5,221.5,217.25,221.25,79510,366875
880523,216.5,217,212.25,215.5,104210,358820
880524,216.75,220.25,216,219.25,100980,358925
880525,219.5,220.5,214.5,214.75,121490,349665
880526,214.25,215.25,212,212.75,89075,341985
880527,214,217,213.5,216.5,81980,334110
880531,224.5,226,223.5,224.25,97275,342430
880601,223.5,224,218.75,220.75,103825,330850
880602,219.25,227.25,219.25,224.75,128245,330490
880603,228.5,234.75,228.5,234.5,127245,317050
880606,244.5,244.5,244.5,244.5,30575,314195
880607,259.5,259.5,249.5,257.25,144055,314345
880608,252,256,246.5,251,138605,284585
880609,250,254,244.5,253.75,102445,273515
880610,262,262,255,257.75,95150,268095
880613,261,261,254.5,259.5,60620,263570
880614,260.75,269.5,260.75,269.5,84495,253495
880615,279.5,279.5,279.5,279.5,50750,263360
880616,294.5,294.5,294.5,294.5,47065,262465
880617,293,309.5,292,309.5,113205,259920
880620,324.5,324.5,324.5,324.5,61655,244785
880621,334.5,334.5,334.5,334.5,59795,237470
880622,344.5,344.5,335,344.5,124285,213655
880623,351,354.5,347,348,112585,198595
880624,341,345.5,338,342.5,84530,180235
880627,352.5,352.5,352.5,352.5,41805,173520
880628,350,353,337.5,337.5,137760,124035
880629,315,316,306,309,179200,111280
880630,315,332.5,315,327,95540,62825
880701,341,348,337,342,83835,39380
880705,355,359,328,344,37045,23715
880706,344,346,331,342,15475,18445
880707,345,345,317,320,39440,15905
880708,319,324,307,309.5,23890,11715
880711,299,299,286,288.25,48400,14230
880712,294,308,293,306,10890,7520
880713,320,334.5,317,333.5,57395,9125
880714,348,350,335,336,63890,10425
880715,334,339,331.5,333.5,8095,6955
880718,305,308,297,303.5,67260,10475
880719,298,312,297,308.5,49300,7300
880720,312,312.5,290,292.5,4715,4245
