870928,201,201,201,201,5,5
870929,202.5,202.5,202.5,202.5,5,5
870930,200,200.25,198.5,198.5,15,20
871001,203.5,203.5,203.5,203.5,0,20
871002,202,202,202,202,0,20
871005,202.25,202.25,202.25,202.25,0,20
871006,202.25,202.25,202.25,202.25,5,20
871007,202,202,202,202,0,20
871008,201,202,201,202,35,55
871009,202.5,202.5,200.75,200.75,15,70
871012,200.5,200.5,200,200,110,140
871013,204.5,205.5,204.5,205.5,20,145
871014,206.5,206.5,206.5,206.5,0,145
871015,205.25,205.25,205.25,205.25,0,145
871016,203.75,203.75,202.5,203,10,145
871019,201,201,199,199,10,150
871020,200,200,199,199,15,160
871021,200,200,198.5,198.5,20,180
871022,197.5,198.5,195,198,120,240
871023,196,196.5,196,196.5,10,250
871026,196.5,196.5,193.75,194.25,85,320
871027,197.5,197.5,196.5,196.5,25,345
871028,196.5,196.5,196,196,60,300
871029,195.75,197.5,195.75,197.5,105,405
871030,197,197,197,197,0,405
871102,198,199,197,199,15,390
871103,197,199,197,197,35,365
871104,195.5,195.5,193.5,195.5,90,395
871105,195,196.25,194.5,195.5,200,520
871106,195.5,198,195.5,197,65,515
871109,197,198,197,197.5,40,540
871110,197,197.75,196,196.5,215,580
871111,200,200.75,199.5,199.5,415,995
871112,199.75,199.75,199,199.25,220,1105
871113,200.5,200.5,200.5,200.5,0,1105
871116,200.25,200.5,200,200.5,65,1120
871117,201.5,201.75,200.25,201.75,15,1115
871118,202,203.5,202,202,35,1115
871119,201.5,201.5,199.5,201,50,1160
871120,201,201,201,201,20,1180
871123,200,201,200,200.5,95,1240
871124,201.25,201.25,201.25,201.25,10,1250
871125,203.5,205,203.25,204.5,260,1390
871127,204.75,207.25,204.75,207,115,1445
871130,207,207.25,204,204.75,160,1520
871201,204.5,205.75,204.5,205,85,1530
871202,205.5,205.5,201.25,201.5,95,1585
871203,201,201,200,200.5,205,1725
871204,201,201,200,200.5,230,1910
871207,199.5,201.5,199.25,201,115,2000
871208,202.75,203.5,201.5,201.75,70,2000
871209,202,203.25,202,203,25,2020
871210,203,203,202,202,85,2070
871211,202.5,202.5,201.75,202.25,65,2075
871214,202.25,202.5,201.75,202.25,85,2065
871215,200.25,200.5,200,200,120,2135
871216,199.5,200.75,199.25,200.25,225,2310
871217,199.5,202,199.5,202,20,2320
871218,202.75,203.75,201.75,201.75,115,2425
871221,204,204,203.75,203.75,60,2425
871222,203.75,205.25,203.25,205,300,2480
871223,205,205,204,204.75,25,2480
871224,204.75,204.75,204.75,204.75,25,2480
871228,203.5,203.5,203.5,203.5,0,2480
871229,203,203.75,203,203.75,35,2480
871230,204,204,203.5,203.75,10,2485
871231,203.75,203.75,203.75,203.75,0,2485
880104,205,210,205,209.5,60,2480
880105,208.5,209,206.75,207.5,75,2500
880106,208.75,211.5,208.5,211.5,485,2550
880107,211.5,216.5,211,215.5,600,2805
880108,215,215,213,214,240,2780
880111,214,216.25,213,216.25,315,2815
880112,215.25,217.25,214.25,214.25,290,2810
880113,213.5,215.75,213.5,215.75,715,3195
880114,215.5,216.75,215.5,216.75,135,3255
880115,220,220.75,218.5,218.75,520,3545
880118,218,222.75,217.5,222.75,330,3655
880119,221.75,222.5,220.75,222.5,975,3830
880120,221.5,223,219.75,221,425,4040
880121,219.5,220,218.25,219.5,500,4040
880122,218.5,220.75,218.25,220.75,265,4160
880125,221.5,221.5,220.25,221.5,175,4195
880126,220.5,220.75,217.5,219.5,155,4195
880127,218,219.5,217,217,320,4285
880128,217.5,217.5,215,215.25,300,4410
880129,215,215.25,213.5,214.5,235,4435
880201,214,218.25,214,217.5,1050,4410
880202,216.5,217,215,216.75,435,4685
880203,217,218.25,216.25,218.25,180,4740
880204,218.25,223,218,223,310,4735
880205,223,223.5,221,221,445,4825
880208,220,222.5,219.5,222.25,360,4800
880209,221.75,225,221.5,225,370,4905
880210,225,225,223,224.75,455,5125
880211,224.75,225.5,224,225.5,805,5275
880212,224.25,224.25,223.25,224.25,240,5405
880216,222.5,223.25,222.25,222.5,860,5825
880217,221.75,227,221.5,227,1110,6265
880218,225.75,226.5,225,226.5,695,6505
880219,226.5,229.5,225.25,228.5,590,6735
880222,228.75,229.5,225.75,226.75,790,7080
880223,225.5,225.5,223.25,223.5,330,7255
880224,224.75,224.75,223.25,224.25,430,7315
880225,223,224,222.75,224,250,7345
880226,224.5,224.75,224,224.5,385,7610
880229,225,227.25,224.75,227,525,7870
880301,226,227,225.5,226.25,340,7700
880302,225,225,223.5,223.75,190,7735
880303,223,226,222.5,223.5,1255,7790
880304,223,223.5,220,221.75,345,7905
880307,221.75,224,221.75,224,740,8240
880308,224,224,222.25,223.5,925,8235
880309,223.5,224,222.75,222.75,215,8380
880310,222.25,222.75,220.5,220.5,205,8465
880311,220.25,221.25,219,221.25,1125,8790
880314,221.5,223.5,221.5,223.5,135,8820
880315,223,224,223,224,130,8870
880316,223.5,224,223.25,223.75,350,9095
880317,223.5,226.5,223.5,225.5,1100,9065
880318,225,225.5,224.5,225,750,9330
880321,225.5,229,225.25,229,1390,9470
880322,227.5,228.75,227,228.5,705,9575
880323,228,228.5,225.5,227,795,9580
880324,226.25,228.25,226.25,228.25,545,9780
880325,228.25,232,228.25,231.5,1595,10700
880328,231.5,231.75,228.75,230.5,565,10805
880329,230.25,230.5,229.5,230,1490,10900
880330,229.5,229.5,227.75,228.25,910,11100
880331,227.75,228.25,227.5,228.25,550,11195
880404,231.25,235,231,231,5920,13130
880405,229.75,232,229.75,232,1215,13495
880406,232.25,232.75,230.75,231,990,13925
880407,230.25,233,230,233,1345,14585
880408,233.5,234.75,233,234.75,1235,14930
880411,234.5,235.5,234.25,235.5,1250,15155
880412,234.25,235.75,234,235.75,1575,16245
880413,234.75,235,232,232.25,1505,17000
880414,232.25,233.25,229.75,233.25,1775,17500
880415,233,233.25,229.25,231,725,17545
880418,231,232.5,230,232.5,3970,20000
880419,232.5,234.5,232.25,234.5,4110,19350
880420,234,234.25,233,233.5,1920,19350
880421,232,232,231,231.5,1420,19855
880422,231,233.75,231,233,2125,20870
880425,232.5,233.25,231,231.25,1990,22065
880426,230,233.25,230,233,1620,22375
880427,233.25,235.5,233,233.75,10355,22270
880428,234,234,232,232.25,7685,25485
880429,231.5,234.5,231.5,234,7340,28660
880502,235.25,237.75,234.75,236.25,4010,29315
880503,235.75,236.5,235.25,235.75,5800,32010
880504,235.25,236.25,234.75,236,2535,32150
880505,235.25,236,234.5,235,1760,32115
880506,234.75,235.5,234.25,235,1770,32860
880509,233.75,234.5,232.75,234.5,3085,32660
880510,235,235.25,234.25,234.25,2560,32915
880511,235.25,235.5,231.5,231.75,6470,35545
880512,230,231.25,229.75,230.5,6670,37100
880513,229.75,231.5,229.5,231.5,6735,39950
880516,237.5,241.5,236.5,240,4510,40535
880517,239.25,242.5,239.25,242,5300,41290
880518,239.25,243,238.75,242.75,8445,41700
880519,245.5,252.75,244,245.5,13000,45075
880520,244.5,247.5,244.5,247.5,4650,46140
880523,240,242.5,239,240.25,5100,46540
880524,242,245.75,241.75,245.5,4770,47045
880525,247,247.5,241.5,242.75,7650,48755
880526,241,243,239.5,240.75,7235,48420
880527,242.5,244,241.75,244,6390,50070
880531,254,254,252,254,7655,52120
880601,252,253,248,250.75,8775,54245
880602,250,256.75,250,254.25,8855,56285
880603,260,264.25,259.5,264.25,11360,59420
880606,274.25,274.25,274.25,274.25,2055,59820
880607,280,287.5,278,283.75,13270,59880
880608,278,282,275,279.25,7575,62420
880609,277.5,282,271.75,281.75,15220,64330
880610,290,290,281.5,284.5,12360,63385
880613,287,287,281,286.25,9965,64675
880614,288,296.25,288,296.25,22955,66920
880615,306.25,306.25,306.25,306.25,8405,65715
880616,321.25,321.25,309,319.5,38145,73475
880617,315.5,329,315,325.5,27975,77865
880620,340.5,340.5,340.5,340.5,23915,85510
880621,350.5,350.5,341,350.5,31695,82040
880622,346,357.5,345,356.5,30905,82630
880623,357,366.5,350.5,351.25,40445,90230
880624,343,353,343,352.75,31990,93105
880627,362.75,362.75,362.75,362.75,8085,92690
880628,362.5,367,347.75,347.75,19265,94580
880629,332.75,332.75,332.75,332.75,4535,93480
880630,340,347.75,336.5,345.5,24820,94435
880701,355.5,355.5,350,355.5,26455,95610
880705,370,370,342,358,24785,96455
880706,358,361,348,357,22665,100620
880707,357,358,342,342,23420,104080
880708,336,339,327.5,327.75,20470,104145
880711,313,315,312.75,312.75,14675,106755
880712,312.5,325.5,310,323.5,28270,107450
880713,333.5,333.5,333.5,333.5,15310,112365
880714,348.5,348.5,348.5,348.5,17055,116365
880715,344,353,342,347,28005,117675
880718,332,332,332,332,7745,117870
880719,317,322.5,317,318,24825,120105
880720,319.5,323,304.5,317.5,29305,121525
880721,322,329,320,327.25,30685,124165
880722,326,328,324,324.25,17815,125865
880725,321,321.5,314.25,314.25,21215,128505
880726,302,305,299.25,299.25,33070,127110
880727,299.5,306.5,292,293.5,34355,129905
880728,293,295,278.5,279.75,44920,131075
880729,279.5,289.75,279.5,289.75,26775,134105
880801,304.75,304.75,304.75,304.75,6910,134480
880802,316,316,307.5,312,22270,134980
880803,311,312,305,309.5,16205,137510
880804,315,319.5,313,316.75,15480,138065
880805,318.5,319,314,318.5,15100,139945
880808,312,312,308.5,308.5,6425,138870
880809,308.5,313,306,312.75,18020,141870
880810,313.5,315,311.5,313.25,16675,146025
880811,314.25,314.5,308.25,309.75,15170,147515
880812,319.75,319.75,299.75,299.75,36260,156950
880815,305,309.75,298.5,309.75,22080,157945
880816,311,312.5,299.5,300.25,36335,158780
880817,296,300.25,291.5,299.25,31005,162255
880818,300,302.5,297,300.75,14790,162555
880819,301.5,302,298.25,299.75,12260,164590
880822,295.5,295.5,290,290.25,8285,163435
880823,290.25,293.5,285.5,288.75,19470,166240
880824,289.25,298.5,289,298.25,26675,167995
880825,298.25,299,293.25,294.25,12800,169120
880826,294.25,294.75,291,291.25,15330,169560
880829,291,291,284.25,288.5,28315,174390
880830,290,295.25,289,294.25,22355,178480
880831,291.5,301.25,291.5,300.5,23390,181155
880901,305,310,304,304.5,22345,186345
880902,303.5,306,302.25,305.25,15175,187220
880906,305.5,310.75,303.5,309.25,18075,191595
880907,308.75,310.5,304.25,307.25,27870,192515
880908,305,308,303.5,307.75,20985,195165
880909,306,306.5,304.25,304.5,20180,197255
880912,301.5,304.5,301.5,304.25,16460,199470
880913,300.5,308.5,300.25,304.75,31945,200465
880914,306,307.25,303.5,305.25,18530,203025
880915,305.5,305.5,300.5,300.75,39640,208895
880916,300,301.5,296,296.25,33470,213675
880919,295.25,295.25,290,290.75,66020,220220
880920,293,294,290.5,292.5,27390,222080
880921,293.5,294.5,291.75,292.5,24655,223020
880922,292.25,296.5,288.75,296,41595,228250
880923,295.75,296,292,292.25,22605,229000
880926,290.5,290.5,287,287.25,32500,235630
880927,287,294.25,286.5,292.25,29390,236360
880928,293.25,296.75,291.25,293,35585,239310
880929,293,293.75,290.75,291.5,43255,240035
880930,291.5,294.25,290.25,291,33380,242415
881003,291.5,296.25,291.5,296,35370,244430
881004,296,300.25,295.75,299.5,44295,248100
881005,299,301.5,297,297.75,47565,258665
881006,295.75,301.25,295.25,301,54845,267430
881007,300.25,300.25,296.5,297,43475,277230
881010,296.25,297,295,297,32180,278020
881011,296.25,298.5,296,298.25,44480,286355
881012,299,300,298.25,299.25,37675,295200
881013,300.5,302,298,300.5,50955,303850
881014,298.5,299.75,296.5,297.5,36770,307745
881017,296.5,298.25,295.75,298.25,22910,310855
881018,298.5,299,295.5,295.75,29080,311975
881019,295,295.25,293,294.75,35950,311000
881020,294.75,294.75,290.75,291,54130,313185
881021,290.75,290.75,287.75,288,53595,321035
881024,287,287,281,282.25,74340,322300
881025,283.5,284,279,279.25,57520,331580
881026,278.5,285.25,277.75,285.25,62455,347050
881027,284.75,285.5,280,280.5,57420,357755
881028,278.5,285,278,284.5,54445,369055
881031,284.5,288.5,284,287.25,58535,387365
881101,287,290,286,289.75,54195,393535
881102,290.5,293.25,289.75,290.75,59550,395165
881103,289.5,290.25,287,287.25,41500,403135
881104,289,289.75,281.75,283.25,73535,413070
881107,281.5,284.5,280,284,53385,422900
881108,284.5,285.5,281.25,285.25,62305,432015
881109,285,287,283.5,286,46230,437755
881110,283,285.25,279.5,280.5,117345,459590
881111,282,282.5,276,277.5,109845,468995
881114,276.5,279.5,273,279.25,95025,470760
881115,278.25,279,273,273.25,70965,473445
881116,272.75,274.25,271.75,272.5,83255,481915
881117,271.5,271.5,266,268,134535,483375
881118,268.25,269.75,267.25,267.5,61005,497285
881121,267.25,270.5,266.75,270,76815,508020
881122,271.25,272.75,270,271.75,102705,513180
881123,272,273.25,270.5,272,86130,522365
881125,273.5,274.75,273,274,57895,534625
881128,273.5,273.5,266.25,266.75,173665,564280
881129,266.5,268.75,262,267,219580,596820
881130,267.5,270.75,266.5,270.5,136945,589085
881201,271,271.5,267.25,267.5,113605,596520
881202,267,270.5,265.75,268.75,103625,601120
881205,269.75,270,264.25,265,130440,605210
881206,264,270,263.5,269.5,133780,619835
881207,268,271,267.5,268.25,129495,623215
881208,269.25,272.25,267.75,269.5,122715,632335
881209,268.75,271.5,268.25,270.75,88000,634480
881212,270,274.5,269.75,272.25,115795,642920
881213,271.5,275.75,269.75,275.5,149695,636530
881214,275.25,278.25,274.75,277.75,152355,637390
881215,278.25,281.25,277.75,279,205115,649710
881216,278,283.5,277.75,282.75,132835,653580
881219,282,283.75,281.5,283.25,110890,661940
881220,282,282,279,280,86715,655105
881221,277.5,285,277,284.75,146395,661555
881222,284.5,286.5,283,283.25,122610,647490
881223,283.25,284.5,282.75,284.25,50365,643945
881227,285,286,283.5,285.25,58425,637925
881228,284.75,285,283.5,284,74110,628775
881229,283.75,285,281.5,282.5,107700,626395
881230,282.5,285,282.25,284.5,63025,621345
890103,284,286.5,280.5,280.75,137140,620275
890104,280.25,285.25,279.75,283.5,153395,610320
890105,283.5,288.5,283.25,286.75,142255,608290
890106,286.75,289.75,286.5,289,136165,612690
890109,288.5,292.75,288.25,289.25,222015,590955
890110,289.25,290.75,287.75,289.5,104045,583745
890111,288.5,289.25,286.5,286.75,113250,579345
890112,286.5,286.5,284.75,286,125365,564570
890113,286,288.5,285.75,288.25,83735,560270
890116,278.25,279,278.25,278.25,82990,538060
890117,272,272,264.75,267.75,260760,511975
890118,270,271,265.25,270.5,186380,488875
890119,270.25,270.75,267,267.75,112770,479200
890120,266.75,268.5,265,267.75,138130,468100
890123,268,270.75,268,270.25,72810,455970
890124,271.5,273,271.25,272.25,99395,450335
890125,272,272,269.25,270.25,86115,448630
890126,271.5,273.25,268.75,271.75,112855,452095
890127,271.25,273,270,271.75,58735,444620
890130,271,272.75,270.25,271,92940,436530
890131,272,275,272,274.75,92485,429825
890201,274.75,275.25,273,273.5,74795,421575
890202,272.75,273.25,272,273,79395,413285
890203,272.75,273.25,271.25,271.75,70865,407370
890206,271,271,264.75,266.5,120490,397035
890207,266.75,268,265.75,267.75,80730,390610
890208,267.75,268.5,263,264.75,122970,384635
890209,265.5,266.5,262.75,265,91225,383310
890210,265.5,266.25,262.75,266,95625,371990
890213,265.5,265.5,263.25,265.25,71865,364330
890214,266,270.5,265.75,269.75,121640,340155
890215,269.75,271.25,268.75,271,60515,324565
890216,271,271.5,268.5,269,76890,311795
890217,268,270.75,267,269.75,89690,290805
890221,269,270,268,269.75,61360,268590
890222,270.5,273.5,269.5,273.25,109860,236995
890223,272.75,273.25,271,272,90535,215370
890224,272,273,271.25,271.5,102030,188930
890227,271.5,271.75,269.5,270,165850,138400
890228,270.75,273,270.75,272.5,82140,116795
890301,271.5,272.25,270.5,271.75,55340,97580
890302,271.5,276,271.25,275.5,42950,82475
890303,276,278.25,274.75,278.25,33540,71745
890306,278.25,280,277.75,279.75,27670,67095
890307,279.5,279.5,276.5,278.25,28945,62035
890308,277.5,277.5,274.75,275.5,21975,52955
890309,275.25,278,275,277.75,14765,47365
890310,278.5,280,275.25,275.5,16125,40990
890313,275.25,277.25,274.75,277,11460,35675
890314,277.5,278.75,276,278.25,15975,30210
890315,279,279,276.5,278,13630,25875
890316,277.75,278.5,277.25,278.25,6485,23020
890317,279,279,276.5,278.25,13905,18170
890320,277.75,280,277,279.25,10925,9920
890321,279,279.25,273,276,5630,7725
