890921,242,244,242,244,20,20
890922,243,243,243,243,0,20
890925,244.75,244.75,244.75,244.75,0,20
890926,244.5,245.75,244,244,0,20
890927,242,242.25,242,242.25,10,30
890928,242,244,242,244,5,35
890929,243.5,245.5,243.5,245.5,5,35
891002,246,255,246,251.75,205,235
891003,250,251,249.5,250,110,285
891004,249,250,249,250,5,290
891005,250,250.75,250,250,5,295
891006,246,246,246,246,0,295
891009,243.5,243.5,243.5,243.5,0,295
891010,243.25,243.25,243.25,243.25,0,295
891011,243,243.5,243,243.5,5,290
891012,242.25,242.25,242.25,242.25,0,290
891013,242,244,242,243,335,285
891016,241.5,245,241,244.5,740,520
891017,245,245.5,245,245.5,55,550
891018,244.5,244.75,244.5,244.75,5,555
891019,247,248,247,247.75,10,555
891020,247.75,247.75,247.75,247.75,0,555
891023,245.5,246.5,245.25,245.25,10,560
891024,245,245,245,245,0,560
891025,246.5,246.5,246.5,246.5,0,560
891026,247.75,247.75,247.75,247.75,0,560
891027,246.75,248,246.75,248,40,550
891030,246,246,246,246,0,550
891031,244,244,244,244,0,550
891101,245.25,245.25,245.25,245.25,0,550
891102,245.25,245.25,245.25,245.25,0,550
891103,245.75,245.75,245.75,245.75,0,550
891106,246,246,246,246,0,550
891107,245.5,245.5,245.5,245.5,0,550
891108,245.5,245.5,245.5,245.5,10,560
891109,245,246.5,245,246.25,15,560
891110,247.25,248,246.5,246.5,0,560
891113,246.5,247,246,246,0,560
891114,245.25,245.25,245.25,245.25,0,560
891115,247,247.25,246.75,247.25,55,565
891116,247.75,249,247.75,249,175,725
891117,249.5,249.5,249,249,35,735
891120,249,249.5,249,249,95,745
891121,248,248.5,248,248.5,195,835
891122,248.5,248.5,248,248,10,845
891124,248.5,248.5,245.5,245.5,65,845
891127,244,244.25,241.5,241.5,5,840
891128,244,244.5,243.25,244,140,860
891129,244,246.5,244,246.5,470,1290
891130,247.5,248.25,246.5,246.5,40,1295
891201,248,248,245.5,246,60,1350
891204,245.25,247.25,245,247.25,75,1420
891205,247.25,249.5,247.25,249.5,20,1420
891206,249.5,250.75,249.5,250.75,275,1370
891207,249.75,249.75,247,248.75,160,1325
891208,249,249,248,248.25,10,1335
891211,249.25,251,249,250,150,1435
891212,249,250.5,248.5,250.5,245,1660
891213,250,252,250,252,180,1685
891214,252,253.5,251.75,252,480,1945
891215,252.25,253,252.25,252.75,30,1970
891218,252.25,253,252,252.5,320,2270
891219,252,253.5,251.5,253.5,445,2670
891220,253.25,253.5,252.25,252.5,115,2730
891221,251.75,252,251.75,252,50,2775
891222,252,252,252,252,0,2775
891226,251.25,251.25,250.75,250.75,20,2795
891227,251,251.25,251,251.25,15,2805
891228,251,253.25,251,253.25,120,2920
891229,253,254,252.5,254,215,3115
900102,253.25,254,251.5,251.5,190,3285
900103,250.75,253.5,250.75,253.5,40,3320
900104,253.5,255,253,255,340,3615
900105,253.25,254.25,253,254.25,245,3815
900108,253.5,255,253.5,255,490,4170
900109,254.5,254.75,253.25,254.75,480,4485
900110,253,253.5,252.25,253.5,525,4735
900111,252.25,252.75,251.5,251.75,315,4975
900112,255,256,254.25,256,970,5590
900115,254.75,256,254.25,256,270,5800
900116,254.25,255.75,254.25,255.5,685,5970
900117,254.25,254.5,253,254.5,1375,6480
900118,254.25,256,253,256,760,7040
900119,254.5,256.25,254.5,256,630,7370
900122,255.5,255.75,252.75,253.5,805,7465
900123,253.25,254.75,252.5,254.5,555,7770
900124,253.5,255,253.25,253.75,310,7965
900125,252.25,252.25,251.25,251.75,290,8015
900126,251.25,252.25,250.5,252.25,355,8305
900129,250.5,252.5,248.75,252.5,470,8545
900130,252.5,252.5,251.5,252,105,8635
900131,250.5,251,250,250.25,525,8765
900201,249.5,250,248.75,249.75,1020,9130
900202,248.5,248.5,247,247.5,1475,9490
900205,247,247.5,246,246.5,1160,9800
900206,246.5,249.5,246.5,249,535,9995
900207,249,250.25,249,250.25,345,10085
900208,250,250.25,249.5,250,325,10220
900209,249.5,250.75,249.5,250.25,210,10365
900212,250.75,253.75,250.75,253.25,840,10670
900213,252.25,254,252,252.5,2965,11435
900214,252,254.25,252,254.25,1555,12725
900215,254.25,255.75,254,255.5,3270,14455
900216,254.5,254.75,253.5,254.5,285,14720
900220,254,255.25,253.75,255.25,1355,15205
900221,254.75,256.75,254.75,256.5,1510,16340
900222,255,260,255,259.5,2155,18065
900223,259,261,258.5,260.75,3545,19585
900226,259.75,260.25,258.25,259,2270,19485
900227,258,258.25,256.5,258,855,19680
900228,257.25,259.25,257,259,955,19855
900301,259.75,260.25,258,258.5,1125,20360
900302,257.5,259.25,256.75,259.25,1005,20725
900305,258.5,259.5,257.75,259.5,385,21090
900306,257.75,260.75,257.75,258,925,21465
900307,256.75,258.25,256,256.75,2010,21560
900308,255.75,258.75,254.75,258.75,1605,22165
900309,258.25,260,257.5,260,965,22355
900312,257,263,257,262.75,2380,22665
900313,261.5,263.25,260.75,261.5,3230,24015
900314,259.25,259.25,258,258.5,1240,24770
900315,257.25,260.25,257.25,259.25,1640,25150
900316,258.5,260.75,258.5,260.75,340,25270
900319,260.25,264,260.25,263.75,1640,26195
900320,262.75,264.5,262.25,264.5,1155,27350
900321,264,264,261.75,262.5,2970,28885
900322,262.5,264.5,262,263,2435,29490
900323,261.75,262,261,261.75,1250,29365
900326,260.5,262.25,259.5,262.25,1155,29880
900327,263,263.5,261,261.5,765,29905
900328,260.75,260.75,257.75,258.25,2145,30715
900329,257.5,259.5,257.5,258.75,1745,29905
900330,258.5,260,258.5,260,1710,29420
900402,263,266,262.5,264,4880,31025
900403,263.5,266.5,262.75,266.5,4250,32245
900404,266.25,268.5,266.25,268,2135,31645
900405,266.25,268,265.5,268,2080,32645
900406,268.25,268.5,264,266.25,1780,32825
900409,265.25,267,264.75,266.5,770,33255
900410,266.25,268,265.25,268,810,33630
900411,267.75,269,266.5,267.75,3140,34365
900412,266.5,266.75,265,266.5,970,34690
900416,264.75,269.75,264.5,269.5,1330,35115
900417,269.5,273,269.25,272.5,7840,38460
900418,272,273.25,270.75,271.25,3425,39320
900419,270.25,274.25,270.25,274,5650,41060
900420,274.25,274.75,272.5,272.75,3300,42260
900423,271.75,273.25,271,271.75,4150,43255
900424,270.5,271.75,269.75,270.75,2235,44415
900425,270.75,274.75,270.75,274.75,8625,47405
900426,274.5,277.25,274,277.25,6310,49175
900427,276.25,280,275.75,278.25,4360,51585
900430,276.5,277.75,276.25,276.75,3730,51740
900501,276.5,282.25,274,275,5640,53040
900502,274.75,278.75,274.25,278.25,6510,54035
900503,278.5,279,274.75,275.75,9795,60315
900504,276.5,276.5,272.75,275,7525,60360
900507,274,279.5,273,276.75,3750,60200
900508,277.25,278,275.5,276.5,2230,60390
900509,275.5,280.5,275.25,280.25,5250,61855
900510,280.75,283.75,280.25,283,6345,62735
900511,283.25,286.5,281.5,286.25,7375,65725
900514,285.75,288,283.5,286.25,14750,63215
900515,285.5,286.25,278.5,281,6670,64545
900516,279.5,280.75,276,278.5,4750,64875
900517,278,280,276.75,279.5,4335,65945
900518,279.75,280.25,273.75,275.25,6875,66770
900521,273,273,269.5,270.75,4255,67125
900522,271.25,275,270.75,272,4230,67465
900523,272.25,275.25,270.75,274,5225,68020
900524,275.75,278,275.25,277.5,4355,68200
900525,279.5,283,279.5,282.5,5525,69785
900529,283.5,285.25,279.75,281.25,3275,70395
900530,279.75,280.5,275.75,276.5,8765,70050
900531,275.25,275.5,273,274.75,5260,70290
900601,274.5,275.5,270.75,272.5,4895,70975
900604,270,271.5,267.5,271.25,5140,72260
900605,273.25,276.5,272.25,276.5,9545,72610
900606,277,280.5,275,275.25,6615,72980
900607,277.5,285,277.5,284.75,14965,77485
900608,286.25,289.5,283.25,284.75,20075,83270
900611,282.5,288.5,280.5,288.25,8200,83865
900612,289.5,291.75,288.75,291.75,13130,87230
900613,291.5,292.75,287.25,287.5,10210,89295
900614,285,285.25,280,285,17030,86775
900615,284.25,285.5,280,280.25,6475,85810
900618,277.5,286,277.25,286,10375,86785
900619,285.25,286.5,281.75,286.25,5160,85885
900620,287.5,290.75,284,284.25,14065,88215
900621,283.5,287,283.5,287,9100,89355
900622,286.75,287.25,283.25,284,5695,91835
900625,283,291.75,283,291,24565,94425
900626,289,290.5,288.25,290,7915,98130
900627,291.25,295,290.5,290.75,19120,103090
900628,291,294.5,290.5,294.25,6200,103270
900629,293.75,295.5,292.25,294.25,9065,105110
900702,297,302.5,295.5,296.25,19930,108695
900703,297.5,298.25,294.5,296,9855,109105
900705,291.5,292,286,286,40365,113470
900706,283.5,284.5,276.5,277,25710,113590
900709,278,279.25,275,279,16930,112260
900710,277.75,280.5,277.75,278.75,10775,110880
900711,276,276.25,272.25,274.5,18485,111795
900712,272.5,274,270.75,271.75,19735,109440
900713,275,275,271.75,273.75,13205,109575
900716,270.5,271.75,266.5,267.5,16360,112435
900717,267,269,265,265.25,19295,115075
900718,266,266.5,262.75,263,13900,116470
900719,263.5,264,261.75,262.75,8785,118550
900720,262.25,263,260.75,261.25,17075,120455
900723,260.5,265.75,256.5,265.5,27805,116515
900724,266,267.5,264,264.25,16520,118065
900725,263.5,266,263,263.5,12580,121045
900726,263.75,265.75,262,265.75,14095,123380
900727,266,266.75,262.75,263.25,8405,123515
900730,261.5,263.75,260.25,263.5,21590,128570
900731,263.5,265.25,261.5,262.75,12970,128330
900801,262.75,262.75,257.25,257.5,23620,133385
900802,257.25,258.25,254.25,254.5,32275,139040
900803,253.75,257.5,252,252.25,33310,141295
900806,252,257.25,251.75,256.75,18960,142650
900807,257,258.25,255.25,257,20255,140885
900808,257,257,254.75,255,23865,140390
900809,254.5,255.5,254.25,254.5,10115,141680
900810,258,258.75,253,253.5,20430,141340
900813,252.5,252.75,249.25,250,24870,144110
900814,249,251.5,249,251.25,11950,144055
900815,251.5,252.75,249.25,252.5,10010,144160
900816,253.25,254,252,252.5,9155,144780
900817,252.25,256.25,251,254,11075,145275
900820,254,256,253.25,253.5,9750,143555
900821,252.75,254.5,252,253.5,8710,143670
900822,253.5,254.25,251.25,254.25,14700,145300
900823,255.25,261,254.25,258.75,17755,148925
900824,258,260.5,258,259,10280,148495
900827,257.5,257.5,252,252.25,17935,152160
900828,251.25,253.25,250.25,251.75,16735,153725
900829,251.75,251.75,245.75,246,43430,161345
900830,245.25,245.75,242,242.25,35450,169090
900831,242.75,243.75,241.25,242,23335,172580
900904,241.25,243.5,241,243.25,15515,175985
900905,244,245,243.25,244.75,13765,174255
900906,245.75,246.75,244.75,246.5,18480,175710
900907,244.5,244.75,242.75,243,16220,176050
900910,241,244.25,239,243.75,27835,179205
900911,244.25,245.25,243.25,245.25,15510,178390
900912,244.25,244.25,243,243.25,10325,179690
900913,236.5,237.25,234.5,235.25,41130,187125
900914,235,235.75,233.5,233.75,22050,190355
900917,234,235.75,232.75,235.25,18800,191945
900918,235.25,236.5,235,236,12735,192365
900919,235.75,235.75,232,232.25,24635,196110
900920,231,235.75,230.75,233.25,24335,198970
900921,233.25,235.75,233,234.75,19230,198900
900924,234.25,238.25,232,238,31445,199710
900925,238,239.25,236.5,237.25,16235,199625
900926,236,238.5,235.75,237.75,15245,198840
900927,237.75,238.25,236.75,237.25,11710,199215
900928,237.75,237.75,236.5,237.5,22760,199015
901001,236,236.5,232.25,232.75,29290,204015
901002,232.75,235.75,232.5,234.75,17835,204690
901003,235.75,241,235.75,238.5,39520,205580
901004,238.25,240.75,237.75,240.25,31275,208520
901005,239.75,242,237.5,237.75,30520,213820
901008,239.25,243,238.25,242.75,18485,214365
901009,243.25,243.75,241.25,243.25,27375,215005
901010,242.75,245.5,240.75,244.75,33590,222735
901011,244.25,244.25,241.5,241.75,20960,221790
901012,243.25,243.75,239.5,239.75,29475,226560
901015,238,238.75,236.75,237.25,21700,228570
901016,237,238.25,235.5,235.75,22930,228450
901017,236,238.25,235.5,237.75,14980,232955
901018,238.5,238.5,236.5,237,22345,234250
901019,236.25,238,236.25,237.75,27685,238135
901022,237,240.75,236.75,239.75,21285,240310
901023,239.25,241,238.75,241,19650,242005
901024,242,243.5,241,242.25,28785,248800
901025,241,241.25,239.5,239.75,22620,245720
901026,238.75,238.75,237,237.25,29230,251205
901029,236,239.25,235.75,238.25,30380,259890
901030,238.25,241.5,238.25,240.25,26745,263110
901031,240.75,241.5,238.75,239.25,24945,265430
901101,239.25,241.5,239,239.5,28355,267565
901102,240.5,241.5,239.5,240.25,29360,272340
901105,240,241,239,240.75,46010,286710
901106,240.25,241.5,239.75,240,30285,290340
901107,240,240.5,239.25,240.5,34310,293365
901108,240.5,243,240,242.75,34245,296695
901109,242.25,245,240.75,241.25,60440,306285
901112,240.5,241.25,239.5,240.75,35870,307335
901113,241,242,239.75,240,40375,310635
901114,239.25,239.75,234,234.25,98115,320750
901115,234,234.25,231.5,232,95795,325925
901116,231.25,235.5,231,235,77830,330035
901119,235,238,235,237.75,65695,342715
901120,237,237,232,232.25,83980,354855
901121,232.5,234.75,230.5,230.75,85370,363280
901123,232.5,234,231.5,233.5,53085,372960
901126,234.5,234.5,229.75,230.5,86360,387530
901127,229.75,230.5,227.25,230,164130,398415
901128,231.5,233.25,230.75,233,156115,412785
901129,232.75,238.25,230.25,237,252975,441205
901130,238.5,239,235,237.75,151480,443710
901203,236.75,239,236.5,238.75,112825,443215
901204,239.5,239.75,236.75,237.75,142255,443640
901205,237.25,237.75,236.25,236.75,100625,446375
901206,235.75,237.75,235.25,237.25,112125,455020
901207,236.25,237.25,235.5,237,75975,451500
901210,237.25,238,236.75,238,81560,454085
901211,239,239.25,237.75,238.75,99925,454620
901212,239,240.75,237.75,239.25,132220,458965
901213,236,236.5,234.75,235.25,134940,453780
901214,235.5,237,234.75,236.5,97110,463070
901217,238,239.75,237.75,239.25,137225,468390
901218,238.5,239,237.75,238,103210,468005
901219,237,237.5,235,235.25,136540,452425
901220,234,235,233.25,234.5,95155,459145
901221,234.75,235,233.75,234,61060,452060
901224,233.5,233.75,232,233.25,48365,452050
901226,234,235,233.25,235,37775,449275
901227,234.75,235,232.75,233,66435,440770
901228,232.75,233.75,231.75,232.75,103585,443030
901231,232.75,233.25,231.5,231.75,46135,445565
910102,231.25,231.75,230.25,231.75,92650,451990
910103,232.25,233,231.75,232.25,89860,439135
910104,231.5,234.25,231.25,233.75,98255,439700
910107,233.75,236.25,233.25,235.5,129270,432860
910108,235.5,236,232.25,232.75,223955,424735
910109,232.5,232.75,230.75,231.75,125760,413780
910110,232,232.75,231.25,232.5,80395,408260
910111,232,232,230.5,230.75,87525,400040
910114,230.75,234,230.25,233.5,144350,393120
910115,234,235.25,233.25,234.75,92755,391090
910116,234.75,239,234.25,238.75,183580,384105
910117,235.75,242.5,235.5,240.25,181480,373825
910118,240.5,242.25,239,240.25,126785,367625
910121,240,240.75,239,240,68865,362945
910122,239.5,241.25,238.5,239.25,98330,356755
910123,238.75,240,238.25,238.5,66995,357125
910124,237.25,240,237,239.75,96735,361270
910125,239.75,242.75,239.5,242.5,102765,358660
910128,242,247,242,244.25,211255,370580
910129,243.5,246,243.25,245,106070,369665
910130,245,245.5,243.25,243.5,85480,367145
910131,243.25,244.75,242.75,244.25,87130,366850
910201,245,245.75,242.5,244,102600,359745
910204,243,244.75,242.5,244.75,89360,356260
910205,245,245.25,243,243.25,84390,348575
910206,242.75,243.25,241.5,241.75,96070,344025
910207,241,241.25,238.75,239.25,140205,330910
910208,239.5,240.75,238.75,240.25,74840,321960
910211,240.25,242.75,239.75,241.25,80925,314500
910212,238.75,239.5,237.5,238,120045,306475
910213,239,239.75,237.75,239.25,82815,301560
910214,239,240,238.25,238.75,59340,295410
910215,239,239.75,238.25,239.5,76085,283860
910219,239.5,240.5,239.5,239.75,73720,267350
910220,240,240,238.5,239,71015,248110
910221,239,239.75,238.25,238.75,67595,234100
910222,238.75,238.75,238,238.25,62700,215220
910225,238.5,239.5,238.5,239.5,80555,202065
910226,240,241.5,240,240.5,130135,171240
910227,240.5,240.75,239.5,239.75,192410,102490
910228,239.5,241.5,239.25,241.25,94515,86615
910301,242,244.5,241,244,62760,65040
910304,245,247.5,244,246,49495,55535
910305,245.25,246.75,244.75,246,39045,48275
910306,247,248,245.75,246.25,39230,43105
910307,246,246.75,245.25,246.5,32985,42395
910308,246.25,248,246.25,247.75,33910,35770
910311,248.25,248.25,245.5,246.25,29415,30645
910312,247,251.5,245,250.75,30305,25400
910313,250.5,251.75,249.25,251.25,22970,21400
910314,251.25,251.25,249,249.25,15505,14810
910315,248.5,249,242.5,242.75,13155,9070
910318,241.5,243,240,242,8390,4965
910319,243,244,242,242.5,6840,620
