900322,268.5,268.5,267,267,5,5
900323,266.5,266.5,265.75,265.75,360,305
900326,265.75,266.75,265.75,266.75,10,315
900327,266.75,266.75,266,266,5,320
900328,265,265,263,263,5,325
900329,263.75,264,263.75,263.75,0,325
900330,264.5,264.5,264.5,264.5,0,325
900402,269,270,268.5,268.5,140,425
900403,268.5,271,268.5,271,250,530
900404,272.75,273,272.25,273,200,630
900405,272,272.5,272,272.5,170,785
900406,273.5,273.5,270,271,655,925
900409,270.5,271.5,270.5,271,0,925
900410,271,273,271,272.75,15,930
900411,271.5,274,271.5,273,25,940
900412,272.5,272.5,271,271.75,135,1025
900416,270.5,274,270.5,274,95,1105
900417,275,277,274.5,277,210,1110
900418,277.5,278,276.25,276.25,45,1140
900419,276,279,276,279,20,1140
900420,279.5,279.5,277.25,277.25,90,1140
900423,277,278,277,277,20,1150
900424,277.5,277.5,276,276,230,1215
900425,278,279.25,278,279.25,25,1235
900426,280,281.5,280,281.5,190,1330
900427,280.5,284.5,280.5,283,125,1375
900430,282,282.25,281.25,281.75,30,1380
900501,284,286,280,280,75,1380
900502,279.5,282.5,279.5,282.5,220,1550
900503,281,281.5,280,280,100,1565
900504,279.5,280.5,278,279.5,20,1565
900507,279.75,284,279.75,281.25,205,1645
900508,281.5,282.5,281,281.25,100,1725
900509,281.5,285,281.5,284.5,45,1740
900510,285.5,288.25,285.5,287.75,90,1745
900511,289,291,287.5,291,1005,2475
900514,291,294,290,291,350,2775
900515,292,292,286,286,280,2885
900516,285.5,286,281.5,283.5,370,3005
900517,284,285,284,284.5,755,3510
900518,286,286,280,280,460,3930
900521,275.5,280.25,275,275.25,1255,4505
900522,276.75,281,276.5,276.75,2205,6115
900523,277.75,282,277,279,825,6800
900524,282.5,284.5,282,282.5,745,7055
900525,286.5,288,285.25,287.25,1735,7850
900529,290,291.25,286,286.25,700,8160
900530,286.5,286.5,281.5,281.5,470,8095
900531,279.75,281,279.25,279.75,400,8225
900601,280,282,277.75,278,700,8380
900604,276,276.75,274.5,276.75,300,8520
900605,280,282,278.25,281.5,275,8680
900606,284,286.75,281,281.25,980,9260
900607,288,291.25,286,290.25,5000,11895
900608,292,295,287,287.5,2185,12910
900611,288,293,287,292.75,420,13120
900612,294,297,294,296.75,750,13390
900613,297.5,298,292,292.25,595,13520
900614,290.5,291,287,289.75,430,13620
900615,289.75,290.75,284.5,284.75,605,13610
900618,284.5,291.75,284,290.75,540,13685
900619,291.25,291.5,287.75,291.25,335,13805
900620,294,296.25,289,289,695,13775
900621,289.75,292.5,289.75,292,965,14450
900622,293,293,289.5,289.75,1385,15115
900625,290,297.75,290,297.5,1115,15630
900626,295,297.75,295,297.75,2255,14730
900627,298,301.5,297,297.25,2580,15955
900628,298.5,300,297,299.75,1870,15990
900629,300,302,299,300.25,1380,16160
900702,301.5,308.25,301.5,302.5,4540,17815
900703,302,303.5,300.5,302,2015,18930
900705,296.5,297.5,292,292,2870,19060
900706,290,290.5,284,284.25,4020,18710
900709,284.5,285,281.5,284.5,5330,16325
900710,285.5,286.75,284.25,285.25,2655,16080
900711,283,283,279.75,282,2020,16725
900712,279.5,281.5,278.25,279.25,2335,16710
900713,281.5,282.5,280,281,3255,18265
900716,279,279,275,275.25,3165,18525
900717,275,277,272.5,272.5,2965,18910
900718,274.5,274.75,269.5,270,3475,19645
900719,271.25,271.5,269.75,269.75,935,19685
900720,269.75,270.5,268.75,268.75,1630,19735
900723,268,273.25,264.75,273.25,4670,21825
900724,273,275.5,272.25,272.25,2955,22320
900725,271.75,275,271.75,272.25,2510,22160
900726,272,273.5,271,273.25,1665,22455
900727,275.5,275.5,271,271.5,1150,22820
900730,270.5,272.25,270.25,272,5680,24275
900731,273.25,273.25,270.75,272,1195,24455
900801,271.25,271.75,267,267,3185,26060
900802,266,267.75,264.25,264.25,2795,27155
900803,264,266.75,262.25,262.5,4265,28025
900806,262.5,267,262.5,266.75,2150,28725
900807,266.75,267.5,265.5,267.25,3195,29025
900808,266.5,266.75,265.5,266.25,5225,31365
900809,265.5,266.25,265,265.25,3050,31870
900810,268,269.25,262.5,262.75,4260,33090
900813,261.75,262.75,260,260.75,3965,33235
900814,259.75,261.5,259.75,261,1650,33365
900815,262,262.25,259.25,262.25,2930,34130
900816,262.75,263.75,261.5,261.5,1700,34455
900817,261.25,265.25,260.75,263,1305,34640
900820,263.5,265.5,263.25,263.5,1025,34745
900821,263,263.75,262,262.75,2055,35425
900822,262.25,263.5,260.75,263.25,4915,36060
900823,264.5,269,264,269,4525,37925
900824,268,270,268,269,1940,37625
900827,266,266.5,262.5,262.75,5275,39800
900828,261.25,263.5,261,262.5,2135,40045
900829,261.75,262,257,257,7890,45025
900830,256,257.25,253.25,253.5,14455,50305
900831,254.75,255.5,253,253.5,10430,52715
900904,253.25,254.75,252.5,254.75,3810,52895
900905,255.5,255.75,254.5,255,3320,53800
900906,255.75,256.75,254.75,256.5,7460,55735
900907,255,255.5,253.25,253.5,8100,59245
900910,251.5,254.75,250.5,253.75,8675,59845
900911,254,255.5,253.75,255.25,5545,61670
900912,254,254.5,253.5,253.75,6895,63825
900913,247,247.75,245.25,246,15700,68700
900914,246.25,246.5,244.5,244.75,9540,70720
900917,245,246.75,243.5,246,4770,71530
900918,246.5,247.5,246,246.75,4550,71495
900919,245.75,246,242.5,242.75,6220,73210
900920,242.5,245.5,242.5,244,9240,76920
900921,244,246.25,243.75,245.25,11110,75890
900924,244,247.5,242,247.25,9080,77005
900925,247.75,249,246.5,247,8035,79365
900926,246,247.25,245.25,247,9715,78100
900927,247,247.75,246,246.5,4215,79325
900928,247,247,245.25,246.5,9090,79885
901001,245,245.5,241.5,242,9725,82630
901002,242,245,241.75,244.25,4525,83600
901003,246,250.25,246,247.75,10995,85815
901004,247.75,249.75,247.25,249.5,10215,86370
901005,248.5,251.5,247.75,248,7280,86930
901008,249.5,252.25,248.25,252,5820,87235
901009,252,253.5,251,253.25,8110,88720
901010,252.5,254.5,250.25,253.75,11085,90150
901011,252.75,253,250.5,251.25,9060,91525
901012,253,253.25,249,249.25,11510,94245
901015,247.5,248,246.75,247.25,9120,94485
901016,247.25,248.25,245,245.25,12075,98350
901017,245.5,247.75,245.25,247.5,6480,99780
901018,248,248.25,246,246.25,9325,100435
901019,246,247.5,246,247.25,8835,101830
901022,246,250.25,246,249.75,7685,102435
901023,249.5,251,248.75,250.75,9595,103765
901024,251.25,253.75,251.25,252.75,16690,110055
901025,251.75,252,250,250.25,15135,113810
901026,249,249.5,247.5,247.75,12855,117930
901029,246.5,250,246.5,249,14055,121325
901030,249,252.25,249,251.5,12235,122660
901031,252.25,252.5,249.5,250,14805,126725
901101,250.25,252.5,250,250.75,13365,130615
901102,251.5,252.75,250.75,251.75,14570,134125
901105,251.5,253,251,252.75,28305,139905
901106,252.25,253.25,251.5,251.75,12415,142965
901107,251.75,252.75,251,252.75,18695,146790
901108,252.75,254.75,252.5,254.75,8370,148185
901109,254.25,257.5,253,253.5,23940,154240
901112,252.75,253.5,252,253.25,10620,157365
901113,253.75,254.25,252,252.25,19670,161225
901114,251.75,252,246.5,246.75,27145,168815
901115,247.25,247.25,244.25,244.5,27505,174885
901116,244,249,244,248.5,22230,178305
901119,249,251.75,248.75,251.25,14650,181895
901120,250.5,250.75,246,246.25,22850,184951
901121,246.25,249.25,245.5,245.75,20745,188485
901123,246.5,249,246.5,248.5,20225,189085
901126,249,249.25,245.5,245.75,21440,194815
901127,245,245.5,241.5,244.75,38055,203875
901128,246,247.5,245.5,247.5,37530,214135
901129,247.5,251.25,244,250,42040,221010
901130,250.5,251.75,248,250.5,23385,221090
901203,250.75,251,249.25,250.75,16665,224270
901204,251,251.5,249,250.25,18715,223485
901205,249.75,250.25,248.5,250,15410,223620
901206,248.75,251.75,248.75,251,16805,225700
901207,250.5,250.75,249.25,250.5,12690,226430
901210,250.75,252.25,250.5,252,19920,228075
901211,253.5,253.5,252,253,23680,231310
901212,253.5,254.75,252.25,253.25,19160,233985
901213,249.5,251,249.5,250,25110,236805
901214,250,251,249.5,250.75,14205,240850
901217,251.25,253.75,251.25,253.5,16320,243360
901218,252.5,253,251.75,252.25,11580,244475
901219,251.75,251.75,248.5,248.75,19725,247850
901220,247.25,248.5,247,248,18600,248355
901221,248.5,248.5,247.25,247.75,12695,248570
901224,247.75,247.75,246,247.5,11025,254840
901226,247.75,249.5,247.75,249.25,7960,252920
901227,248.75,249.25,247.5,247.75,11140,254375
901228,247,248.25,246.5,247.25,13870,254540
901231,246.75,247.25,246,246.25,12250,257025
910102,245.5,245.5,244.25,245.25,19250,261100
910103,245.5,246.75,245.5,246.25,20035,266575
910104,246,248.5,245.5,247.5,16845,268410
910107,246.75,249.25,246.75,248.75,24680,273775
910108,248.5,249.25,245.25,245.5,42115,272720
910109,245,245.5,243.75,244.75,26730,272530
910110,244.25,245.5,244,245.25,23190,271560
910111,245,245,243.5,243.75,24100,273960
910114,243.5,247,243,247,54035,277790
910115,247,249.5,247,249,27200,277275
910116,248.5,253.75,248.5,253.25,56420,281825
910117,250,256.5,249.5,255,64170,283750
910118,254.75,256.25,253.25,254.5,51180,285355
910121,254,254.75,253,253.75,18855,285435
910122,253.5,254.5,252,253.25,26330,284935
910123,253,253.75,251.75,252,12105,286150
910124,250.5,254,250.5,253.75,22065,286015
910125,253.75,257,253.5,256.75,32475,286185
910128,257,261.75,256.75,258.5,78255,300765
910129,257.75,260,257.25,259,36765,301240
910130,259,259.75,257.25,257.5,24240,298960
910131,257,259,256.75,258.5,25500,304260
910201,259.5,260,256.25,258,33465,303570
910204,257.5,259,256.75,258.75,14935,306225
910205,259,259.25,257,257.25,19780,306370
910206,256.5,257.5,255.5,255.75,19490,306300
910207,254.75,255.25,253,253.25,37850,306430
910208,253.5,255,253.25,255,22045,308015
910211,255.5,257.75,254.5,256.25,28170,309995
910212,253.5,254.25,252,252.75,41645,312800
910213,253,254.75,252.5,254,27285,314555
910214,253.75,255,253.5,254,14880,315625
910215,253.75,255.25,253.75,255,20460,319445
910219,255.25,256,255,255.5,20495,326170
910220,255.25,255.75,253.25,254.25,27955,328925
910221,253.75,254.5,253.5,254.25,25400,333835
910222,253.75,254.5,253.25,254,20430,334845
910225,254.5,255.5,254.25,255.5,29115,340410
910226,256,258.25,256,257,53230,353045
910227,256.25,257.25,256,256.25,40285,360405
910228,256.25,259,256,258.75,51530,372590
910301,259.75,263.25,259,262,91115,399540
910304,263.5,265.25,261.75,263.25,71670,416255
910305,263,264.25,262.25,263.75,48675,419075
910306,265,265.25,263,263.25,55875,425030
910307,262.25,263.5,262,263,34455,424865
910308,263,265.25,263,265,35915,427090
910311,266,266,261.25,261.5,61875,436375
910312,261.75,267.25,260,266.25,79100,442710
910313,266,267,265,266.5,56895,443625
910314,265.25,266,264.25,264.5,46990,442885
910315,262.5,263.75,256,256.5,136355,427135
910318,254.5,257.25,253.5,256,82695,416130
910319,256.75,258.5,256.25,258.25,44205,407325
910320,258.5,259.75,257.25,258.5,61995,405440
910321,258,261,257.25,259,62450,406635
910322,259.5,260.5,258.75,260.5,32550,406335
910325,260,260.5,258.5,259.25,40350,401785
910326,258.5,259,256.5,256.75,40640,399920
910327,256.25,258,255.75,257.5,39250,405055
910328,258.25,259.75,258.25,259.5,25725,396450
910401,263,265.5,262,264.75,75355,406200
910402,264.25,265,263.25,263.75,48920,406420
910403,263.75,267,263.5,265,74395,421360
910404,264.5,264.75,263.25,264.25,47845,424615
910405,263.75,266,263.5,265.25,47065,428295
910408,265.75,268.5,265.5,266.25,99510,446510
910409,265.75,265.75,261.5,261.75,99660,434280
910410,262,264.75,261.25,264.25,63175,443935
910411,263.5,265.5,261.5,265,77260,443505
910412,266,266.5,264.75,266.25,52675,440845
910415,267.25,268.5,263.5,263.75,105185,453235
910416,263.75,264.75,263,263.75,77640,452680
910417,264,265.5,259.5,260.5,131245,455985
910418,261,261.25,259.75,260.5,76670,453785
910419,262.25,264,260.5,263.75,87885,456060
910422,263.75,265,261,261.5,105260,452800
910423,261.25,263.5,260.5,263.25,88810,452635
910424,264.25,264.75,261.5,262.25,90280,459650
910425,262,263,260.75,262.25,86730,462180
910426,262,262.25,260,260.25,91770,471900
910429,259.25,259.25,255,255.5,237685,498140
910430,256.25,256.5,253.75,254,168920,495910
910501,254.25,255,252.25,252.5,156785,497450
910502,252.25,254,251.25,253.5,147135,497385
910503,253.25,255.25,253,254.25,109445,494440
910506,255.25,256.25,254.25,255.5,72005,494155
910507,255.75,255.75,253.25,253.75,109845,485705
910508,252,252,248.75,249,171070,474255
910509,249,250.5,248.75,249.75,81840,466530
910510,248.75,249.5,246,246.5,129350,463565
910513,244.75,245.75,244,245.25,115415,459195
910514,245.75,247.5,244,247.25,106740,458160
910515,248,248.5,245,245.5,93540,461625
910516,246.5,247.5,245.5,246.5,80905,465270
910517,247,247.75,245.5,246,58555,465360
910520,246.5,247.5,245.75,247.5,59265,455675
910521,247,251,247,250.75,105785,459815
910522,250.75,252.5,249,249.75,138525,458055
910523,249.25,251.25,248.25,251,88925,454180
910524,251,252.25,248.75,250.25,92985,450910
910528,248,249.5,243.25,246.75,164280,446815
910529,247,247.5,244.5,245,113060,437390
910530,244,244.75,242.75,243.5,120330,435245
910531,244.5,246.75,244,245.75,95215,432400
910603,247.25,250.25,247.25,249.75,103170,421275
910604,249,249.5,246.5,246.75,105920,416040
910605,246,246.75,245.25,245.75,92380,415325
910606,245.5,248.25,244.25,245,108010,410095
910607,245,246.25,243,245.75,104275,407030
910610,245.25,245.75,238,238.75,175065,388065
910611,238.25,239.25,235.5,236.75,160785,372010
910612,243,245,238.5,238.75,136815,356585
910613,237.75,241,237.75,240.75,104975,347205
910614,240.75,242,240.5,241.75,90700,342400
910617,241,241.25,237.25,238.25,84870,335030
910618,239,239.25,237.25,237.75,80615,321990
910619,239,241.5,238.5,241.25,83250,313150
910620,242.5,242.5,238.5,239,86705,296120
910621,238.25,239,234.25,234.75,94055,269895
910624,235,237.5,235,237.25,98890,223455
910625,238,238.5,236,237.5,99135,203635
910626,237.5,239.75,236.75,237.25,106985,175080
910627,235.5,236.25,231.25,231.75,158165,116540
910628,227.75,228,223,225,103685,95280
910701,228,231.5,226.5,231.25,48500,82280
910702,234.5,237.25,228.5,232.75,52020,68525
910703,232.75,235,231.25,234.5,36030,55200
910705,233.5,234.25,230,231,26295,45365
910708,231.25,231.25,223.5,223.75,22065,39420
910709,225.25,227,223,224.5,19515,31350
910710,223.5,228.25,223.25,228,9560,27735
910711,228,229.25,226.75,227.5,8025,24645
910712,228.75,233,228.75,232.75,8510,20655
910715,235.75,238.5,235,237.5,7845,18130
910716,243,247,241.5,247,9990,14390
910717,248,251,243.5,244.25,14195,8535
910718,244,245,236,236.75,5205,5650
910719,235,236,232.5,233,4280,2960
910722,235,243.25,233,234.5,4155,730
