900920,249,249.75,249,249.75,5,5
900921,249.75,249.75,249.75,249.75,0,5
900924,250,251,250,250,30,25
900925,250.25,253,250.25,252.5,20,35
900926,250,251.5,250,251.5,5,40
900927,252,252,252,252,0,40
900928,251.25,251.5,251.25,251.5,10,30
901001,250,250,249,249,100,130
901002,250,252.25,250,251.5,105,210
901003,255.25,255.25,253.75,254,60,215
901004,254.5,255.5,254.5,255.5,5,220
901005,255.25,256,255.25,256,40,230
901008,258,258,258,258,0,230
901009,257,258.5,257,258.5,30,225
901010,257,259,256.75,259,50,220
901011,257,257,255.5,255.5,20,220
901012,257,257,256,256,105,270
901015,254.75,254.75,254,254,5,270
901016,255,255,253.5,253.5,150,420
901017,254.5,254.5,254.5,254.5,0,420
901018,253,253,253,253,0,420
901019,253.5,253.5,253.5,253.5,0,420
901022,255.5,255.5,255.5,255.5,0,420
901023,257,257,257,257,0,420
901024,258.5,258.5,258.5,258.5,10,430
901025,257,257,256.25,256.25,15,430
901026,255,255,254,254,130,550
901029,253,255.75,253,254,30,570
901030,255,255,255,255,0,570
901031,254.5,254.5,254.5,254.5,5,570
901101,256,256,256,256,0,570
901102,257.5,257.5,257.5,257.5,0,570
901105,258.5,258.5,258.5,258.5,0,570
901106,258.5,258.5,257,257.5,15,580
901107,257,257.5,257,257.25,35,590
901108,257.5,260,257.5,259.75,125,710
901109,259.5,262,259.25,259.25,55,760
901112,258.5,259,258.25,259,390,1095
901113,259,260,258.25,258.5,20,1095
901114,253.25,253.25,253.25,253.25,0,1095
901115,252.5,252.5,252,252,15,1100
901116,253,256.5,252.75,256.5,535,1635
901119,256.5,258.75,256.5,258.75,20,1635
901120,257,257,254.5,254.5,65,1655
901121,254.5,257,254.5,254.5,320,1940
901123,254.75,256.5,254.75,256.25,15,1925
901126,256,256,254,254.5,60,1930
901127,253.25,253.25,251,252.75,125,2000
901128,254.5,255,254.5,255,350,2190
901129,254,256.5,252,256.25,1030,3105
901130,256,257,255,256.75,335,3030
901203,256.25,257.25,256.25,256.75,140,3050
901204,256.5,257.25,256.5,257,25,3070
901205,256,257.25,256,256.75,35,3080
901206,256.75,258.5,256.75,257.5,55,3115
901207,255.75,257,255.75,256.25,190,3190
901210,257,258.25,257,258.25,135,3190
901211,258,259.75,258,259.75,160,3270
901212,259.25,261,259.25,260.75,495,3415
901213,257.5,259.75,257.5,258.75,265,3580
901214,258,259.25,257.75,258.75,145,3715
901217,259.75,261.25,259.5,261.25,230,3905
901218,260.25,261,260,261,180,3960
901219,260,260,258,258,1565,5145
901220,256.5,257,256,256.5,595,5285
901221,256.5,256.75,256,256.75,650,5270
901224,255.25,257,255.25,257,55,5260
901226,256.75,258.5,256.75,258.25,90,5305
901227,259,259,258,258,110,5385
901228,257,258,257,257.5,1065,6355
901231,257,257.25,256.5,257,30,6385
910102,255,255.5,254.25,255.5,75,6460
910103,256,256,255.25,255.75,225,6535
910104,255.75,257.25,255.75,256.25,375,6710
910107,256,256.5,255.75,256.5,55,6705
910108,256.5,256.5,255,255.75,250,6780
910109,255.25,255.25,254,254.75,105,6855
910110,254.75,256,254,256,225,7030
910111,255,255.75,254.75,255.5,1025,7045
910114,254.25,256.75,254,256.75,625,6865
910115,256.5,259,256.5,258.75,260,6985
910116,258.75,262.5,258.25,262.5,810,7580
910117,260,264,260,263.75,585,7960
910118,262.5,263.25,261.75,262.25,2090,8275
910121,260.75,261.25,260.5,260.75,170,8330
910122,260.25,262.25,260,261.75,495,8385
910123,261.75,261.75,260.75,260.75,165,8415
910124,260,263,260,263,155,8565
910125,262.75,266.5,262.75,266.25,2230,8580
910128,265.5,270,265.5,266.25,3720,8860
910129,265.75,269,265.25,267.5,945,8495
910130,267,268,266,266.5,1175,8780
910131,266.25,267,265.5,266.75,705,8960
910201,267.25,267.25,265.25,267.25,620,9155
910204,266.25,267,265.75,267,655,9280
910205,267,267,265.5,265.5,445,9325
910206,264.75,265.5,263.5,263.5,180,9405
910207,263,263.5,261.75,262.5,520,9610
910208,263.75,264.5,262.75,264.5,145,9570
910211,264,266.5,264,265,570,9810
910212,262,262.75,261.25,262.5,1320,10195
910213,262.75,264.75,262.25,264.5,1310,10415
910214,264,265.75,264,265,1080,10810
910215,264.5,266.75,264.5,266.75,345,11080
910219,266.75,267.5,266.5,267,740,11645
910220,266.5,266.5,264.75,266,1040,12035
910221,265.25,266,265,265.75,435,12325
910222,265,266.75,265,266.75,1015,12555
910225,267,268.5,266.5,268.5,1330,13065
910226,268.75,269.5,268.75,269,1240,13835
910227,268.25,269.5,267.5,268.25,555,14175
910228,268,271,267.75,270.75,2630,15940
910301,270.25,274.5,270.25,273.5,4330,18510
910304,273.25,275.25,272.25,274.25,5260,21160
910305,272.75,274.25,272.5,274,1640,22070
910306,274,274.25,271.75,272.25,1870,22450
910307,271.25,272,270.75,272,1230,23040
910308,272,273.5,271.75,273.25,1335,23405
910311,272.5,272.75,270.75,271,1315,23830
910312,270.75,274.75,270,274.5,2275,25230
910313,273.75,274.75,273.25,274.25,3500,26000
910314,273.75,275,273.25,274.25,3415,27225
910315,273,273,268,268.25,1730,27410
910318,265,267.25,264,265.75,1055,27810
910319,265.75,267.75,265.25,267.5,825,27875
910320,266.75,267.25,265,265.25,480,27945
910321,264.75,265.5,262.75,264.25,2205,28135
910322,265.5,266,264.5,265.5,285,28210
910325,265,265,262,263.5,2100,28375
910326,262.5,263.75,262,262.25,1230,28620
910327,261,263,261,262.5,7010,31575
910328,263,264,262.5,264,1215,31825
910401,268.75,272,268.5,271.75,1575,32395
910402,270.75,272,270.25,270.75,1925,33225
910403,270.5,274,270,272.5,9625,31995
910404,271.5,271.75,270.25,271.25,2195,32670
910405,270.75,272.25,270.25,271.25,3490,32690
910408,270.75,273.75,270.75,272,3815,33360
910409,271.25,271.5,268.25,268.25,1460,33405
910410,268.75,271.75,268.25,271.5,1885,33785
910411,270.5,272,269.25,272,1100,34175
910412,272.25,272.75,271,272.25,990,34660
910415,272.25,272.75,269,269.25,1440,35305
910416,268.5,270.5,268.25,269.5,1430,35595
910417,269,271,265.75,266.5,1530,36220
910418,266.25,267,265,265.75,1115,36865
910419,266.75,268.25,265.5,268,2070,37345
910422,267.5,267.75,264.25,265.25,3480,37305
910423,265,268,263.75,268,3165,38390
910424,269,269.25,265,266,1415,39010
910425,265.5,265.75,263.25,265.25,2120,40160
910426,264,264.25,261.75,262,5330,40625
910429,260.5,261,258,258,6005,41810
910430,259.5,260.5,258.25,259,1915,42320
910501,259.5,260,258.25,258.5,1735,42455
910502,258.5,260.5,257.75,260.25,11370,48145
910503,260.75,261,259.5,260.5,1825,47940
910506,262,262.5,261.25,262.5,1510,48460
910507,262.5,262.5,259.25,260,1935,48980
910508,256.5,256.75,254.5,255,1850,49055
910509,255.25,255.75,254.25,255.25,3995,48965
910510,254.5,254.75,250.75,251.25,2215,49430
910513,250,252.25,249.75,252.25,2750,49955
910514,252.5,254.5,251.5,254.5,2475,50120
910515,255,255.25,252.75,253,1430,49800
910516,252.75,253.75,252,253.5,2095,50335
910517,254,254,252,253,1450,50370
910520,253.5,254.5,252.75,253.5,840,50675
910521,252.5,255.5,252.25,255.5,6865,51145
910522,255,257.75,254.75,255.25,4370,51725
910523,254,257.5,254,257.5,2715,52035
910524,256.75,258,255.75,256.75,2315,52710
910528,255,255.25,249.5,253.25,6030,50085
910529,253,253.25,249.75,250.5,2140,50310
910530,249.25,250.75,248,249.75,3585,52060
910531,251.5,253.5,250.75,253,4380,53235
910603,254.25,256.25,254.25,255.75,3140,53845
910604,255.25,256.25,253.25,253.5,2140,54745
910605,252.5,255.5,252.5,254.25,2825,54595
910606,253.75,258,253.25,255.5,4140,55165
910607,255.75,257,253.25,256.75,1925,55030
910610,255.25,255.75,250,250.25,6945,56555
910611,250.5,251.5,249,249.75,6555,57345
910612,254.5,255,249.25,249.75,4340,58780
910613,249.25,250,247.5,248.5,6495,58965
910614,248,251,248,250,2860,59035
910617,249.5,250.5,245,245.5,6325,59835
910618,246.25,247.75,245.75,246,6790,59470
910619,247.5,250.5,247.5,250.5,16710,63400
910620,250.5,251.5,246.75,247.25,12275,67095
910621,246.5,247,243,243.75,13530,69355
910624,244.75,248.5,244.75,248.25,11330,71130
910625,249.25,249.75,245.75,246.75,11670,72150
910626,247.75,250,246.75,248,15945,74630
910627,245.5,246,242.5,243,15405,76815
910628,236.5,237.5,233,234.25,28350,79370
910701,235.75,239.75,235,239.5,9295,78600
910702,241,244,233.75,238,21190,80965
910703,237.75,238.5,235.5,238,10615,81590
910705,236.25,236.25,232.75,233,15650,85815
910708,232.75,234.5,228.5,228.75,18655,88800
910709,230,232.25,229.5,229.75,12020,90310
910710,228.75,233.5,228.5,232.5,10835,91460
910711,231.5,233,230.75,231,14065,93180
910712,232,236.25,232,235,18665,98105
910715,237.75,239.5,236.5,237.5,13610,99385
910716,240.5,247,240.5,246.5,25630,100595
910717,245,252.75,245,248.75,36115,109170
910718,244.5,245.75,240.5,241.75,21050,108070
910719,238.5,242,238.5,239.5,8340,107930
910722,241.5,248.5,241.5,247.5,20340,112685
910723,257,257.5,255,257.5,21700,118120
910724,256.5,258.25,253.5,256.5,26005,120310
910725,255.5,262.25,255.5,259.25,34300,128275
910726,259.25,262.5,257.25,262.25,23920,123140
910729,272.25,272.25,267.75,269.25,29215,131155
910730,266.5,268.25,264.75,265.25,18865,133970
910731,264,271,262.5,270.25,26250,137580
910801,273,277.25,272.5,274.25,41340,143565
910802,275,277.25,272.75,275,27660,149220
910805,269,270,265,265,15840,147630
910806,257.5,264.5,256,264.25,26055,144755
910807,260,264,258.25,259.25,18625,145360
910808,256.5,261.5,256,260,14245,145525
910809,262,263.5,261.5,261.75,7570,145860
910812,263,265.25,262,264.75,15315,148890
910813,262.75,265,261.25,264,33285,157695
910814,265.5,266.25,255,255.5,21860,155465
910815,254,258.75,254,258.5,23085,160450
910816,259,260,255.75,257,22735,162620
910819,247,249.75,247,247,46630,166105
910820,247,248,243.5,245,35290,166155
910821,255,255,255,255,9085,165610
910822,259,262.75,256.5,262.5,29745,168200
910823,261,262.5,260,262,14080,168590
910826,264,268.5,262.5,265.75,27260,171700
910827,265,265.25,262.25,262.5,12100,172505
910828,262,265.25,261.25,261.5,19990,176565
910829,260.25,261.5,259.5,260,17990,180925
910830,260.25,262.5,260,262.25,14385,182675
910903,262,263.5,261,261.25,14415,185620
910904,260.75,262,258.25,261.5,21560,189040
910905,261,261.5,260,260.25,11070,189630
910906,259.5,259.75,258,258.25,9735,192300
910909,257.75,260.25,257,258.25,14500,194985
910910,257.75,258.25,257,257.5,18265,197835
910911,258,260.5,258,259.5,16130,199075
910912,260.5,263.75,260.5,262.75,22730,201100
910913,264,265.5,260.5,260.75,29825,208405
910916,262.5,264.25,261.75,262.5,18095,208530
910917,263,263.75,261,262,13125,211255
910918,262,264,261.5,264,22185,213440
910919,260.5,262.5,260,260.75,26095,212830
910920,263,263.75,257.75,258,45995,219970
910923,257,257,256,256.75,26415,224585
910924,257,258.25,256.25,256.5,37790,234400
910925,258,258,255,255.25,42490,241140
910926,254.5,255,253.75,254,33310,245730
910927,253.5,255,253.25,254.5,36065,253080
910930,254,258.5,254,257.25,36340,262790
911001,259,262.75,258,262.5,39760,264665
911002,263.25,263.25,261.25,261.75,43750,270025
911003,260.5,261,259.25,259.5,32940,273085
911004,259.5,262.75,259.25,261.75,42625,282230
911007,259.5,261,258.5,260.25,34345,292980
911008,259.25,259.75,257.5,257.75,38460,303525
911009,257.25,258.25,256.5,256.75,33240,306685
911010,256.5,258.5,256.5,258.5,23380,311990
911011,251.5,261,250.75,259.5,55930,316695
911014,257.5,258.75,256.75,257.5,36675,323985
911015,257.25,257.5,255.5,255.75,32985,328155
911016,254.75,256.5,254.5,255.5,34185,334870
911017,256.5,258.25,256,257.25,30810,342005
911018,256.75,261,256.25,260.25,35905,350285
911021,260.75,261.75,259.75,260,39340,359310
911022,259.75,264.75,259.25,264,62035,377060
911023,263.25,265.5,262.5,262.75,64215,393175
911024,262,263.75,261.5,263.25,39410,400155
911025,262.75,263.25,260.25,260.5,47270,406595
911028,259.25,261.25,258.5,260.25,49595,411280
911029,260.25,263.5,259.25,262.5,46075,419480
911030,262.25,262.75,259.75,260,45695,427070
911031,260.5,262.75,258.5,259.25,55010,429380
911101,259.5,262.5,259.5,262.25,37550,432175
911104,262.5,262.5,258.75,260.25,36825,437925
911105,259.75,260.75,257.75,258.25,54085,447130
911106,256.75,256.75,255,255.5,66120,450085
911107,255.5,255.75,253.5,254,66700,456535
911108,254.5,255.25,253.5,254.5,35485,458675
911111,254.25,254.25,251.75,252.5,48000,465880
911112,252.5,253.25,252,252.75,39400,473395
911113,254.25,255.75,253.25,255.75,57120,483245
911114,255,255.75,253,254.25,60125,495550
911115,254,254,250,250.25,87030,494845
911118,248.5,253,248,252.75,115095,519810
911119,252.75,253,250,250.5,69860,521340
911120,251.25,254.5,250.75,252.25,88450,529460
911121,252.25,253.25,251,251.25,114170,533200
911122,250.75,251.75,250.25,250.5,74205,537285
911125,250,251,248.75,249.75,100225,547280
911126,249.25,250.5,248.5,249,130945,575110
911127,249,249.75,248.25,248.5,122350,601535
911129,248.75,249.5,246.75,247.5,72840,608410
911202,247.5,250.25,246.5,250,120180,606160
911203,252.25,252.25,247.5,248,143655,612600
911204,246.75,249.25,246.25,248.75,139090,613055
911205,249,250,247.75,248,101710,617635
911206,247.75,249,246.25,246.5,91900,610380
911209,245.75,247.75,245.5,247.5,85220,604130
911210,248,248.5,246.5,246.75,85160,607265
911211,246.75,247.25,245.75,247,77150,603895
911212,248.5,248.5,247,247.75,72050,603845
911213,248,254.75,247.5,252.75,193750,601815
911216,251.75,253.75,251.25,253.5,118040,605410
911217,252.75,254.5,252.25,253.25,107650,609135
911218,253,256.5,252.5,256,159035,603185
911219,255.75,256.25,253,253.25,112270,594970
911220,253,254,252.25,253.75,83890,592460
911223,253.5,255,253,254.75,65650,592760
911224,254.5,254.75,253.5,254,37790,593465
911226,254.75,255.5,254,255,42115,591800
911227,255,255.5,254,254.25,52405,589370
911230,253.75,253.75,251.25,251.75,96625,581545
911231,251,252.25,251,251.5,67930,569900
920102,251.25,252,250.25,250.5,88275,571735
920103,250,250.75,248.5,248.75,125505,562605
920106,248.5,251,248,249.75,101500,557720
920107,249.75,250.25,249,250,89865,548800
920108,250,253.25,249.75,253,105150,546125
920109,252.5,254.25,250.5,252.75,125295,542915
920110,251.75,253.25,251.75,252.75,69045,531715
920113,253.75,256.5,253.5,256.25,147990,533990
920114,260,261,257.5,259.25,256770,557920
920115,258.5,262.25,257.25,261.75,158195,548340
920116,261.5,261.75,258.75,259,104510,535485
920117,259,261.25,258.5,259.5,101510,533575
920120,259.5,261.5,259.25,261.25,75055,530380
920121,260.75,261,258.75,259.5,99710,527870
920122,260.25,261,259.25,260.75,87120,523530
920123,260.25,261.75,259.5,261,91910,523750
920124,261.25,264,260.25,263.75,160315,536780
920127,262.5,263.75,261.75,262,114125,533335
920128,261.5,264.5,261,264.25,106900,536200
920129,264.75,265,263,263.25,96720,526185
920130,263,264.75,260.5,263.5,140530,516610
920131,264,264.25,262,264.25,77015,508395
920203,263,268,262.75,267.75,144470,511845
920204,268.25,269,266.5,268.25,126790,503280
920205,268,268.75,266.25,267,94665,491870
920206,266.75,267.5,265.25,265.5,106605,480710
920207,265.5,265.75,264.25,264.75,94180,471925
920210,264.25,271.25,264,270.5,159245,472300
920211,269.5,270.5,261,261.75,248780,432945
920212,262,264.75,260.75,264.25,126810,410045
920213,263.5,264.5,262,263,100005,390330
920214,262.75,263.25,259.75,262.5,108880,372045
920218,262.5,264,262,263.75,60370,352990
920219,263.75,265.5,261,264.5,91145,332155
920220,265,265,263.25,264.25,63585,310730
920221,265,265,263,263.75,77300,283825
920224,263,264.75,262.75,263.5,97570,242960
920225,263.5,264,262.25,262.75,129070,205765
920226,261.75,263.25,260.75,261.25,134995,160295
920227,261.25,262,260,261.75,123445,109095
920228,263,265,261,264.75,101125,81495
920302,265,267.25,264.25,267,61040,63660
920303,267.5,267.75,265.75,267,41350,54135
920304,266.75,268,266.25,267.5,24080,45525
920305,268,268.75,266,267,36730,44890
920306,267.5,268.5,267,267.25,30655,38390
920309,268.25,271.5,267.75,271.5,31120,36500
920310,273,274,268.25,269,31085,30855
920311,268.75,269,266,268.5,32650,24105
920312,268.5,268.5,266.5,267,29415,19625
920313,267,267.5,263.25,264.25,26290,14980
920316,264.5,264.5,261.5,261.75,17065,12290
920317,262.75,264.25,261.75,263.25,12825,11165
920318,266,266,264,264.75,8975,8050
920319,265.5,265.75,263.5,264.75,7255,1540
920320,266.25,268,266.25,267.5,1990,560
