920323,278.5,280,277.5,280,5,5
920324,278.5,279,278.5,278.5,20,25
920325,278,279.75,278,279.75,80,100
920326,278.5,280,278.5,280,10,110
920327,279,279,278,278,105,165
920330,276.75,276.75,275,275,10,175
920331,274,274,274,274,0,175
920401,273,273,273,273,0,175
920402,274,274,273,273.25,225,325
920403,273.75,273.75,273.75,273.75,0,325
920406,273.75,275,273.75,275,100,405
920407,275,275,269,269,195,490
920408,268.5,268.5,266.5,266.5,150,545
920409,267.5,269,267,268,125,670
920410,268.5,268.75,268.5,268.75,10,680
920415,269,270.5,269,270.25,0,680
920416,271,271,269.5,269.5,205,840
920420,270,270.75,270,270.5,10,850
920421,269.5,270,269.5,270,10,855
920422,268,268,265,265,40,860
920423,264,267.75,264,267.75,45,905
920424,268,268.5,264.75,265,125,925
920427,265,266.25,264.75,264.75,70,950
920428,266.25,266.5,265.5,266,280,1225
920429,266.5,266.5,266.25,266.5,235,1320
920430,264,264,264,264,0,1320
920501,263.25,269.75,263.25,269.75,85,1390
920504,271,278,271,277,530,1900
920505,274,274.5,273,274,145,1930
920506,274,275,272,275,105,1955
920507,276,277.5,274.5,277.5,210,2120
920508,273,275,273,275,150,2270
920511,272,273.5,272,273,75,2345
920512,273,276,272.5,275.75,190,2385
920513,276.5,281,276.5,279.5,925,3235
920514,275.5,279.75,275,279.75,1235,4325
920515,280,282.5,278.5,280,335,4625
920518,278.5,280.75,277.5,280.75,115,4730
920519,275.5,277,273.5,274.5,390,4710
920520,274,274,271,273,265,4555
920521,270,271,270,271,455,4820
920522,271,274,271,274,780,5485
920526,274,277.5,273.75,277.5,135,5545
920527,277.5,283,276.5,280,1555,6675
920528,278.5,280.5,277.5,279,385,6855
920529,280.5,282,279.5,282,400,7130
920601,284.75,286,282,283,1305,7085
920602,283,285.75,281.25,285.5,1180,7250
920603,280.5,283.25,280.5,283.25,450,7440
920604,282,283.5,280.5,281.5,715,7710
920605,277,278,276.5,278,405,7790
920608,278,283,278,282.5,490,8060
920609,283,284,282,282.5,2045,9305
920610,280.5,283,280,282.75,945,9345
920611,281,281,278.75,280.75,1015,9765
920612,277.5,279,277,279,935,9840
920615,272.5,272.5,267.25,267.75,1980,10230
920616,270,271.25,269.25,270.25,830,10570
920617,271.5,273.5,271.5,272.25,1730,11480
920618,270,270.5,268.5,270.5,5055,13810
920619,270.5,274,270.25,274,1065,13980
920622,272.5,272.5,270.25,270.75,370,14105
920623,270,275,269.25,275,645,14025
920624,274,274.5,267.75,270.75,4445,15365
920625,274,275.25,274,275,1075,15110
920626,276.25,276.25,274.75,276,815,15395
920629,269,273.75,269,273.75,460,15565
920630,273.25,273.25,269.75,270.5,3150,16885
920701,268,274,268,273.25,1985,17355
920702,272.25,273.25,267.75,268.25,2565,17605
920706,263,264,259.75,260.5,2870,19010
920707,259.75,261.75,259.75,261.75,1620,18780
920708,260,260.25,258,259.75,1450,18885
920709,258.5,260,258.5,259.75,2870,18920
920710,260,261,258,258.5,1000,19165
920713,256.5,256.5,254.25,256.5,3320,19825
920714,256,256.5,254,254,2840,20530
920715,253.75,254,252.75,253.25,1760,20325
920716,253.25,253.25,251.25,251.75,1090,20105
920717,251.25,253.25,250,250.25,2210,20340
920720,249.75,249.75,246.75,248.25,5845,22185
920721,249,249.5,248,248.5,2670,22145
920722,248,248.75,247.5,248,1185,22275
920723,247.75,248,245.75,246.25,4190,24205
920724,245.75,245.75,243,243.25,4450,25730
920727,242.5,244.75,241.75,244.5,3425,25615
920728,245,246.25,244.5,244.75,2650,26695
920729,245,246,243,244,3480,27650
920730,244.5,244.5,242,242.25,3315,28650
920731,242,242.25,239.5,240.25,5240,31290
920803,239.5,241.25,238.75,240.25,5205,32435
920804,240.75,241,239,240,5240,33215
920805,239.25,240,238.5,239,9315,34020
920806,238,238.75,237.25,237.75,6730,33840
920807,235,235.75,234.25,234.5,13235,39910
920810,234.25,236.75,234.25,236.75,2355,40610
920811,237.75,240.5,237.75,240.25,9285,42740
920812,239.5,240,237.25,238.25,5550,45585
920813,239.25,241,238,241,4705,46240
920814,241.25,242.75,239.75,242.5,4525,46570
920817,241.5,245.5,241.25,245.25,2820,46675
920818,243.75,243.75,239.5,241.5,7120,48860
920819,240,241,238.5,239.25,5730,49315
920820,239.5,242.75,239.5,240.25,9940,47725
920821,241.5,242,239.75,241.5,4300,47220
920824,241.75,244,241,243.75,3530,47180
920825,244.25,245.5,244,245,3665,46795
920826,244.25,244.5,242.75,243,4110,47530
920827,241.25,241.5,239,239,7020,50255
920828,238,238,235.25,235.75,14120,55215
920831,234.5,237,234,237,4640,55980
920901,237.5,239.75,237,239.5,3690,56855
920902,241.25,241.5,239,240.75,7780,57730
920903,239.75,242,239.75,240.5,3400,57975
920904,239.5,241.75,239.5,241.5,8195,61590
920908,242,245,241.75,244.75,3870,62140
920909,244,244,240,240.5,4470,62890
920910,239.5,239.75,237.25,237.5,4315,63235
920911,237.25,239,235.75,237.5,5780,64575
920914,236.25,236.75,235.5,236.75,5185,65575
920915,238,240.5,238,240.25,6680,67790
920916,237.75,239.75,237,239.5,8560,69975
920917,240,240,237,237.25,6580,72585
920918,236.25,236.75,235.5,236,5445,74420
920921,235.25,236.25,235,236,5950,76120
920922,236.75,236.75,234,234.25,8835,78425
920923,233.5,234.25,232.75,233,14290,84385
920924,233,236,232.75,234.75,8890,86075
920925,235.75,236.5,235,235.5,8105,89730
920928,233.5,234.5,233,233.25,15305,98105
920929,233.5,235.25,232.75,235.25,11690,101725
920930,235,235.75,233.75,234.25,15960,105715
921001,233.5,233.5,232.25,233,14400,109190
921002,232,232.25,230.75,231,15810,111225
921005,230,230.5,229.25,230,13400,117675
921006,229.75,231.25,229.5,230.5,11735,121990
921007,230.75,231.5,230.25,230.25,5580,123625
921008,229.5,229.75,228.25,228.5,8760,125115
921009,229,229.25,227.25,227.75,12040,130060
921012,227.5,228.75,227.25,228.75,10195,131505
921013,228,229.25,228,229,7245,133055
921014,229.5,231.25,229.5,231,8890,135095
921015,230.5,231.25,228.75,229,9445,139930
921016,228,228.5,227.25,227.5,13730,147205
921019,227,228.75,227,227.75,11780,149070
921020,227.5,231.25,227.5,230,9930,150895
921021,230,230,227.75,228,10140,154065
921022,227.25,229.5,227,228.75,9960,157100
921023,228.25,228.5,227,227.25,16530,162420
921026,226.5,227.25,226.25,226.5,20665,169125
921027,226.5,228,226.5,226.75,28990,178315
921028,226.75,227.25,226.75,227,15770,184705
921029,227.25,229.25,227.25,229,13745,187070
921030,229.5,230.5,229,229.5,17525,193425
921102,231,233.75,230.5,232.5,22840,197795
921103,232.5,232.75,231,232.5,12305,200945
921104,230.5,231.5,229.5,230,14325,205120
921105,228.5,229,227.5,228,17535,209060
921106,228,230.25,227.75,229.25,22445,215305
921109,228.75,229.5,227.5,228.25,16020,220695
921110,228,229,227.75,228.75,13940,222305
921111,227.5,232,227,231.25,23975,226860
921112,231,233.25,230.75,233,15705,230070
921113,233,235.75,232.25,235.5,13725,233790
921116,235.5,235.5,233.25,234,14705,238915
921117,234.25,238.25,233.75,237.75,28340,242635
921118,237.75,238,236,236.75,23420,247985
921119,237,238.75,236.5,237.25,22855,253965
921120,237.5,237.75,234.25,234.5,26975,253270
921123,234.25,240.25,234.25,239,25405,259200
921124,239,240.5,237.5,239,30395,262400
921125,238.75,238.75,237,237.5,13945,263295
921127,236.5,236.75,235.5,236,15365,270115
921130,235.25,235.5,234.5,234.75,20375,271290
921201,233.75,233.75,232,232.75,24680,272585
921202,232.25,234.5,232.25,232.75,13170,273620
921203,232.5,234.25,232.25,233.5,15095,275100
921204,233.75,233.75,232,232.25,12490,277425
921207,231.25,233,231,231.5,14785,279865
921208,231.75,232.25,231,231.5,14795,280660
921209,231.75,233.25,231.5,232.25,12980,280305
921210,232.5,233.5,231.75,233.25,15410,282680
921211,233,236,233,235.25,14145,284925
921214,235.25,236.25,235.25,235.75,12110,288675
921215,235.25,235.75,234.75,235.5,12295,288895
921216,234.75,235,233.75,234.25,12190,290170
921217,233.75,234.75,232.5,232.75,20315,290950
921218,232,232.5,231,231.75,16600,292115
921221,231.25,231.75,231,231.75,13185,293535
921222,231.5,231.75,231.25,231.75,11865,295690
921223,231.75,233,231.75,232.5,9645,298205
921224,232.25,233,232,232.5,7155,300150
921228,232.5,232.75,231.5,232.25,12710,305130
921229,231.5,231.5,230,230.25,15940,307525
921230,230,230.5,229,229.25,18445,311690
921231,229,230,229,229.5,8595,312860
930104,229.25,229.5,228.75,229,13705,298615
930105,228.75,231,228.5,230.25,16485,323615
930106,230.25,231.5,230,231.25,15350,328905
930107,231.75,232.5,231.5,232,19860,336130
930108,232,232.75,231.75,232,19060,341960
930111,231.75,232.5,231.5,232.25,11370,344665
930112,232.25,236,232.25,235,30575,351540
930113,233,233.5,232.25,232.75,31915,355515
930114,232.75,233.25,231.5,232,25365,354170
930115,232,232,231.25,231.75,16900,358400
930118,231.5,233,231,232.75,14750,360180
930119,233.75,234.75,233.25,234.5,21925,361985
930120,234.25,234.5,233,233.25,17140,364785
930121,232.75,234,232.75,233.25,19995,365040
930122,233.25,233.5,232.75,233.25,10200,365535
930125,232.5,233,231.75,232.25,21245,368420
930126,231.75,232.25,231.25,231.25,19300,368075
930127,231,231.75,231,231.25,9135,369040
930128,231.5,231.5,229.5,230,35565,375115
930129,230,230.25,229.25,229.75,21125,376130
930201,229,229.5,228.5,229,28790,379095
930202,229.25,229.75,228,228.25,25615,385580
930203,228.25,228.75,227.5,228.5,26140,384045
930204,229.25,229.25,227.5,227.75,25910,385480
930205,227.5,228,226.5,226.75,20355,388100
930208,226.25,227,226,226.75,24895,392850
930209,227.5,229,227.25,228.5,18775,393575
930210,228.75,229.25,228,228.5,18880,397670
930211,228.25,229,227.5,227.75,24470,401320
930212,227.5,227.75,227,227.5,10295,401985
930216,227.5,228,227,227.5,22890,406645
930217,227.75,228.25,227.25,227.5,33100,410850
930218,227.75,229,227.5,227.5,31800,415500
930219,227.5,227.75,227,227.25,36165,422120
930222,227,227.75,226.5,226.75,36775,427215
930223,226.75,227.5,226.5,226.75,37895,437910
930224,226.75,227.5,226.75,226.75,50935,441775
930225,226.75,226.75,225,225.25,70460,456890
930226,225.5,226.25,225.25,225.75,43785,459385
930301,226,230,225.5,229.5,104495,465920
930302,229.25,230.5,228.75,229.75,51420,469140
930303,229.25,229.25,228.25,228.75,29465,472580
930304,228.75,229.25,228.5,229,17450,474180
930305,228.75,229,228,228.25,17255,473415
930308,228,228.5,227.5,227.75,19750,477155
930309,227.5,228.25,227.25,227.75,17445,479870
930310,227.5,229.25,227,228.75,35955,479375
930311,228.25,228.5,227.5,227.75,25700,483800
930312,227.25,228,225.75,226,36215,483315
930315,226,227.75,225.75,226.75,31210,482065
930316,227.75,228.5,227.25,227.5,19490,485775
930317,228,231.25,227.75,230,66200,489720
930318,231.25,232.25,230.75,231.75,45725,500330
930319,231.25,233,231,232.75,37470,508085
930322,231,232.5,230.75,231.75,42675,515055
930323,231.5,236.25,231.5,234.5,100130,541095
930324,235,235.75,233.5,235.5,46415,544120
930325,235.5,237.75,234,235.25,86385,559620
930326,235.75,235.75,234.5,235.25,28985,561375
930329,235.5,236.75,234.5,236.25,45365,564755
930330,236.25,236.75,234.75,235.75,67685,561465
930331,236,236,235,235.75,44855,561390
930401,236,237.5,235.25,235.5,80955,568215
930402,235.5,236.75,234.75,236.5,49785,569510
930405,235.75,235.75,234,235.5,65665,568840
930406,234.75,235.75,234.25,235,57235,572795
930407,234.75,237.5,233.5,237.25,91235,574960
930408,237.75,238.5,236.75,237.5,56445,578710
930412,237.75,239.25,237.5,239,52165,585470
930413,239,239.5,238.25,239,61385,588385
930414,238,238.25,235.5,236.5,97075,590510
930415,237.75,238.5,236.75,237.25,70560,589175
930416,236.5,237.25,232.25,233,126890,575005
930419,234.25,235.75,233.75,235,65280,573505
930420,236.5,237.75,236,237.5,65610,576790
930421,236,236,233,233.75,94470,577085
930422,232.5,232.75,230.75,232,119265,582015
930423,232,232.75,229,229.75,134700,565070
930426,229.25,231.75,229,231,72445,560475
930427,231.25,231.5,227.75,228,121445,571940
930428,229,229.5,227.75,228.25,112880,578005
930429,229.25,229.5,228.5,228.75,99450,585845
930430,231,233,230.75,232.5,117035,593885
930503,234.5,234.75,231.25,233.25,109765,602965
930504,233,233.25,230.25,231,102750,601045
930505,230,231,229.25,230.25,94790,604850
930506,229.75,231.75,229.75,231.5,72800,598925
930507,231.75,232,230,230.25,74570,597035
930510,228.5,228.5,226,227.5,128195,594230
930511,228.25,229.5,227.5,229,91390,589260
930512,229.75,233,229.75,232.75,147565,585235
930513,233.5,233.5,229.5,229.75,107915,586590
930514,228.25,229.25,228.25,228.75,84025,578905
930517,228,228,226,227.25,106885,573895
930518,227.75,229.5,227.5,229.25,90165,574460
930519,229.75,230.75,225.5,226.25,137545,573825
930520,226.75,230,226.75,228.25,88840,568795
930521,228,229,226.75,228.25,67380,569085
930524,227.75,227.75,226.25,227.25,74655,569040
930525,226.25,226.75,224,224.75,155070,567010
930526,225,227,223.5,226,119760,558625
930527,226,226,224.25,224.5,61060,555935
930528,224,224.75,223.5,224.5,51005,551070
930601,223.75,223.75,218.75,219.5,164095,526485
930602,219.75,220.25,218.75,219.25,93360,531830
930603,220,221,218.5,219,100845,531085
930604,219,219.75,216,219.25,132435,528400
930607,220,222.25,220,222,90175,518815
930608,223,223.25,220,220.25,93730,507730
930609,219.75,220.5,219,219.25,73330,505340
930610,219,219.5,217.25,217.5,80095,495030
930611,217.5,218.25,214.75,215,114840,479960
930614,214.25,216.25,213.75,214.5,94955,464285
930615,214.75,215.5,212.5,212.75,122055,437860
930616,212.5,213.75,211.5,213.5,122195,412455
930617,214.25,216.75,214.25,215,110090,390225
930618,214.5,216.75,214.5,216.25,91830,364535
930621,216.75,221.75,216.75,218,88145,320035
930622,216.75,219.25,215.75,218.5,58245,302570
930623,220.75,221,219,219.75,77545,278265
930624,220,220.5,218.25,220,75985,253085
930625,220,220,218.5,219,80305,228570
930628,219,220,218.75,219,117355,184920
930629,218.5,219.75,217.5,217.75,212635,115545
930630,219.5,224.75,218.75,222.75,98810,76065
930701,223.5,232.5,223,231,58465,59255
930702,232,235,230.75,231.5,46865,45125
930706,235.5,242.5,235.5,240.5,36765,39030
930707,242,242.25,235,240.25,18230,33010
930708,239,239.5,235.25,235.5,16215,29535
930709,240.5,242,233.5,234.5,19475,23670
930712,234.5,234.5,223.5,230.25,13745,20140
930713,229,231.75,226.25,228.5,16060,15940
930714,228,230.5,226.5,230.25,10320,13750
930715,234,235.5,228,228.5,6035,10645
930716,229,236,228,235.5,3915,8650
930719,246,248.5,235.5,237,4230,6950
930720,237,240,233.5,238.5,8695,3820
930721,242,242,235,235.5,3460,960
