931221,275,277.5,275,277.5,620,465
931222,278,278,277.5,277.5,460,820
931223,277,277,277,277,100,920
931227,277,277.5,276.5,277.5,65,930
931228,278,278,278,278,0,930
931229,277.5,278.25,277.5,278.25,5,930
931230,278.25,278.5,278.25,278.5,10,940
940103,278.25,279,277.5,279,25,950
940104,280,280.25,279,279,215,960
940105,279.5,279.5,279.5,279.5,0,960
940106,280,280,280,280,15,970
940107,280,280,280,280,35,970
940110,279,279.5,277.5,277.5,115,1095
940111,278,278.5,278,278.5,40,1205
940112,277.5,277.5,276,276,30,1215
940113,279.5,280,279.5,280,15,1220
940114,280,281.25,279.75,281.25,160,1245
940117,281.25,282,281.25,281.5,25,1255
940118,281,281.5,279.5,279.5,125,1250
940119,278.5,278.5,277.25,277.25,15,1260
940120,277.5,277.5,275.75,275.75,15,1260
940121,276,278,275,278,30,1265
940124,279,279,279,279,0,1265
940125,278.75,279.5,278.75,279,45,1285
940126,278.75,279,278.25,278.5,80,1275
940127,278.5,278.5,278,278,20,1275
940128,276,276,274,274,65,1305
940131,273,274,273,274,10,1315
940201,274.5,274.5,273.5,273.5,50,1305
940202,273.25,274,273,274,65,1305
940203,274.25,274.25,274.25,274.25,0,1305
940204,273.25,274,273.25,273.5,50,1315
940207,275,275,275,275,15,1330
940208,275.5,277.5,275.5,277.5,30,1325
940209,279,280.5,279,280.5,155,1360
940210,280,280,279.5,280,115,1450
940211,280.5,280.5,280.5,280.5,5,1455
940214,281.5,281.5,281,281,80,1460
940215,280,280,279.5,279.5,65,1410
940216,279,281.75,279,281.75,35,1430
940217,281.25,281.25,278.5,278.5,145,1450
940218,278.5,279,278,278,10,1455
940222,277,278.25,276.5,278.25,15,1470
940223,279,280,279,279,20,1475
940224,280,280,279,279,15,1490
940225,278,279.5,277.75,279.5,65,1525
940228,279.5,279.5,279.5,279.5,0,1525
940301,277.5,279,277.5,279,85,1480
940302,278,278,278,278,0,1480
940303,276,276,276,276,10,1490
940304,274.5,274.5,274.5,274.5,0,1490
940307,275,275,275,275,0,1490
940308,273.5,273.5,273,273,20,1500
940309,271.75,272,270,272,60,1515
940310,271.5,271.5,270.5,270.5,20,1515
940311,270,270,269.5,270,160,1530
940314,273,275.25,273,275,55,1575
940315,275,275,274.75,274.75,65,1565
940316,275,275.25,275,275,50,1580
940317,275,275.25,274.75,275.25,35,1590
940318,275,276.25,275,275,340,1685
940321,275,275,273,273.25,25,1680
940322,271.75,272.25,271.5,271.5,5,1685
940323,271,272.75,271,271.5,110,1685
940324,271.75,271.75,270.75,271.5,70,1655
940325,271,271.5,271,271,200,1685
940328,271.5,272,271.5,272,85,1770
940329,271.5,271.75,270.5,270.5,70,1825
940330,270.5,270.5,270,270,50,1810
940331,270,270,266.5,266.5,115,1875
940404,269.5,270,268,268,520,1960
940405,267.25,270.5,267.25,270.5,395,2070
940406,270,270.75,269,270.75,15,2065
940407,270,270.25,267.75,267.75,60,2060
940408,266,268.5,266,268.5,10,2065
940411,266.5,267,266.5,267,10,2075
940412,267,269,267,268.5,565,2635
940413,268.5,268.5,268,268.25,20,2655
940414,267.5,267.5,264.5,264.5,1050,3685
940415,264,266,263.75,265.5,135,3780
940418,261.5,263,259.5,260,50,3820
940419,261,261,258.75,259.75,175,3840
940420,261.5,263,260.5,262.5,90,3875
940421,262.5,264.5,262.5,264.5,75,3930
940422,262.5,262.5,261.5,261.5,380,3875
940425,258.5,263.5,257.5,263.5,130,3885
940426,263.5,263.5,262,263.5,105,3885
940428,265,266.5,264.5,266.5,265,3830
940429,266.5,269,266,269,90,3825
940502,267.25,267.75,265,266.5,115,3840
940503,258.5,260,258.5,258.75,355,3905
940504,257,260.5,256.5,260.5,490,4090
940505,259.5,260,255.5,255.75,540,4130
940506,255.75,258,255,256,860,4440
940509,253.5,254.5,253.5,253.5,185,4525
940510,255.75,256.5,255,255,705,4795
940511,253,256.5,253,255.75,490,4870
940512,258,259,258,259,105,4860
940513,257,258.5,257,258.5,100,4785
940516,262,265,262,265,105,4855
940517,262.25,266,262.25,265,1350,4490
940518,267,271,267,267,580,4580
940519,267.25,269,266.75,267,205,4570
940520,268,269.75,268,268.75,465,4930
940523,274,277.5,274,277,1625,5210
940524,269.5,272.25,269.5,269.5,575,5175
940525,268.5,270,264.25,265.25,600,5515
940526,264,264.5,261,263,695,5885
940527,265,266,264.5,266,440,6230
940531,278,278,275.5,278,675,6660
940601,275.5,280,275.5,278,260,6735
940602,274,280.5,274,280.5,440,7030
940603,277.25,277.25,272,272,220,7025
940606,263,264.5,262,263.5,265,7000
940607,263.5,266.75,262.5,264.75,720,7230
940608,264.5,269.75,264.5,269,105,7275
940609,270.25,271.5,268.5,268.5,425,7270
940610,271.25,273,271.25,272.5,955,8010
940613,269,274.75,269,274,320,8090
940614,274,275.75,273,275.5,165,8170
940615,281.5,283,280.75,280.75,3025,8905
940616,284,284.5,278.5,280.25,1750,9950
940617,282.5,285,282,283.75,965,10605
940620,273.5,276,271.75,271.75,1155,10675
940621,267.5,267.5,262,264.75,1320,10550
940622,264.5,265,257.5,257.5,3075,12615
940623,256,259.25,255.5,255.75,925,11830
940624,256,258,255.25,257.75,1990,12485
940627,256,256.5,248.5,250.75,3985,13505
940628,256.5,262.25,256,261.75,1680,13655
940629,256,257,252,252.25,2440,14055
940630,253,257,252,254.5,1960,14310
940701,251,253,248.5,253,5685,17415
940705,242.5,244,241.75,241.75,5085,19055
940706,243.75,244.25,242.5,242.5,3250,20100
940707,241.5,243.75,241,241.25,6010,23260
940708,241.75,242.75,241.75,242.75,2130,22765
940711,242.25,243.5,241.75,242,3735,25320
940712,240,241,239.25,241,6605,27895
940713,241.5,242.25,241.25,241.75,2235,28630
940714,242,242.5,239.75,240,1650,29190
940715,239,240,238,238,3540,29840
940718,238.25,239.25,238.25,238.75,2030,29910
940719,237.75,237.75,236.5,236.5,7600,33585
940720,236.5,237,235.5,235.5,5345,36460
940721,235.25,235.5,233,233.5,9890,40160
940722,234.25,234.5,232.5,233.25,3915,40865
940725,233.5,235.5,233.25,235,2025,41610
940726,235,237,234.5,236.5,2195,43205
940727,237.25,237.5,234.5,234.75,2505,44460
940728,234,235,232.75,234.5,3730,45800
940729,235.5,237.5,235.5,237.25,1695,46065
940801,235.5,237,233.5,237,2090,46840
940802,237,238.25,235.75,237.25,760,46920
940803,235,236.75,234.75,235,1790,47330
940804,234,234.25,233,234,3620,50660
940805,233,235.25,233,235,1430,50845
940808,233.25,240.25,233,238.25,3320,52480
940809,238,238.75,236.5,237.25,3045,54625
940810,237,239,237,238.75,1790,54765
940811,239.5,240.25,238,239,3770,52980
940812,238.5,238.75,236,236.5,2045,54215
940815,235.5,235.5,234.5,235.5,1920,54440
940816,235.75,237.25,235.75,236.5,3300,53400
940817,236,239.25,236,238.75,610,53575
940818,239,239.5,237.75,238,1820,53600
940819,238,238.75,237.75,238.5,1560,54550
940822,239,239.25,237.5,238.5,1490,54270
940823,239.25,239.25,235.25,237.5,2715,55825
940824,236.75,242,236.75,239.5,3585,56620
940825,239.75,239.75,238,238.5,1080,56380
940826,237.75,238.75,237.5,237.75,1105,56475
940829,236.5,236.75,236,236.25,2230,56845
940830,237.25,237.5,236.75,237.25,1485,57325
940831,237.25,238.5,237.25,238.25,1600,58285
940901,238.5,239.25,237,239,1740,58685
940902,239.25,239.75,238.5,239.25,1140,58985
940906,239,241.75,238.75,241.25,2275,60130
940907,240.75,243,240.75,242.5,4220,59790
940908,242,242.75,240.75,241,4760,61915
940909,240,240.75,239.5,239.75,5325,63175
940912,237.75,242.5,237.75,242.5,3595,65620
940913,241.5,242.5,241,241.25,4750,67555
940914,240.25,240.5,238.25,238.25,2330,68470
940915,236.75,236.75,234.5,234.75,9120,72595
940916,235,235,232.75,234.75,10920,77665
940919,233.75,235,233.5,234.5,9880,79435
940920,234.75,235.5,234,234.75,4355,81090
940921,235.25,235.5,234,234.75,5340,81610
940922,236,236,234.25,234.5,4010,82660
940923,234.75,234.75,233.5,234,4150,84065
940926,234.25,234.5,233.5,234,5060,84875
940927,233.75,234,232.75,233,5555,86885
940928,232.75,233,232,232.5,8655,90195
940929,232,232.5,231.75,232.5,8695,94130
940930,232,234.5,232,233,6195,94430
941003,232.75,236.5,232.5,234.75,8330,97920
941004,234.5,235.5,233.5,235.25,13565,99370
941005,234.75,236.75,234.5,235.5,7015,101435
941006,233,233.75,231.75,232.25,18595,104995
941007,233,233,231,231.25,7630,105855
941010,231,231.25,230.5,231,9735,108305
941011,231,232,230.75,231.25,5730,108715
941012,231.25,233.75,231.25,233,5880,110050
941013,233,233.75,232.5,233.5,5870,112140
941014,233.75,238.25,233.75,235.5,12590,114505
941017,235.25,236.5,234.5,234.75,8765,118490
941018,234,234.5,233.25,233.75,6390,120485
941019,233.25,233.5,233,233.5,15180,120200
941020,233,237.5,233,236.5,11150,124015
941021,236.75,237,234.25,234.5,9135,125825
941024,233.75,237.25,233.25,236.75,13030,125655
941025,236.5,236.75,234.75,235,5380,125740
941026,234.25,235.5,234.25,235,8050,126565
941027,235.5,239,235.25,237.5,22330,125540
941028,237,237,235.5,235.75,9865,124040
941031,235.25,235.75,234.5,234.75,8040,126805
941101,234.75,235.5,234.25,234.75,6700,127930
941102,234.5,236,234.5,234.75,5620,127140
941103,234.5,234.75,234,234.25,7425,128545
941104,234.5,235.25,234.25,234.5,10195,131505
941107,234.5,236.25,234.5,235.75,9800,131760
941108,235.75,236.5,235.5,236,10525,133385
941109,235,238.5,234.25,238.25,13505,137960
941110,237.75,240.5,237.75,238.75,24060,147405
941111,238.75,238.75,236.25,236.5,10140,150180
941114,235.75,236.25,235.25,235.5,11880,148050
941115,235,236.75,235,235.5,6310,148985
941116,235.25,235.75,234.25,235,13865,151090
941117,234.75,236,234.75,235.75,7810,152260
941118,235.75,236.25,235.25,235.75,12285,152750
941121,235.5,235.5,234.5,234.75,9525,156930
941122,234,234.5,232.25,232.5,31255,164440
941123,232.25,232.5,228,229.5,48690,178775
941125,230,230.75,230,230.5,10970,182715
941128,231,231.5,230,230.25,19415,184005
941129,230.5,231,229,229.25,24130,190505
941130,229.75,230,228.5,229.5,22350,194240
941201,229.75,232.75,229.75,230.5,23465,196895
941202,232,233.25,231.5,232.75,18755,200350
941205,232.75,235.5,232.5,235.25,15850,202670
941206,234.5,235,233.5,233.75,12110,202680
941207,233.25,238,233.25,236.25,21285,210430
941208,235.75,237.5,235.75,237.25,18290,211510
941209,238,238.25,236.25,238,15575,215150
941212,238.25,239,237.75,238.75,19055,216755
941213,238.25,238.75,237.75,238,14205,219210
941214,237,237,234.5,234.75,19465,223410
941215,233.75,235,233.75,234.75,9310,222440
941216,234.75,237,234.75,236.75,7185,223400
941219,236.5,237,234,234.25,13490,227950
941220,234,237,233.5,236,9735,228795
941221,237.5,240,237,237.25,38035,244810
941222,236.75,238.5,236.25,237.25,18545,246715
941223,237.25,239.25,237.25,239,15145,247305
941227,238.5,242.5,238.25,240.5,59195,263430
941228,240.5,241.75,240.25,241,36050,261905
941229,240.5,240.5,239,239.25,24170,263035
941230,238.5,239.5,238.25,238.25,20525,269745
950103,237.75,238,235.25,235.75,42030,268185
950104,235.5,237,235.25,235.75,20860,276865
950105,236.5,238.25,236.5,238,19180,283340
950106,238,239.25,237.25,239,16865,286875
950109,238.75,240.5,238.25,239.75,43085,295215
950110,239,240,238.75,239.5,19850,300420
950111,240,240,239.5,239.5,24400,302815
950112,243,243.5,241.25,241.25,60720,315005
950113,241.25,241.75,239.75,240.75,49675,314770
950116,239.75,241,239.25,240.75,21195,315765
950117,241.25,243,241,241.5,25040,316990
950118,241.25,241.5,240.5,240.75,15325,317165
950119,240.25,241.25,240,240.25,13550,319670
950120,240.25,241,239.5,239.75,20080,321590
950123,238.75,239.75,238.25,239.75,24935,322510
950124,240,240.5,239.25,240,14035,325790
950125,240,240.25,239.75,240,12320,328395
950126,240,241,239.75,240,24400,330070
950127,239.75,240,239,239.25,23225,331130
950130,238.5,238.5,236,237,59905,329925
950131,236.75,237.75,236.5,236.75,25110,330860
950201,236.75,239,236.5,238.25,26250,333195
950202,238,239.5,238,239.25,16985,336065
950203,239.75,240,239.25,239.75,22870,339665
950206,240,244,239.75,243.5,53650,352110
950207,242.5,243,241.25,241.5,55905,369975
950208,241.25,241.75,240.75,241.5,34895,372560
950209,239.75,242,239.5,241.5,38115,373600
950210,242,243.5,241.5,242.25,33715,381910
950213,242,242.25,241.5,241.75,17295,389455
950214,241.75,242.75,241.25,242.5,60090,400955
950215,242.25,242.75,241,242,53470,401645
950216,241.75,241.75,240.75,241,47630,408155
950217,241,241.25,240,240.75,50020,410845
950221,240.25,240.25,239.25,240,72890,416495
950222,240,241.5,239.75,240.5,58860,426020
950223,241.5,242.25,240.75,241.75,78105,440045
950224,241.5,242.25,241.25,241.75,82350,453030
950227,242,242,241,241.75,113795,491645
950228,241.5,242.5,241.25,242,84600,503045
950301,241.5,243,241.5,242.5,72925,506515
950302,242,242.75,241.5,242.25,71790,511750
950303,242,242,240.25,240.5,99025,516570
950306,240.25,246,240.25,243.75,232930,554880
950307,243.5,246,243,245,123555,557225
950308,244.25,245,243.5,244.5,80590,554125
950309,244.25,245.25,244,244.75,54535,556505
950310,245,246.25,244.25,245.25,71050,558275
950313,245.75,247.75,245.75,247.5,98935,560545
950314,247.25,248,246.75,247.25,91240,568590
950315,247.75,249,246.75,248.5,115615,573885
950316,247.75,248.75,246.5,247,94670,570715
950317,247,248.5,246.5,247.25,86410,565290
950320,246.75,248,246.25,246.5,80290,561525
950321,246.75,247,245.25,245.75,103230,554530
950322,245.5,246,244.5,245.75,94680,541165
950323,246.25,247.75,246.25,247.25,76870,535975
950324,248,249,246.5,246.75,75595,531905
950327,246,248.75,245.75,248.25,62910,531700
950328,247.75,250,247.25,249.25,91300,533175
950329,249.5,250,246.25,248.75,119360,516075
950330,247.75,249.5,247,249,86320,510230
950331,251.75,252.25,249.75,250,99445,509335
950403,250,254,249.75,253.25,119440,516805
950404,252.75,252.75,251.5,252,90550,520465
950405,251.5,251.5,250.25,250.75,72655,509735
950406,250,250.25,249.25,249.75,93455,494870
950407,250.5,251.25,249.5,250,92815,487990
950410,250,252,248.75,251.5,80580,472065
950411,251.25,252.5,250.5,252,92575,448215
950412,250.75,251.25,250,250.25,56500,439665
950413,249.75,250,242,246.75,195205,388400
950417,246.25,247,244.5,245,93275,346300
950418,244.5,244.75,243,243.75,102325,315815
950419,244.25,245,243.5,244.25,85555,284245
950420,244.5,246.25,244.5,246,67010,269330
950421,246.5,247.25,245.5,246.75,48505,265135
950424,246.5,247.25,245.75,247,76180,235865
950425,247,249.75,247,248.5,125485,190125
950426,248.5,249.5,248.25,249.25,95035,169400
950427,249,250.25,248.5,248.75,144110,117270
950428,248.75,250,248.25,249,62590,98950
950501,250,251.75,249.75,251.5,42885,81570
950502,253,253.5,251.25,252.75,42820,61460
950503,251.75,252,250.5,251,23920,54200
950504,251.75,252.75,251.75,252,21735,47620
950505,251,251,249,249.75,17645,38980
950508,251.5,253.5,251.25,252.25,16935,30475
950509,253,253.75,250,252.25,13585,25030
950510,253,253,250.5,252.25,12230,21165
950511,252,252.75,250.75,252.25,16410,17055
950512,251.75,252.25,251,252.25,5905,14635
950515,251,251.25,248,250,14220,9300
950516,250,251.25,248.5,251.25,5565,7145
950517,252.75,255,252.5,253.25,4645,5910
950518,254,256,253.5,255.5,3825,3210
950519,256,256,252,252.25,2705,645
