931221,275,277.5,275,277.5,125,125
931222,277.5,278,277.25,277.25,530,655
931223,277,277.25,276.75,277,75,725
931227,277,277.25,277,277.25,125,850
931228,277.25,277.75,277.25,277.75,220,975
931229,277,278.5,277,278.5,760,1165
931230,278.5,278.75,278.5,278.75,55,1165
940103,278,279,278,279,215,1380
940104,279,280,279,279,170,1550
940105,278,280,278,279.5,725,1615
940106,280,281,280,280.5,115,1680
940107,280,280,280,280,15,1680
940110,279.5,279.75,277,277.5,255,1775
940111,277.5,279,277.5,279,40,1790
940112,278.25,278.25,277,277,50,1830
940113,280,281,280,280,60,1855
940114,280,281.5,280,281.5,460,2235
940117,282.5,282.5,281.5,281.5,60,2300
940118,281.5,281.5,280,280,260,2415
940119,278.5,279.25,278.25,278.75,120,2460
940120,277.5,278.25,277,277,190,2555
940121,275.25,279,275,278.75,190,2630
940124,278.75,280,278.75,280,190,2800
940125,280,280.25,280,280,40,2795
940126,279.75,279.75,279,279.5,30,2825
940127,280,280,279,279,15,2855
940128,277,277,275.5,275.5,60,2850
940131,275,275.5,275,275.5,105,2930
940201,275.5,276,275,275,60,2910
940202,275,275.5,274.25,275,95,2925
940203,276.25,276.25,275.5,275.5,10,2925
940204,275,275.5,275,275,60,2925
940207,275,276.5,275,276.5,55,2965
940208,277.5,279,277.5,279,5,2970
940209,279,281.5,279,281,185,3145
940210,279.5,281,279.5,281,170,3235
940211,281,282,280.5,282,45,3270
940214,282,283.25,282,283,140,3385
940215,282,282,280.5,280.5,350,3540
940216,280.25,283,280.25,282.75,70,3545
940217,281.5,282,280.5,280.5,135,3630
940218,280,280.5,279,279.75,660,3885
940222,278.75,279.5,278,279.5,660,4265
940223,280.5,282,280.5,281,100,4255
940224,281.5,281.5,280,280,250,4425
940225,279,280.75,278.75,280,315,4600
940228,279,280.5,279,280,240,4735
940301,279.5,281,279,281,260,4965
940302,281,281.25,279.75,280.5,100,5015
940303,279,279,276.5,278.25,795,5355
940304,277,277,275.25,276,315,5355
940307,276,276.75,276,276.25,485,5385
940308,276,276,274.75,274.75,135,5475
940309,273.5,274,270.5,272.5,660,5435
940310,272.5,273,271.5,271.5,510,5545
940311,271.25,272.75,271.25,272,165,5565
940314,275,277,275,277,365,5580
940315,276.25,277,276.25,276.5,130,5625
940316,276.5,276.5,276.5,276.5,535,6025
940317,277,277,276,276.75,405,6185
940318,276.75,278.25,276.75,276.75,105,6135
940321,275,275,275,275,90,6205
940322,274.75,274.75,273.25,273.25,35,6210
940323,273.5,275,273.25,273.25,95,6215
940324,273.75,274.25,272.5,273.25,120,6230
940325,273,273.5,273,273,95,6230
940328,273.5,274,273.5,274,25,6230
940329,273,273.25,272.5,272.5,170,6210
940330,272.25,272.5,272.25,272.5,170,6295
940331,271.75,272,269,269.5,220,6425
940404,272.5,272.5,269,269.5,925,7025
940405,269.5,272.75,269.25,272.5,480,7225
940406,271,272.5,271,272.5,800,6870
940407,272.5,272.75,269,269,75,6855
940408,268.5,270.5,267.5,270,45,6885
940411,267.5,270,267.5,267.75,115,6790
940412,270,270.5,269.75,270,755,6790
940413,270.5,271.25,269.25,269.25,305,6995
940414,269,269,265.5,265.5,840,7495
940415,265.5,267.5,265,267,860,7825
940418,265,265,262,262.25,80,7815
940419,262,263,260.25,262,515,8090
940420,262.5,264.5,262.5,264.25,1540,8735
940421,265,266,264.75,266,450,8685
940422,264.5,264.5,263.25,263.25,190,8620
940425,260,264.5,259,264.5,735,9010
940426,264.5,265.5,264,265,685,9290
940428,266.75,267.5,266.5,267.5,345,9405
940429,267.75,270,267.25,270,215,9400
940502,268,268,267,267.75,145,9475
940503,262.5,262.5,260,260,435,9640
940504,258,262,258,262,580,10000
940505,261,261,255.5,255.75,1090,9910
940506,256,259.5,255.75,257,845,9900
940509,254,256,254,254.5,470,9955
940510,257.5,258,255.5,256,2165,10835
940511,254.25,257.5,254.25,257,1245,11570
940512,257.5,260.5,257.5,260,670,11625
940513,258,259.75,257.75,259.5,900,11610
940516,263.5,266.5,263,266,875,12175
940517,265,266.5,265,266.25,160,12220
940518,270,272,268,268,1900,12400
940519,268.5,270.5,268,268.5,1135,12965
940520,267,271.5,267,269.75,1115,13010
940523,274.75,278.5,274.75,278.25,4350,13275
940524,270,274,270,271,2350,13900
940525,270,271.5,265.5,266.75,1280,13935
940526,264.75,266,262,264.5,980,13935
940527,267,268,266,268,705,14110
940531,280,280,277.5,279.5,3790,14290
940601,275.5,281.5,275,278,1725,13875
940602,275,281.5,275,281.5,2210,14035
940603,277,277.5,272.5,272.5,1250,14035
940606,266.5,267.75,263.5,264.5,2305,13870
940607,264.75,268,263.5,266.5,1230,14080
940608,267,271,265.5,269.5,635,14170
940609,271.25,272.5,270,270,230,14180
940610,274,274,272,273.5,1310,14145
940613,271,275.5,270.25,275.25,1905,14830
940614,275,276.5,273.75,276.5,480,15040
940615,281,284.25,281,281.75,3815,17070
940616,283.5,283.75,280,281.25,2450,17505
940617,283,285.5,283,284.75,2750,18410
940620,274.5,277.5,272.75,272.75,1830,18965
940621,267.5,268.5,263,266.5,3870,18395
940622,266.5,266.5,259,259.25,4275,17920
940623,258.75,261.25,257,257.75,5460,19630
940624,257.5,260,257.25,259.75,3020,18710
940627,258.5,258.75,250,252.75,2155,19370
940628,258.5,264,258.5,264,6160,19200
940629,258.5,258.75,254,254.75,5250,21250
940630,255.5,259.5,254.5,257,1980,21760
940701,253.5,255.75,250,255.75,2725,23030
940705,245,246.5,244.5,244.5,7865,25280
940706,247.5,247.5,245.5,246,5565,26125
940707,245.25,246.75,244.75,245.5,4155,27430
940708,245.75,246.25,245.25,246,2940,27775
940711,245.5,246.75,245,245.25,1040,27500
940712,243.5,245,243,244.5,6855,29305
940713,246,246,245,245.5,4120,30000
940714,245.25,246.5,243.5,243.75,3040,29780
940715,242.5,243.75,241.75,241.75,4570,30835
940718,242.75,242.75,241.75,242.5,2890,31850
940719,241.5,241.75,240.25,240.5,5915,34020
940720,240,240.5,239.5,239.5,4585,35260
940721,239,239.25,237.25,237.5,5275,37765
940722,238.25,239,236.5,237.25,4400,39815
940725,237.25,239.25,237.25,239,2675,40840
940726,239.5,240.75,238.75,240.5,5320,42285
940727,241,241.25,238.75,238.75,4545,40900
940728,238.25,239,236.75,238.75,2595,41020
940729,240,241.5,239.75,241.5,1750,41865
940801,239,242,237.75,242,3325,43870
940802,241.25,242.5,240,241.5,2440,44005
940803,239,241,238.75,239.5,6550,44515
940804,238,238.5,237,238.25,3270,45160
940805,237.25,239.5,237.25,239.25,1925,45800
940808,237.5,244.75,237,242.5,3840,47170
940809,242.5,243,240.75,241.75,2000,47530
940810,241.25,243.5,241,243.25,2510,47325
940811,243.5,244.5,242.25,243.5,4305,47530
940812,243.25,243.25,240.5,241,5880,49525
940815,239.5,240,238.75,240,3230,50510
940816,240.5,241.75,240.5,241.25,2195,49610
940817,240.5,243.5,240.25,243.25,2045,49680
940818,243.25,243.75,242,242.5,990,49870
940819,242.5,243.25,242,242.75,1990,50310
940822,243,243.25,241.75,242.75,630,49855
940823,243.25,243.25,239.25,242.25,2870,51415
940824,241.5,245,241,244,3640,53170
940825,243.75,244,242.25,243,1310,53225
940826,241.75,243.25,241.75,242.25,1365,53315
940829,241,241,240.25,240.75,4820,56035
940830,242,242,241.25,241.5,2535,56910
940831,241.75,242.75,241.5,242.75,2785,57230
940901,242.5,243.5,241,243.25,3325,57975
940902,243.5,243.75,242.75,243.75,4740,60485
940906,243.25,246,242.75,245.75,1995,60975
940907,245.75,247.25,245,247,3205,61085
940908,246,246.5,244.75,245.25,2800,61245
940909,244.25,245,244,244.25,4425,62465
940912,242.25,247,242,246.75,4670,64285
940913,245.5,246.75,245.25,245.75,6255,66570
940914,244.5,244.5,242.5,242.75,590,66895
940915,241.25,241.25,238.75,239.25,13820,71820
940916,239,239.5,237,239.25,14065,75720
940919,238,240,237.75,239.25,8755,78360
940920,239.25,240.25,238.5,239.25,13180,84165
940921,239.5,239.75,238,239.25,6555,85865
940922,239.25,239.5,238.5,239.25,5625,86045
940923,239.25,239.25,238,238.5,3165,86210
940926,238.5,239,238,238.5,5740,87215
940927,238.25,238.5,237.25,237.75,11975,90300
940928,237.5,237.75,236.75,237,8640,94385
940929,236.75,237,236.5,237,7340,95665
940930,237,239,237,237.75,7935,96315
941003,237.5,241.25,237.5,240,12550,99420
941004,239.5,240.5,238.75,240.25,9890,101745
941005,239.75,241.5,239.5,241,17500,108200
941006,238.25,238.75,237,237.5,28930,116345
941007,237.5,237.75,236,236.25,13490,118830
941010,236,236.5,235.75,236,12905,121475
941011,236.25,237,236,236.75,8895,123995
941012,236.5,239.25,236.5,238.5,12160,126015
941013,238.25,239,237.75,238.75,6760,127730
941014,239,243,238.75,240.75,21920,135585
941017,240.5,241.5,239.75,240,16040,136460
941018,239.5,239.75,238.25,239,9220,137425
941019,238.75,239,238,239,19770,135920
941020,238.75,243,238.5,242.25,28055,142120
941021,242.25,242.5,240,240.25,12725,144350
941024,240,242.75,238.75,242.25,14400,145460
941025,242,242.25,240.25,240.75,9805,147600
941026,240,241.25,240,241,9795,149745
941027,241.25,244.5,241,243.5,21915,155225
941028,242.75,242.75,241,241.5,14670,159610
941031,241,241.5,240.25,240.5,11330,162585
941101,240.5,241.25,240,240.25,10125,165445
941102,240.25,241.25,240,240.25,10050,165795
941103,240.25,240.5,239.5,239.75,9995,169440
941104,240.25,240.5,239.5,240,15145,171860
941107,240,241.5,239.5,241,11375,175260
941108,240.75,241.75,240.5,241.25,12515,177015
941109,240.75,243.5,239.5,243.25,20395,182560
941110,242.75,245,242.75,243.75,35385,191785
941111,243.75,243.75,241.25,241.5,19975,195265
941114,240.75,241,240,240.5,11250,196205
941115,240.25,241.75,240,240.25,18855,198490
941116,240,240.25,238.5,240,44450,199935
941117,240,240.75,239.25,240.5,10145,204345
941118,240.5,240.75,239.5,240.25,12005,206710
941121,240,240,239,239.25,12690,207435
941122,239,239,236.5,236.75,51855,212605
941123,236.75,237,232.75,233.75,54375,221530
941125,234,235.25,234,235,15930,225005
941128,235.5,236.25,234.75,235,30990,231545
941129,235.25,235.5,233.5,233.75,31745,232055
941130,233.5,234.5,232.5,233.75,26840,231390
941201,233.75,237,233.75,234.75,29040,233355
941202,236.75,237.75,236,237.5,23470,237030
941205,237.5,240.5,237.25,240.25,43545,234655
941206,239.75,240.25,238.5,238.75,28815,234660
941207,238.5,243.75,238.5,241.5,50170,241505
941208,241,242.5,240.5,242.25,21785,236860
941209,243,243,241,242.75,17900,235790
941212,243.75,243.75,242.25,243.25,29095,229655
941213,243.25,243.25,242.25,242.5,18360,227040
941214,241,241.25,238.25,238.5,28435,227865
941215,238.25,239.5,238,239,9110,226250
941216,239.25,240.75,239.25,240.5,10020,226335
941219,240.5,241,238.5,238.5,8170,226200
941220,238.25,241,238,240.25,10775,226660
941221,241.5,243.25,241.5,241.75,22575,231150
941222,241.25,243,241,242,12530,233545
941223,242,244,242,243.75,14675,233885
941227,243.5,247.5,243.25,245.75,41335,247070
941228,245.5,246.75,245,246,27780,246340
941229,245.5,245.5,243.75,244,23165,250455
941230,244,244.25,243,243.25,18825,252685
950103,243.25,243.25,240.5,240.75,35960,260775
950104,240.75,242,240.25,241,16285,261065
950105,241.75,243.25,241.75,243.25,14100,262035
950106,243.75,244.75,242.5,244.5,19760,264845
950109,244.5,246,243.75,245,24090,267670
950110,244.5,245.5,244,245,18925,268305
950111,245.25,245.25,244.25,244.5,23900,272860
950112,247,248,246,246.25,49960,277185
950113,246.75,246.75,243.75,245,42750,283685
950116,244,245.25,243.25,245,24350,285550
950117,245,247.25,245,245.75,24385,291985
950118,245.5,245.75,245,245.25,18675,291055
950119,244.75,245.75,244.5,245,19250,293860
950120,245,245.75,243.75,244.25,22005,293730
950123,243.5,244.5,243,244.25,19645,291095
950124,244.5,245,244,244.5,9785,293265
950125,244.25,244.75,244,244.5,11180,292845
950126,244.25,245.5,244.25,244.75,14305,295605
950127,244.25,244.75,243.75,244.25,19700,301230
950130,243.5,243.5,241.25,242.25,47790,315030
950131,242,243,241.5,242.25,25265,313975
950201,242.5,244.25,242,244,28275,318245
950202,243.5,245.25,243.5,244.75,25890,327990
950203,245.25,245.75,244.5,245.5,17360,334000
950206,245.5,249,244.75,248.5,38115,342185
950207,246.5,248,246.5,246.75,35425,355380
950208,246,247,246,246.75,22140,357120
950209,245.5,247.25,244.75,247,26440,359700
950210,247.25,248.75,247,247.75,21565,364260
950213,247.5,248,247,247.25,12975,364135
950214,247.25,249,246.75,248.5,31525,372630
950215,248.25,248.75,247,248.25,40490,381975
950216,247.5,247.75,247,247.25,18985,385085
950217,247,247.25,246.5,247.25,20175,389850
950221,246.5,246.75,246,246.5,29750,396445
950222,246.5,248,246.25,247.25,46900,413615
950223,247.5,249,247.25,248.75,55710,433215
950224,248.75,249,248,248.5,35595,447440
950227,248.25,248.75,247.75,248.5,44335,460795
950228,247.75,248.75,247.5,248.25,34560,468975
950301,248,248.5,247.5,248.25,29935,468445
950302,248.25,248.5,247.5,248,26635,472755
950303,247.75,247.75,245.5,245.75,59520,468105
950306,245.5,251.5,245.5,249,70490,476360
950307,248,251.5,248,250.25,54145,481170
950308,249.5,250.75,249.25,250.25,36575,485925
950309,249.75,251.25,249.75,250.75,17685,486530
950310,251.25,252.25,250.25,251.5,30735,490660
950313,252,254,251.75,253.5,43795,500815
950314,253.25,254,252.5,253.25,42730,504630
950315,254,255.25,252.75,254.75,65600,520075
950316,254.25,255.25,253,253.5,37380,527450
950317,253.25,255,253,254,34345,533730
950320,253,254.25,252.5,252.75,37505,536470
950321,252.5,253.25,251,251.5,49105,540650
950322,251,251.75,250.25,251.25,42195,544615
950323,251.75,253.75,251.75,253,31695,548420
950324,254,255.25,252.5,253,39440,553105
950327,252,255,251.75,254.5,34610,551935
950328,254,256.25,253.25,255.5,53600,564590
950329,255.5,256.5,252,254.75,81120,563525
950330,254,255.5,253,255,42905,558465
950331,257.5,258.5,255.5,255.75,69830,565775
950403,255.75,260,255.5,259.25,83555,590740
950404,259,259,257.75,258.5,47240,594075
950405,258.25,258.25,256.75,257.25,59260,599110
950406,256.75,256.75,256,256.5,42160,600895
950407,257.25,258.25,256,256.75,52895,607320
950410,256.5,258.5,255.5,258.25,64940,616970
950411,258.5,259.5,257.5,258.75,87330,631685
950412,258,258,256.75,257,57595,639050
950413,256.5,257,249,253,275940,618130
950417,253,253.75,251,251.25,102340,611815
950418,251.25,251.25,249.5,250.75,126470,608360
950419,250.25,252,250.25,251.25,85380,620470
950420,252,253.25,251.75,252.75,54010,614255
950421,253.5,254,252.25,253.5,57635,617075
950424,253.5,254.25,252.5,254,60420,629695
950425,254.25,257,254,255.25,125370,656755
950426,256,256.25,255,256,104595,657935
950427,255.75,256.5,254.75,255.25,126615,673590
950428,255.25,256.25,254.5,255.25,105580,681800
950501,256.5,258.25,256.25,258,103715,695795
950502,259.5,260,257.75,259.5,168470,719495
950503,258,258.5,256.5,257.25,98725,722415
950504,258,259,257.5,257.5,64910,727030
950505,256,256,254.75,255.5,77865,725295
950508,256,259,256,257.75,97440,716035
950509,259.25,259.5,255.25,257.5,96315,705035
950510,258,258.5,255.75,258.25,68630,708240
950511,257.75,258.75,256.5,258,76075,706950
950512,257,258,256.75,258,58765,708190
950515,256.25,257,253,254.75,141875,699455
950516,255,256.75,253.5,256.5,94715,685050
950517,258,261,258,259.5,172905,696665
950518,259.75,261.5,259.25,261.25,94025,697340
950519,261.25,261.25,258,258.5,81785,697535
950522,259.5,264,259.5,262.25,113950,701450
950523,265,269.75,265,268,136240,708740
950524,267.75,269.5,265.75,267.25,114425,699335
950525,266.75,267.25,265,267,83495,693650
950526,267.75,271.25,266.75,271,115380,687090
950530,266.5,268,265,266.75,116580,677770
950531,266.5,266.75,265,266,96530,665830
950601,268,269.75,268,269.25,95680,653030
950602,273.5,273.5,269.75,272.25,100840,644560
950605,271,271,268.5,268.75,96290,625955
950606,270,270.75,266.5,267.5,114950,605430
950607,267.5,267.5,264.5,265.5,140300,576515
950608,267.75,271.5,265.75,271,108900,551735
950609,270.75,271,268.5,269.5,79800,535075
950612,270.75,271.75,267.75,268.5,100480,524745
950613,267.5,271.5,267.25,271.25,118955,504285
950614,271.25,276.75,271.25,276.25,119765,491660
950615,276.5,280.75,276,278,135945,478220
950616,276.5,278,275.25,277.25,98130,464710
950619,282.5,285,280.5,283.75,103180,456925
950620,281.75,283.25,280.25,280.75,139225,411740
950621,278.5,282.5,278.25,282,114655,385930
950622,281.5,281.75,278.5,279.25,123740,372405
950623,279,280.5,277.5,279,122005,340775
950626,274,274,267,267.25,147230,254155
950627,267.25,267.25,260,263.5,146965,218880
950628,266,270.25,265.5,270,120030,180495
950629,270,271,267.5,268.25,120625,133965
950630,273,275,271.5,272,123535,92170
950703,273.5,277.25,273.5,275.5,46270,61270
950705,272.75,277,272,276.75,45760,51295
950706,279,282,276.25,277,24910,35965
950707,276.25,277.5,275.25,277.25,13360,32310
950710,277,279.5,275.5,277.25,8780,29510
950711,276.75,280.5,275.5,280,13405,28830
950712,287,287.5,284.5,284.75,14610,21585
950713,286,286.75,284,284.5,6220,18415
950714,284,288.5,284,287,12235,15285
950717,293,300,293,294.5,9160,11005
950718,294.5,296.5,293.5,295.5,5585,8725
950719,292,297,291.5,296.5,8885,5270
950720,296.5,297.5,292,293.5,0,0
