951005,284,286,284,286,5,5
951006,286,286,286,286,0,5
951009,284.75,286,284.75,286,75,55
951010,285.5,286.5,285.5,286.5,80,100
951011,289,289.5,289,289,45,145
951012,288,288,285.5,285.5,0,145
951013,285.25,289.5,285.25,289.5,5,240
951016,289,289,289,289,0,240
951017,288.5,288.5,288.5,288.5,0,240
951018,288.5,288.5,288.5,288.5,0,240
951019,289,289.5,289,289.25,5,240
951020,289,289,288,288,10,240
951023,288.25,288.25,288.25,288.25,0,240
951024,288.5,288.5,288.5,288.5,0,240
951025,288.5,289.5,288.5,289,30,265
951026,291,292,290.25,290.25,165,400
951027,288.5,288.5,288.5,288.5,0,400
951030,288.75,288.75,288.75,288.75,0,400
951031,288.75,288.75,288.75,288.75,0,400
951101,289.25,290,289.25,289.5,120,510
951102,290,292,290,292,140,635
951103,290.25,290.25,290.25,290.25,20,655
951106,290.75,292,290.75,292,25,660
951107,292,292.75,291.5,291.5,135,770
951108,293,293,291.75,291.75,125,880
951109,293,293.25,290,290,55,895
951110,290,290.75,290,290.75,50,920
951113,291.75,291.75,289,289.75,25,930
951114,289,289,287,287,10,930
951115,287,287.5,286.5,286.5,15,935
951116,288,288,286.5,287.75,65,980
951117,289.5,289.5,289.5,289.5,30,985
951120,289.5,289.5,287.75,288.75,5,990
951121,289.25,289.25,289.25,289.25,45,1030
951122,289,289,289,289,35,990
951124,289,289,289,289,0,990
951127,287.5,287.5,287.5,287.5,0,990
951128,286.5,286.5,286.5,286.5,0,990
951129,287.5,288,287.5,288,35,990
951130,290,290.75,290,290,110,1010
951201,290,290,290,290,5,1015
951204,290.5,291.25,290.5,290.75,30,1030
951205,290.75,293,290.75,293,60,1065
951206,292.75,292.75,292.75,292.75,65,1060
951207,293.25,293.25,293,293,30,1075
951208,294,296,294,296,140,1200
951211,298,298,297.5,297.5,20,1210
951212,297,298,297,297.75,50,1260
951213,298,298.5,298,298.5,40,1260
951214,299.5,299.5,299,299,15,1255
951215,298,298,298,298,25,1255
951218,299,300.25,299,300.25,150,1240
951219,301,303,301,303,20,1260
951220,301.5,302,299.75,299.75,20,1260
951221,298,299,298,299,15,1260
951222,300,303.5,300,303.5,100,1285
951226,302,302.75,301,302.75,215,1495
951227,301,301,299.25,300,695,2025
951228,300,300.25,299,299,300,2130
951229,301.5,301.75,300.5,301,270,2235
960102,301,304,301,303.75,715,2590
960103,303.5,305,303.5,304.75,340,2725
960104,305,306,305,305.5,50,2695
960105,305.5,305.5,305,305.25,130,2770
960108,304.75,305,301.5,301.5,205,2780
960109,301,303.5,301,303.5,270,2865
960110,302.5,304,301,301,435,3100
960111,299,299.5,295.5,295.5,595,3240
960112,296,299.75,296,299.25,465,3555
960115,301.5,302.25,301.5,302,440,3565
960116,297,298,294.5,294.5,160,3560
960117,294.5,297.25,294,294,690,3720
960118,297.5,298,297,298,140,3535
960119,299.5,302.5,299.5,302.5,225,3660
960122,303,303,298.5,298.5,110,3740
960123,297.5,298.5,297,298.25,145,3805
960124,299.5,299.5,298.25,298.25,145,3820
960125,301.25,301.25,297,297,30,3765
960126,298,299.5,297.5,299.5,110,3830
960129,301,305.5,301,305,415,3945
960130,305.5,307.5,305,307.25,460,3985
960131,307.5,308.25,307,307.5,715,4535
960201,307.5,309,307,308.5,335,4650
960202,308,309.5,308,308.75,160,4770
960205,307.5,308,306.5,306.75,465,5055
960206,306.75,309,306.75,308.5,60,5045
960207,309,310.5,308.5,309.25,450,5145
960208,308.75,310.25,308.75,309,1285,5790
960209,310.5,311,310.5,310.75,15,5780
960212,311.25,313,311.25,312,710,6355
960213,312,312,310.5,311.25,125,6380
960214,313.75,315.5,313.5,314,365,6600
960215,314,316,314,315.25,565,6725
960216,316,319.5,316,318.5,550,6520
960220,318,319,317.75,318.75,140,6580
960221,318.25,321.25,318.25,320.25,220,6535
960222,318.5,320.75,318.5,320.75,155,6740
960223,321.5,324,321.25,323.5,1240,6890
960226,323.5,325,323.5,325,205,7005
960227,324.75,326,324.75,325,1285,7315
960228,324.25,324.5,324.25,324.5,15,7240
960229,322.5,323.5,321,322,85,7360
960301,320,320,319,319,15,7280
960304,315.5,317,315.5,317,400,7580
960305,319,319.5,317,318.25,120,7680
960306,320.5,321,319.75,319.75,1265,8665
960307,322.5,323.5,322,323.5,365,9015
960308,324.5,327,324,324.5,490,9520
960311,325.75,326.5,325,326.25,205,9480
960312,326.25,326.25,324,324.75,40,9470
960313,324,324,322.25,323.25,320,9535
960314,325.25,326,325,325,675,10080
960315,321,323.25,320.5,321,520,10185
960318,319.5,321.5,319,321.5,375,10460
960319,322,322,319.25,319.25,45,10470
960320,319.5,322,319.25,321.25,205,10740
960321,322.25,322.25,320,320,210,10805
960322,320,320.5,320,320.5,50,10930
960325,320,321,320,320.5,390,11060
960326,322.5,324.5,322,324,940,10935
960327,323,324.5,323,323.75,610,10760
960328,323.25,323.25,322.5,323.25,535,10920
960329,328,329,326.5,328.5,1130,11135
960401,328.5,332,328.5,330.25,955,11490
960402,330.25,332,330,330.5,1615,12560
960403,330,337.5,330,335.25,3360,14185
960404,335.5,341,334,338.5,1565,14000
960408,339.5,350,339.5,347.75,3850,14340
960409,347.5,350.5,345,345.5,855,14225
960410,347,353,347,351.5,1195,15395
960411,355,355,344,344,830,15740
960412,339,344.5,339,342.5,2555,15955
960415,338.5,341,334.5,335,1605,16610
960416,336,337,325,327,1720,17595
960417,325,333.5,325,332,945,16910
960418,337,342.5,337,341,490,17260
960419,336.5,341,335.5,335.75,880,17380
960422,341,343.5,340,341.5,520,17390
960423,343,343,339.5,340.75,2075,17360
960424,336,341,335.5,339,685,17235
960425,345,351,341,341.5,2170,17375
960426,338,340,334,334.5,1195,18030
960429,330,333,329,330.5,910,18425
960430,332,337,332,334,1065,18860
960501,339.75,343,337,342.5,675,18830
960502,346,348,332,333,280,18775
960503,336,342,336,339.5,800,19510
960506,347,349,344.5,345.75,1670,18875
960507,345,346,342,342.25,275,18785
960508,345,351,345,348,860,19465
960509,350,351,347,347.5,1905,19025
960510,347,353,347,352,905,17905
960513,358,361,358,359.75,3435,17930
960514,357,361,355,360.5,1740,18080
960515,362,366,362,364.5,2630,18340
960516,366.5,372,366,372,3460,18860
960517,372,374,368,368.5,2930,19595
960520,356.5,358,356.5,356.5,955,19515
960521,358,359.5,348,348.5,845,19650
960522,348.5,353,346.5,349.5,785,19235
960523,356,361,354.5,360.5,735,19605
960524,363,366,362,364.5,740,19530
960528,376.5,376.5,361,370.75,2065,20465
960529,365.5,365.5,358.75,358.75,3140,20340
960530,358,359,352,356,2565,19565
960531,360,362.5,356,360,530,19530
960603,356,356,348,349.25,1545,20195
960604,351.5,352,343,351.75,960,20125
960605,354.5,355,347,348,405,20210
960606,354,358,353,355.5,450,20125
960607,360.5,360.5,358,359,1370,20020
960610,371,371,370,371,935,20830
960611,376,376,361.5,364.5,4170,22490
960612,361,364,360,360.5,1535,23305
960613,360,360.5,357,357,820,23110
960614,357,360.5,354.5,354.5,2070,22000
960617,361,361,350,350.25,880,21985
960618,354,362.25,354,362,1235,22310
960619,357,358,355,355,4060,23530
960620,353.5,357.5,353.5,357.25,1005,23890
960621,360,364.5,360,362,1320,24350
960624,356.5,362.5,356,362,1865,24420
960625,361,363,361,362,1155,24860
960626,360,361,358,360.25,1805,25730
960627,358,362.5,358,360.25,5020,28385
960628,365,368,360,366.75,2335,28370
960701,372.5,383,370.5,375.5,4870,29845
960702,370,373,368,369.25,4735,30260
960703,368,371.5,368,370.5,710,30115
960705,363,363.5,360.5,360.5,980,30315
960708,364.5,366,359,359,1480,30725
960709,361.5,367.5,361,366,1250,30695
960710,366,368,364,366,350,31215
960711,372.5,378,372.5,378,4130,32745
960712,381.5,393,381.5,388.75,4170,33850
960715,380.5,389,380.5,384.5,4090,35005
960716,384.5,384.5,373,374.25,9035,35995
960717,368,369,362.5,364.25,6225,36565
960718,359,362.5,358,359.5,7405,37975
960719,360,361,350.5,350.5,7365,37895
960722,349.25,350,346.5,346.5,15955,41730
960723,350.5,352.5,347.5,347.5,9335,40385
960724,344,347,341,341.5,5810,41385
960725,339.5,340,332.5,335.25,4425,41915
960726,338.5,338.5,330.5,332,6025,44775
960729,331.5,338.5,331.5,337.5,6960,43030
960730,342.5,343,334.5,334.5,3715,42965
960731,333.5,335.5,332.5,334.75,2225,43110
960801,339.5,341.5,338,341.25,2565,42300
960802,339,339,337.5,337.75,1005,42385
960805,331.5,333,329.5,332,2380,42840
960806,331.5,334,329.75,333.5,3410,43745
960807,333.25,334.75,332.5,334.5,1885,43395
960808,336.5,343.5,336.5,342.25,2515,43985
960809,342.5,344,340.5,343.5,2170,44835
960812,355.5,355.5,355.5,355.5,3845,45045
960813,364,365.5,356.5,362,9865,50260
960814,358.5,364.5,358.5,360.5,3795,49895
960815,361.5,364.5,360,360.5,3335,50745
960816,357.5,360,355,355.25,2905,50870
960819,346.5,355,345,354.5,3235,51490
960820,352,353.5,350.75,351.25,855,51695
960821,354,354.5,347.75,349.75,3355,52435
960822,347,352,346.75,350.25,3705,54050
960823,349,352,348.5,351.5,4200,55355
960826,352.25,360.75,351.25,359.25,3945,55780
960827,359.75,360.5,357,359.25,3750,57190
960828,360,360.75,354,354.25,3505,58045
960829,354,357,353.5,355.75,3025,58310
960830,355.25,356.25,354.25,355.5,3405,58615
960903,358,358,354,354.25,4020,59980
960904,350,352,347.75,347.75,5465,59445
960905,348,349.25,347.25,349,4650,60045
960906,347.75,348.75,345.5,347,4770,60775
960909,344.5,346,344,344.75,3310,61630
960910,346.5,349.5,346,348.75,3810,62880
960911,345.75,346,342,342.25,7535,64175
960912,342.75,344.5,342.25,344.25,8790,67140
960913,341.25,341.5,337.5,337.5,15200,72675
960916,336,336.5,329.25,331.25,18360,80670
960917,333.5,334.25,331.5,331.5,6880,81665
960918,328.5,332.75,327,332.25,8915,83580
960919,334,334.5,328.75,329,6545,85735
960920,330,331.25,329,329.75,16670,93780
960923,329.5,329.5,326,328,18965,98215
960924,326.5,327,324.5,325,7770,100215
960925,326,327,325,326.5,4015,100185
960926,325,325.5,320.25,320.5,12885,102140
960927,321.5,321.75,319.25,319.75,15695,107045
960930,316,316,311.25,314,30570,115330
961001,311.75,315.25,310,311.75,24725,117960
961002,315.5,316,309,309.25,19515,124405
961003,309.25,309.5,307.25,307.75,16295,128060
961004,308,308.5,305,306,26220,131125
961007,307,309,307,308.75,10135,131540
961008,308,313.5,308,312.5,19385,132880
961009,313.25,313.25,309,309.75,13160,133540
961010,309,309.5,305.25,305.25,13725,134880
961011,301.25,301.25,297.25,298.25,27825,141965
961014,297.5,302.25,296.25,302,15780,141945
961015,302.75,303.25,300,300.75,20260,145180
961016,302,303,299,299.25,15260,146935
961017,297,299,296,297.5,14440,148230
961018,297.75,299.5,293.5,294.25,25655,148210
961021,294.75,294.75,292,292.25,10640,150640
961022,291.5,292.75,289.5,292.25,31050,149805
961023,293.75,295.75,293.75,295.5,17785,153105
961024,295.5,295.5,288.75,289,38955,161505
961025,286.5,288,286,286.25,27310,162190
961028,288,289.25,286.5,289,32155,166475
961029,288.75,290,285.75,289.25,18100,167090
961030,289,290,287.25,288,54880,167000
961031,286,286.75,283.25,283.5,37735,169550
961101,282.5,283.5,280,280.5,32845,169990
961104,279.5,281.5,278.5,279,31245,172290
961105,277,277.5,273.25,273.75,47565,174600
961106,275.75,276.75,274,275.25,32380,178755
961107,277,279,275.75,277.5,28920,180095
961108,276.75,279.5,276.25,278.25,46210,181740
961111,279,280.75,278.75,279,27725,184425
961112,273.5,281,272.5,276.25,63670,192780
961113,277,280,275.5,279.75,41705,198520
961114,279.75,283,279.5,280.25,29370,201975
961115,280.25,283.75,279.25,279.5,26315,205315
961118,277.5,279.5,276,277.75,30720,206715
961119,277,278.25,275.5,276,23055,211915
961120,275.5,278.75,274.5,278,34790,216580
961121,279.25,281.25,277.75,279.5,26495,220790
961122,278.75,280.25,278.25,279,20065,220830
961125,281,283.75,281,281,27370,218570
961126,280.5,280.75,279,280.75,21360,223620
961127,281.5,281.5,279.75,280.25,14140,226715
961129,280,280.25,277,277.5,13625,228570
961202,276,276,272,272.25,19180,229670
961203,271.5,273.5,269,269.5,41130,234525
961204,269.75,270.75,268.75,269.5,33220,237940
961205,267,272,266.75,271.75,52250,250780
961206,271.25,272.75,270.5,271,23170,250945
961209,270.25,272.25,268,268.25,21610,253125
961210,266.25,267.75,265.5,266.5,50345,271865
961211,267,268.5,266.75,268,29615,273490
961212,268.5,269,267,268.25,33580,277995
961213,267.75,268.75,266.75,267,25910,277790
961216,267.75,268,266,267.75,23740,275220
961217,268.5,270.5,268.25,269.5,19610,276080
961218,270.75,274,268,268.25,45485,273745
961219,268.25,270,267.25,269.75,24560,272315
961220,268.75,270.5,268,269.75,40070,265475
961223,269.25,269.5,267.5,268.25,20440,266135
961224,267.75,268.75,267.25,268.5,16350,267925
961226,268.5,270.5,267,268.25,22700,270305
961227,269.25,269.75,267.25,267.5,18765,272955
961230,265,265,262.5,262.75,29320,268375
961231,262.75,264,262.5,262.75,25930,271105
970102,262.75,264.75,262.25,262.75,30105,272485
970103,262.5,262.5,260.25,260.75,20980,273750
970106,262,262.5,260.75,261.25,24325,275950
970107,261.5,261.75,260.25,260.75,33375,275850
970108,260.5,261.25,259.75,260.5,52085,272770
970109,259.75,261,259,259.25,31065,270440
970110,270,271.25,266.5,268,70740,269275
970113,268.5,270.75,268.25,269.5,29270,272770
970114,269,272.75,268,271.5,54775,276225
970115,272.25,274.25,270.75,274,40485,282750
970116,274.5,274.5,270.75,272.75,54030,290420
970117,271.5,272.25,270.5,272.25,34625,298935
970120,269.5,273.5,268.5,268.75,48970,304995
970121,267.5,269.25,267.5,268.25,42260,307990
970122,269,269.5,268,269,38910,310295
970123,268.25,269,267.25,268.25,27100,312390
970124,270,270.5,268,269.75,29895,314250
970127,270,271.5,268.25,271,32240,318140
970128,271.75,273.25,270.25,270.5,44310,319950
970129,270.25,273.5,270,271.25,30470,322055
970130,272.5,272.75,269.5,270,35990,328735
970131,269.25,269.25,266.5,266.75,42795,336715
970203,265,266.25,264.25,266,36290,337930
970204,266.25,269,265.75,268,42150,343110
970205,268,270.75,267.5,270.5,31965,346635
970206,270.5,271,267,267.5,36540,347950
970207,267,269.75,266.5,268.5,25390,350560
970210,269,269.5,267.75,269.25,22185,351810
970211,269.25,270,268.5,269.75,20810,355825
970212,270.75,271.5,268.75,271,39955,364770
970213,270,272.25,270,271.75,26180,365515
970214,271,274.75,270.75,272,65005,373675
970218,273.5,282,273.5,281.5,102210,392890
970219,281,288.5,281,283.25,145195,412000
970220,283.5,290,282.75,288.75,123900,435895
970221,290,292.5,287,292.25,109495,453560
970224,292,294,290,290.25,130840,474755
970225,289.5,294.5,287.25,293,91910,482215
970226,292,293.5,289.5,290,82880,491360
970227,290,296.5,290,293.75,95390,503915
970228,292.25,294.5,291,294,70200,516675
970303,300,302.5,298.25,300.75,109220,536080
970304,300.25,307.25,299.5,300.25,140860,537250
970305,299.5,301.75,296.5,297,80045,549745
970306,298.5,304.25,295.75,303.75,97605,552885
970307,304.25,307.75,298.5,303,134895,550425
970310,303.25,311.5,300,308.25,120095,537975
970311,303.5,306.5,302.5,304.75,75575,547470
970312,304.5,304.5,292.75,293.5,105195,549890
970313,293.5,298.75,291.5,298,107825,546765
970314,300,305.75,299.5,303,113390,541970
970317,305.5,306,299.75,305,108990,546025
970318,302,303.5,299,299.5,84025,546195
970319,300.25,302.75,298,302.5,56660,547760
970320,306,309.75,303,304.5,149180,552305
970321,300.5,303.25,299.5,301,81460,545750
970324,299,300.5,297.25,300,64595,542485
970325,302,305,301,304.25,56985,546195
970326,304.5,307.25,303.5,307,79040,546210
970327,308.5,309.5,307.25,308.75,86490,556450
970331,309,311.5,305,310.25,124360,564900
970401,318,320.75,313,314,166830,578310
970402,312.5,314,309,309.75,106130,594415
970403,307,307.5,302,302.25,140220,594155
970404,300,300.5,295.5,296.5,157725,589520
970407,299,304,299,303,98775,587590
970408,304,305.25,302,302.5,76575,592375
970409,301,302.5,297.25,300.25,124880,599150
970410,303,306.5,302.5,305.5,113410,598040
970411,309,310,300.5,301.5,170035,603845
970414,307.5,309.5,304.5,306.25,120800,615415
970415,304,304.25,300,304,110605,614285
970416,304,304.25,296.75,297.25,226280,629695
970417,298.5,302,295.75,297.75,182345,628890
970418,297.5,301,296.75,300.25,141455,635620
970421,301,302.75,298.5,300.5,175090,635190
970422,299.5,302.5,298.5,302,125590,637350
970423,302,302.25,299,299.25,122385,647385
970424,299,299.25,292.75,293.75,293650,640450
970425,295,299.75,294,294.5,238085,634220
970428,292.5,293.25,290,290.5,250000,639235
970429,291.5,293.5,290,291,204350,674075
970430,294,295.75,293,293.25,204890,680935
970501,292.5,298.5,292.25,296.75,192145,685010
970502,296,299,292.5,292.75,174725,691650
970505,295,296.25,290,291.25,190090,693260
970506,289.75,290,285.25,285.5,285605,669060
970507,285,287.75,285,285.25,191495,652255
970508,285,285.25,282.5,284.5,204905,645470
970509,285.75,288.5,285.5,288,131725,638870
970512,285.5,285.5,282.75,283,144845,639245
970513,281.75,284.75,280.25,284.5,222460,626340
970514,285,285.25,281,283.5,177425,629075
970515,283,284,281.25,281.75,119030,628765
970516,280.5,285.75,280.5,284.5,162860,634695
970519,283,285,281.5,284.5,126825,623145
970520,284.25,284.5,276,276.25,272545,630725
970521,276,277.75,275,276.75,153515,622830
970522,277.75,279.25,273,273.25,176630,620865
970523,272.75,273.75,270.25,270.5,138320,610795
970527,269.25,270,264,264.25,202940,599095
970528,264,269.75,264,269.5,205860,599970
970529,270.5,274.5,268.25,269.25,199715,580830
970530,273,273.25,269.5,270.75,133510,579900
970602,273,274.25,270.5,274,131130,570385
970603,275.25,278.25,274,277.5,157620,565575
970604,275,275.5,271,271.25,165015,553560
970605,270.75,275,270.75,274.25,112945,545550
970606,275,276.5,273.75,274,104630,535395
970609,271,274.5,268.25,274,178000,512860
970610,275.25,276.25,271.5,271.75,160595,496610
970611,272,274,270.5,272.5,136955,486365
970612,272.25,273.75,270.75,271.25,112725,482035
970613,272.25,273,270.5,271.5,103895,470340
970616,270.25,271,268.25,268.5,145115,443505
970617,268.5,270.5,268.25,270.25,146180,421745
970618,271,271.25,266.25,266.5,137105,393660
970619,266.25,266.5,265,265.25,107595,377615
970620,264.5,266.5,264,265.5,113925,338275
970623,263.25,263.25,259,260.5,169145,304940
970624,260.75,261.25,258.5,260.25,168665,287395
970625,259.25,259.25,255.75,256.25,132960,269065
970626,255,255.25,250,250.25,159700,250520
970627,249,250.75,245.5,246.25,156395,213035
970630,244.5,248.5,240,248,119625,178500
970701,246.75,247.5,243,243.25,74545,148790
970702,244.5,246.5,242.75,245.75,67170,122920
970703,246,246.5,244.5,244.75,30885,115670
970707,242.5,243.5,240,240.5,47005,99980
970708,243.5,246.5,242,243.25,27920,89680
970709,244.5,250,244.5,249.75,30125,80435
970710,248.75,249,247,247.75,20640,73630
970711,246.5,252,245.5,251.5,22505,65130
970714,264,267,259,262.25,19680,56380
970715,263.5,272,261.5,270.75,27155,43915
970716,268.5,269,264.75,266.5,19145,36080
970717,267,269.75,263.5,265.5,18665,27650
970718,269.5,273.25,268.5,270.25,18820,19090
970721,259,264,258.75,263.75,16875,10310
970722,266,271,264,271,10635,3090
970723,271,271,271,271,0,0
