960522,310,310,309,309,10,10
960523,310,310,310,310,60,70
960524,310,313,310,312.75,275,310
960528,315,315,312,312,270,480
960529,311.5,311.5,301,305,265,680
960530,305,305,302,305,100,670
960531,305,308,305,307,335,740
960603,305,305,298,298,410,855
960604,300,300,299.5,299.5,150,930
960605,301,302,298,298,195,995
960606,300,304,300,304,75,1020
960607,308,310,306,307,360,1180
960610,310,319,310,319,215,1325
960611,323,323,312,314,80,1355
960612,313,314,312.5,314,80,1355
960613,313,316,312.5,315,80,1360
960614,315,317,315,315,90,1390
960617,317,318,315,315,25,1405
960618,317,321,315,321,375,1455
960619,319,320,318,318,135,1510
960620,318,320,316,319.5,300,1780
960621,321,322.5,321,322,185,1895
960624,316,320.25,316,320,160,1985
960625,319,320,319,319.75,55,1980
960626,315,317.5,315,316,70,2045
960627,318,319,317,319,30,2075
960628,318,320,318,319,100,2130
960701,321,324.5,321,322,585,2270
960702,321,321,318,318,210,2335
960703,317,320,316.5,318,230,2455
960705,315,316,313.5,314.5,290,2590
960708,316,318,315,315,155,2685
960709,317,320,317,319.5,110,2680
960710,319,320,319,319,95,2770
960711,321,331,321,326,1220,3075
960712,327,335,327,334,350,3155
960715,328,331,328,330,400,3165
960716,329,329,323,325,300,3200
960717,322.5,322.5,318,320.5,320,3330
960718,317,322,317,320,340,3425
960719,319,321,314,315,705,3600
960722,314,317,314,315,550,3485
960723,315.5,317,315,317,2150,4335
960724,316,316,311,311,195,4350
960725,309,310,306,307.5,760,4245
960726,310,310,303,304,100,4275
960729,304,307.5,304,307.25,425,4235
960730,308,310,304,304,440,4450
960731,303.5,306,303.5,305,30,4455
960801,310,311,310,311,25,4460
960802,309,309,308.5,308.75,270,4410
960805,305,305,304.75,305,615,4670
960806,304.75,305.5,304,305.5,335,4790
960807,306,306,305,305.5,155,4875
960808,307,308.5,307,308.5,110,4925
960809,308,309.5,307,309,170,4905
960812,320,321,320,321,535,5240
960813,328,328,317,319,1095,5450
960814,319,322,318.5,318.5,225,5410
960815,321,321.5,320,320,55,5420
960816,319,319,316,316,40,5405
960819,311,314,311,314,120,5425
960820,314,319,314,315,545,5695
960821,318,318,314,314,115,5695
960822,314.5,316,313.5,314,435,5730
960823,314,315,314,314,230,5735
960826,314.5,320,314.5,319,110,5760
960827,319.5,320,318,320,675,6110
960828,320,321,317,317,1020,6570
960829,317,318,317,318,170,6600
960830,319,319,318,318,450,6890
960903,318,320,318,319,280,6980
960904,317.5,318,315.5,315.75,370,7170
960905,316,318.5,316,318,810,7345
960906,318,319,317,318,905,7495
960909,317,319,317,318,815,7885
960910,320,322.75,319.25,322.5,915,8335
960911,319,321,318,318,375,8250
960912,318.5,321.5,318,321.5,785,8645
960913,320,320,316,316.25,1820,9310
960916,314.5,315,310,310,1070,9855
960917,313,313.5,311,311.25,735,10225
960918,310,312,308,312,2555,11905
960919,314.5,314.5,310.5,310.75,1260,12455
960920,311.5,313,311,312,765,12500
960923,310.5,311,308.5,309,995,12630
960924,308,308,306.5,306.5,630,12830
960925,307.5,308.5,307.5,307.75,450,12835
960926,307,307,305,305,970,13355
960927,305.75,306,303,303,830,13630
960930,300,300.5,297.5,298,2175,14235
961001,297.5,300,296,297,2605,14690
961002,299,299,295,295.25,1080,14530
961003,294.5,295.25,294.5,294.5,1735,14365
961004,293.5,294,289.5,290,2740,14355
961007,291,291.5,289,290.75,230,14480
961008,291,295,291,294.75,1110,15280
961009,294,294.5,293,293.5,195,15345
961010,293.5,293.5,290,290.25,565,15160
961011,287,288,285.75,286,940,15075
961014,284.5,288.5,284.5,288.5,475,15085
961015,288.5,289,287.75,288,220,15125
961016,290,290.5,287,287.25,680,15625
961017,287,287,284,285,1020,15955
961018,285.5,286,281,283.25,1835,16020
961021,283.25,284,282,282.25,745,15980
961022,282,283,280.25,282.5,1990,16220
961023,283.5,286.5,283.5,286,780,16440
961024,285.5,285.5,280.5,281.25,995,16770
961025,280,281,279,279,2095,17565
961028,280,283,280,283,805,17720
961029,283,283.75,280,283.5,1045,17785
961030,284,284,281.5,282,1755,17640
961031,280.5,281,278.5,279,1490,17975
961101,278.25,278.75,276.5,276.5,1540,18630
961104,276,276,274,274,2995,19540
961105,273.5,274,269.5,270.5,3300,19740
961106,271.75,273.5,270,271,2005,21040
961107,271,274.5,271,273,1875,22435
961108,273,275,273,273,430,22040
961111,275,276,273.5,273.75,1805,22090
961112,271,273.5,269.25,272,3640,23495
961113,272.5,275.25,272.5,273.5,1685,23525
961114,274,276.5,273.5,273.5,795,23745
961115,274,277,271.5,271.75,1610,24830
961118,271,274.5,270.75,271.75,2810,25475
961119,272,272,270,270,520,25585
961120,270,273.5,270,273.25,1925,25725
961121,274,276,274,274.25,855,26035
961122,273.75,275,273.75,274,585,26035
961125,275.25,277.5,275,275,2615,26975
961126,275,275,273,273,2055,27445
961127,273.5,275.5,273.25,273.25,1080,27730
961129,273,274,271,271.25,3585,28825
961202,269.5,270,265.5,265.5,2410,29590
961203,265.75,268,264.5,265.75,2095,28925
961204,266,266,264,264.25,3640,29005
961205,262,266.5,262,266,2685,28800
961206,266,267,265.5,265.5,1225,28830
961209,265,266,262,262.25,1195,27985
961210,261,261.75,260,260.75,1850,28625
961211,261.5,262.5,261.5,261.5,795,29185
961212,262.25,263.25,262,263,1165,28870
961213,263.5,264,261.25,261.5,1085,28960
961216,261.5,262.25,261.25,262.25,565,29015
961217,263,265,263,264.25,1125,29235
961218,265,267.5,263,263.25,2495,29960
961219,262.5,264,261.75,264,945,30540
961220,264.25,264.5,262.25,263.25,3205,32380
961223,262.5,263.25,261.25,262.25,1030,32590
961224,261.75,262.5,261.25,262.5,590,32865
961226,263.75,265.5,262.25,263,1315,33005
961227,264.75,264.75,262.75,263,820,33475
961230,260.5,261.25,259,259,2005,33565
961231,258.5,260,258.5,259.25,1405,33180
970102,258.5,261,258.5,259.25,505,33065
970103,259.5,259.5,257.75,258.25,955,32790
970106,259,260.25,258.75,258.75,1895,32745
970107,259,259.25,258.5,258.75,1815,32965
970108,259.25,259.25,257.75,258.25,2720,33950
970109,258,259,257,257.25,2315,34950
970110,265,268.5,263,263.25,3715,36335
970113,264,265.75,263.5,264.25,1930,37160
970114,264,268,263.75,267.25,2205,37215
970115,267.75,270.75,267,270.25,5900,39815
970116,269.75,270.75,268.5,269.75,6110,39970
970117,268.75,269,267.75,268.75,4820,40990
970120,266.5,270,266,266.25,3540,40600
970121,265.25,266.25,265,265.5,2325,41270
970122,266.25,266.5,265.25,266,3245,42345
970123,265.75,268,265.25,266,4080,43090
970124,267.25,267.25,265.25,266.5,5515,44710
970127,266.5,266.75,265,266.5,2470,45345
970128,267,268,266.25,266.75,9655,44990
970129,266.25,267.5,266,266.25,8885,48205
970130,267,267.25,264,264.75,5125,49005
970131,264,264,262.75,263.25,3915,47675
970203,261.25,262,260.75,261.5,3840,48435
970204,262,264.5,262,264.25,3850,50955
970205,264.25,266.5,264,266.25,3725,50955
970206,267,267,263.25,263.5,3610,50530
970207,263,265.75,263,265,2885,51630
970210,265.5,265.75,265,265.75,1940,52970
970211,265.5,266.75,265.25,266.75,1960,53755
970212,267.5,268,266,268,2505,54260
970213,267.5,268.25,267,267.75,4195,55455
970214,267.5,268.75,267.5,268,9400,58370
970218,269,276,269,275.5,7490,60875
970219,274.25,281,274,276.75,5920,61355
970220,276.5,283,276.25,281.75,7555,63410
970221,282,284.5,279.75,284.25,8190,63440
970224,284.25,285.5,282,282.25,7095,64125
970225,281,285.25,279.5,284.75,8245,64510
970226,283.75,285,279.5,280.5,8435,66850
970227,280.5,284.5,279.5,283.5,7905,67680
970228,281.5,284.75,281.5,283.25,11275,67525
970303,286.5,290,286.5,290,8430,69155
970304,289.75,293,287.5,288.5,14815,71275
970305,287.5,288,284,284.25,5905,71215
970306,285.25,291.75,283,291.5,7760,74610
970307,291.75,294.75,286,290.5,10125,75565
970310,290.5,295,287.5,293.75,9800,76070
970311,289.5,292,288.75,290.25,6510,77815
970312,289.5,289.5,282,282.5,9260,79470
970313,284,289.5,282.75,289.25,14180,82005
970314,291,296.5,291,294.25,14390,81530
970317,295,296,290.75,294.25,7625,82505
970318,292,292.75,289.75,290,2460,82820
970319,291.75,295,290.5,294.75,7120,82020
970320,296.5,301.5,296.5,298,20110,89515
970321,292,295.75,291.5,294.75,8945,89915
970324,292.5,294.75,290.75,294.25,5200,87100
970325,296,298,295,296.25,5705,87745
970326,296,297.25,295.25,297,9460,88820
970327,298,299.5,297.5,298.5,11990,92190
970331,294,296,290.75,294.5,10085,92760
970401,300,300.5,295.5,296.25,10620,95275
970402,295,297.5,294,295,4760,95510
970403,293.25,293.5,288.5,289,6825,97030
970404,287,288,284.5,285.5,9125,97600
970407,288.5,291.5,287.75,291,5860,99015
970408,292,293.5,290.75,291.25,6045,99540
970409,290.5,292,286.5,289.5,9855,100765
970410,293.5,294,290.75,293.5,9830,102355
970411,299,299,288.5,289.5,13545,102570
970414,294.5,295.5,291,291.75,6825,102855
970415,289.75,290.75,287,290.25,11395,106865
970416,290.75,290.75,284.75,285,16680,109795
970417,286.25,289,284.5,285.75,13525,114120
970418,286,288,284.75,287.5,6090,114935
970421,288.5,290.25,287,288.5,6825,115285
970422,288,290,287,289.5,7830,117120
970423,288.75,289.75,286.25,286.5,4210,118260
970424,285.75,286.5,281.5,281.75,17885,122865
970425,283,286,282.25,282.5,11585,121855
970428,279.5,280.75,277.5,278,12885,121705
970429,279,280.75,278,278.5,12735,123925
970430,280.5,282.5,279.25,279.5,13335,122170
970501,279.75,282.25,278.75,281,11790,123595
970502,280.5,283.25,278,278.75,10335,125605
970505,280,281,273.5,274.75,36500,132830
970506,273.5,273.5,269,269.25,19495,129670
970507,270,271.5,269.75,270.25,22935,127640
970508,269.75,270,268,269.75,18670,131345
970509,271.25,273.25,271.25,273,15045,132575
970512,270.5,270.75,268.25,268.25,9700,135175
970513,266.75,269.25,265.25,268.75,13420,135380
970514,269.5,269.5,265.25,267.75,21640,137985
970515,267.25,269,266.75,267.25,10555,141375
970516,267,270,266.75,269,9965,140575
970519,267.25,268.5,266.25,268.25,6725,138600
970520,268,268.25,262.5,262.75,13540,141340
970521,263.25,264.5,261.75,263.5,15945,144835
970522,265,265.75,261.5,262.5,21045,151030
970523,260.5,262,258.5,258.75,15950,151110
970527,258,259.25,253.5,254,21575,150890
970528,255,258,254.5,257.5,18145,152430
970529,258.25,260.25,255,255.75,16780,154940
970530,259,260,255.75,256.25,19180,157115
970602,259,260,257.25,259.75,16380,160295
970603,261.5,262.5,259,262,13975,161055
970604,261,261,255.75,256.5,25410,166040
970605,256.25,260,256.25,259.5,18020,167110
970606,260.75,262.5,260,261.75,24325,175195
970609,260,261.5,257,261,33410,181260
970610,261.5,263.5,258,259,29660,183860
970611,259,260.75,257.25,259.25,30565,187610
970612,259,260.5,257.25,258.25,25015,195705
970613,259,259.5,256.75,258,35575,201390
970616,256.75,256.75,252,252.5,33625,205385
970617,251.75,253,250.25,252.5,56840,214160
970618,252.5,253.5,249,249.25,44140,219755
970619,248,249.5,247,247.5,31010,228360
970620,246.5,249,246,247.25,50375,238235
970623,244,245.5,243.75,245,72855,242210
970624,246.25,247.5,245.25,247,64770,251390
970625,245.5,245.75,242,242.25,53325,263790
970626,241.25,242,239,239.25,69065,274715
970627,239,240,235.75,236.25,85710,288310
970630,235.25,238.5,232.25,238,111340,289850
970701,237,237.25,232.5,233,73150,295165
970702,234,236.5,232.25,234.75,70735,300465
970703,235.5,235.5,233,233.25,54085,302415
970707,230.5,230.75,227.5,229.25,70395,310995
970708,231.5,234,229.5,229.75,78185,318155
970709,230.5,237.5,230.5,237.25,73210,314640
970710,237,237.5,233.5,234.5,56630,315860
970711,232,237.75,231.5,236.75,57940,320220
970714,248.75,248.75,245,248.5,91220,319825
970715,248.5,258,247.5,256,141460,312740
970716,251.5,252.75,249,250,86950,316150
970717,250,252.75,245.5,247.25,82325,321830
970718,250.5,255,250.5,252.5,93775,319375
970721,241,245.75,240.5,245.25,81210,320140
970722,247,248.5,244.75,247.5,85435,324300
970723,248.5,250.25,245.5,247.25,72760,320915
970724,245.25,246,243,243.5,62440,321855
970725,243.5,245,243,243.25,50200,324685
970728,250,255.25,245,250.5,88840,319735
970729,254.5,260.25,254.5,258,109155,312050
970730,262,263.5,257.75,262.25,114155,302365
970731,261,266.5,260.5,265.5,113785,298520
970801,266,270,263.5,268.5,106765,292650
970804,274,275,262.5,263.75,103045,286515
970805,262.5,263.25,254,254.5,92950,274840
970806,256,259.75,255.75,259,67100,266885
970807,257,257,249.5,250,71275,262660
970808,250.5,254,249.25,253.5,65360,251455
970811,248,250,246,249.75,59805,239770
970812,261.75,261.75,261.75,261.75,28530,233875
970813,270.5,270.5,261.75,262.25,112780,215005
970814,260.75,265,260.5,264.25,58250,202105
970815,262.75,263.25,259.75,260,20670,194180
970818,258,261,257.5,260.75,45575,192170
970819,263.5,264,262,263.5,47800,187820
970820,263,264,261.75,262.25,47810,186325
970821,265,274,265,273,76570,186440
970822,272,272.5,270.5,271.75,74445,182095
970825,270,271.75,268.5,271.25,69605,167545
970826,268.75,269,263.5,263.75,73850,152655
970827,263.5,268.75,263.5,268.5,61030,140875
970828,268,268.5,264.5,265.75,94750,121320
970829,265.5,269.25,265.25,265.75,85105,97390
970902,266.5,270,264.5,269.75,39005,86505
970903,271,272,268.5,270,37560,80550
970904,267.75,270,267,270,48265,70365
970905,270,271,266,266.25,44180,55560
970908,264.75,266,263.5,265.5,21770,48415
970909,266.5,268,265.25,267.75,12775,42260
970910,268.5,270,267.5,269.75,24720,32480
970911,268,274,267.5,273.5,20810,25060
970912,272.5,273,265.5,266.25,16565,22085
970915,266,267.5,264.25,267,8395,17655
970916,269,270.25,262.5,262.75,14480,10615
970917,262.5,265,262.25,263.5,5710,8270
970918,267,268,263,265,10320,2580
970919,264.5,269.5,250,255.5,2930,260
