961227,270,270,270,270,0,0
961230,267.5,267.5,267.5,267.5,0,5
961231,267.5,267.5,267.5,267.5,0,5
970102,267.5,267.5,267.5,267.5,0,5
970103,266.5,266.5,266.5,266.5,0,5
970106,267,268.5,267,268.5,50,55
970107,267,267,267,267,0,55
970108,267,267,267,267,0,55
970109,266.5,266.5,266.5,266.5,0,55
970110,273,273,271,272,65,120
970113,274,274,272,272,15,120
970114,272,274.75,272,274.75,80,100
970115,275,277.5,275,277.5,5,100
970116,277,278,277,278,20,120
970117,277,277,277,277,0,120
970120,275.5,277,275,275,55,125
970121,274.5,274.5,274.5,274.5,45,145
970122,275.25,275.25,275,275.25,195,290
970123,275,275.5,275,275.5,20,290
970124,276,276.25,276,276.25,100,315
970127,275,276,275,276,50,355
970128,276.5,276.5,275.75,276,140,495
970129,276,276,276,276,50,545
970130,277,277,273,273,155,620
970131,273,273,273,273,60,640
970203,271.5,271.5,271.5,271.5,0,640
970204,272.5,272.5,272.25,272.25,70,700
970205,275,275,275,275,55,755
970206,274,275,274,274.25,5,770
970207,274.25,275.25,274.25,275.25,20,790
970210,275,275.75,275,275.75,100,825
970211,275.75,276.5,275.75,276.5,25,845
970212,276.75,276.75,276.75,276.75,5,850
970213,277,277.5,277,277.5,15,865
970214,277.5,278,277,277,30,880
970218,280,283,280,282,45,920
970219,281,285,281,284.75,85,915
970220,285,289.75,285,289.75,250,1100
970221,289,289.75,289,289.75,20,1120
970224,289.5,289.5,289.5,289.5,0,1120
970225,286,291.5,286,291.5,70,1190
970226,289,289,286,288,55,1195
970227,286,290,286,290,145,1270
970228,288.5,290,288,290,55,1250
970303,291,294,291,294,150,1395
970304,294,295,293,295,125,1520
970305,294,294,290,290.5,80,1520
970306,291,296,291,296,55,1560
970307,296,297,293,293,485,1580
970310,299,299,299,299,0,1570
970311,296,296,295,296,95,1475
970312,291.5,291.5,291.5,291.5,10,1475
970313,288,293,288,293,25,1495
970314,299.5,299.5,298,299,80,1545
970317,298,299,296,298.5,95,1560
970318,296,296.5,296,296.5,40,1540
970319,296.5,300,296.5,300,10,1545
970320,300.5,302,300.5,302,275,1655
970321,297,299.5,297,299.5,10,1655
970324,297,299,295,299,65,1650
970325,300,301,300,301,140,1785
970326,299.5,301,299.5,301,40,1825
970327,301,303,300.5,303,315,1910
970331,296,298.5,296,298.5,130,1780
970401,299,300,299,299.5,55,1860
970402,299.5,299.5,297.5,298.5,25,1885
970403,295,296,295,295,810,2680
970404,292,292,290.5,291.5,100,2685
970407,293,297,293,297,100,2785
970408,297,298,297,297,255,2860
970409,296,296,295,295,105,2830
970410,297,298.5,297,298.5,135,2890
970411,300,300,296,296.25,160,2945
970414,297,298,297,298,85,3015
970415,294,295,291,294.5,120,3000
970416,291,292,290,291.5,105,2920
970417,292,292.5,291,291.5,30,2940
970418,290.5,291.5,289.5,291.5,240,3040
970421,292,293.5,291.5,292.25,580,3430
970422,291,292.5,291,292.5,210,3430
970423,291.5,292,290.5,291,225,3535
970424,289,289,287,287,980,3880
970425,287.5,288.5,287,288,30,3910
970428,283,285,282.75,282.75,460,4150
970429,283,285.5,283,285,15,4165
970430,287,287,285,285,25,4175
970501,286,286,286,286,0,4175
970502,286,287,284,284,100,4075
970505,281.5,281.5,281.5,281.5,0,4075
970506,279.5,279.5,277,277,115,4085
970507,277,279,277,279,1475,5235
970508,277,278,276.75,277.5,1110,6090
970509,280,281,279.75,281,510,5720
970512,280,280,277,277,1160,5815
970513,275,276.5,274,276.5,215,5700
970514,276,276,274,275.75,330,5825
970515,275.75,276,274.25,274.25,160,5825
970516,276.5,276.5,275,276,360,5845
970519,274,274.5,272.5,274.5,160,5910
970520,274,274,270,270,505,6070
970521,270.5,272,269.5,272,360,6095
970522,271.5,271.5,270,270.5,60,6155
970523,267,268,266.5,266.5,70,6170
970527,265.75,266,262,262,1440,6145
970528,263.5,265,262.5,265,2730,6310
970529,266,267,262.5,263,1365,5400
970530,264.75,265,263,263.25,2730,6940
970602,266,267.75,265.25,267.75,355,7045
970603,268.75,269.5,267.5,269.5,315,7170
970604,267.5,267.5,265,265.5,1175,7370
970605,264.5,268,264.5,268,225,7375
970606,268.25,270,268.25,269.5,535,7600
970609,266,268,265,268,1170,7870
970610,268.75,269.25,265,266,280,7910
970611,266.5,267,265,266,25,7910
970612,265.5,267,264.25,264.75,225,8000
970613,265,265.25,263.75,264.5,3380,10245
970616,261,261,260,260,1100,10165
970617,259.25,260.25,258.75,260,985,10485
970618,259.75,259.75,256.75,256.75,405,10055
970619,256.5,256.5,255,255,510,10245
970620,255,256,254.75,255.25,455,10150
970623,253.25,255.25,253.25,255.25,4225,10695
970624,255.75,257.75,255.75,257.25,2625,9825
970625,255,255,252.5,252.75,1440,10920
970626,252.5,252.75,251.75,251.75,4380,11295
970627,251,252,248.75,249.75,6235,12600
970630,250.25,253,247.5,251.25,3170,13870
970701,249.75,249.75,246,246,1795,14755
970702,246.75,249.5,245.25,248.5,2895,15090
970703,248.5,248.5,246,246.5,4940,17005
970707,243.5,243.5,241.75,243.5,5460,19120
970708,248.5,248.5,243.5,243.5,6835,22430
970709,245,251.25,245,250.25,1125,22920
970710,248.25,248.5,247.25,248,740,23100
970711,247,250.75,246.5,250.5,3935,25190
970714,260.5,262.5,258.5,262.5,2150,25790
970715,262.5,271.75,262.5,270.5,2655,26990
970716,265,266.5,264,264,1520,26715
970717,264.25,266,259.5,262.25,3115,28120
970718,266,268,263.75,266.5,5305,29820
970721,255,259.5,255,259.5,1215,29615
970722,260,262,259,261.25,765,29630
970723,262,263.5,259,261.25,2810,29585
970724,258.5,260.5,257.75,258,4710,31775
970725,258.25,259.5,257.5,257.75,3055,30925
970728,266,266.5,263.5,266,2245,31450
970729,269.5,275,269.25,273,4570,31915
970730,276,279,273.5,275.5,6135,31080
970731,274,280.5,274,280.25,11580,32710
970801,279.5,281.25,278.25,281,8245,34750
970804,286,286,276,277.5,6225,35790
970805,275,277.25,269.5,269.5,3880,36515
970806,271,274.75,270.75,273.5,6105,37160
970807,269.5,269.75,265,265.75,5380,38240
970808,265,271,265,270.75,8320,39510
970811,262,267,262,266.75,6435,40280
970812,278.75,278.75,278.75,278.75,4770,41490
970813,285,286.5,279,279.25,10850,45305
970814,277.5,280.5,277.25,280,10530,49645
970815,279.5,279.5,275.25,275.5,5065,50240
970818,275,276.75,274,276.75,3470,50715
970819,280,281,278.75,280.75,5940,51945
970820,280,280.75,278.75,279.25,4810,53740
970821,282.5,291,282,290.5,10545,54780
970822,288.5,290.75,287.5,290.5,7765,55720
970825,288.75,290,286,290,13415,59705
970826,285.5,286.75,280.75,281,6230,60035
970827,281.25,285.75,281.25,285.5,6945,62460
970828,283.75,285.75,281.75,282.75,5185,63635
970829,282.5,285.75,282.5,282.75,10335,64635
970902,283.75,286,279.5,285.75,5160,65690
970903,286,287.25,283.75,285,5,63180
970904,282,284,281.5,283.25,7335,64660
970905,283,283.25,277.75,278.25,9345,66715
970908,275.75,276.75,274.5,276.5,8155,65605
970909,277.75,279,276,278.25,3195,65115
970910,279.25,281.25,278.25,281,4905,66765
970911,280.25,285.5,280,285.25,10235,66360
970912,285.5,286,277.75,278,9675,68225
970915,278,279.5,276,279.25,4155,68285
970916,281,282.25,277.5,277.5,5725,69110
970917,276.5,278.75,276,277.5,3275,70210
970918,280,280,277,278,3355,70140
970919,276.25,277,274.5,276,4005,70505
970922,273,276.25,271.25,276,6780,72370
970923,276.75,276.75,273.75,276,4390,72895
970924,276,276.75,274.5,274.75,4105,74230
970925,276,276.25,271.5,273,3040,75090
970926,271.5,272.25,271,271.25,3995,76325
970929,269.75,273.25,269.25,272.5,8990,79840
970930,272.5,273,271.25,271.5,5070,81130
971001,272.5,273.25,270,270.5,10605,85725
971002,270.5,272,269.75,271.25,5620,85785
971003,271,279.5,270.5,279,8305,87340
971006,279.5,282.75,276.5,282.25,9510,90045
971007,282.75,294.25,281.5,294.25,17160,93360
971008,292,299,291.5,297.25,16390,97165
971009,295,298,294.25,297.75,13425,98550
971010,304,307,300.5,303,25845,104030
971013,303,308.5,301.5,304.75,22570,110945
971014,301.75,303,299.5,299.5,20310,119735
971015,299.5,304,299,303.75,17170,126395
971016,303.75,304.5,300.75,301.25,21275,132415
971017,299.25,300.25,296.75,297,22120,137780
971020,295.5,300.5,295.5,298,15115,140385
971021,298.5,303.75,298,302.75,9760,142125
971022,304.5,310,304.5,309.5,22880,151025
971023,304,307,303,303.75,17180,152070
971024,306.5,306.75,302.25,304.75,12200,152425
971027,306.5,307,300.5,303,13550,153655
971028,299,301.25,296.75,299.5,15035,153235
971029,299.75,301.25,296.75,297,16130,153755
971030,291.5,296,290.5,294.75,19695,152545
971031,294.25,296,293.25,295,14370,151850
971103,295.25,304.75,295.25,300.5,17605,152330
971104,300.75,301,295.75,296,11930,152130
971105,295.25,297,294,294.5,11525,156310
971106,294.25,298.75,294,298.5,13100,155335
971107,297.25,300.5,297,299.75,11585,157145
971110,295.5,295.5,291,292,29675,160705
971111,292.25,295,291.25,292.75,18505,162495
971112,292,292,289.75,290.5,17325,164395
971113,291,292,288.75,289.25,18265,163585
971114,290.5,290.75,287,287.75,18115,168505
971117,288,293.5,286.75,293,13030,172400
971118,292.5,293.75,291.25,292.25,14105,177655
971119,291,291,288.5,289,19130,181945
971120,290.5,291,287,287.25,17025,186035
971121,287,290,286.75,289.5,15665,188070
971124,290.25,290.5,286.75,287.75,21965,194780
971125,286.5,287.75,285,285.25,26235,201340
971126,285.5,288.75,285.25,288.5,18945,204090
971128,288,289,286.75,287.5,8585,207090
971201,287,290.75,286.75,289,15515,208855
971202,288.75,289.25,287,287.25,10905,210885
971203,286.75,288.5,286.75,287.25,12085,210165
971204,287.5,288,284,284.25,38730,221815
971205,284.5,286.75,284,286.5,19875,221370
971208,286.75,291.25,286.75,291,17715,221005
971209,289.5,291.75,288.5,289,20160,221225
971210,289.25,290,288.25,288.75,10055,222910
971211,287.5,287.75,283.75,284.25,25965,225385
971212,284.5,284.75,280.5,280.75,42255,228695
971215,280.25,280.5,278.5,279,30270,229800
971216,280.5,280.75,278.25,278.5,12715,229620
971217,279.25,280.5,279,280,11475,232440
971218,280.5,280.5,274.25,274.5,38555,237015
971219,274.5,274.5,270.25,273.75,52780,245235
971222,273.25,273.75,271,271.25,25345,246440
971223,271.5,274.75,269.75,274.25,40385,245290
971224,274.25,276.75,274.25,276.25,13395,245060
971226,277.25,277.75,276.25,276.5,5270,245060
971229,277.25,278,274.5,274.75,16155,247115
971230,274.5,275.5,273.25,273.75,18030,247260
971231,273.75,274,271.75,272,15920,250690
980102,270.5,271.5,268,269.25,24370,258835
980105,269,273,268.75,272.75,21310,261405
980106,272.25,272.5,268.75,269,27310,265470
980107,268,270.25,267.75,270,20750,268000
980108,270,270,264.75,265,44820,273805
980109,265,267.75,264.75,266.25,4439,55260
980112,264,266.75,263,264.25,7290,55801
980113,276.25,276.25,273,276.25,11691,55987
980114,277,285,276.5,280,13542,56383
980115,277.5,285.75,277,283.75,15279,58722
980116,284.75,286.5,283.25,283.75,11210,59359
980120,284.75,285,282.75,284.25,9168,60674
980121,283.25,283.75,281.25,281.75,7418,60217
980122,281,283.75,280,282.5,7986,60788
980123,284.25,285.75,281.75,282.25,7955,61713
980126,282.75,286,282.5,285.25,6291,62301
980127,285.5,290,283,283.5,18055,64827
980128,283.25,286,283,284.5,7348,64637
980129,284,284.25,282.25,282.75,7458,64306
980130,281.75,282.25,280,280.25,7840,64766
980202,281.5,283.25,279.5,282.5,6010,65892
980203,282.75,285,282.25,282.5,8024,68073
980204,282,283.25,280.5,280.75,11195,69809
980205,280.25,283,279.25,279.75,10252,71367
980206,280.5,280.5,278,278.5,11327,73664
980209,279,281.5,278,281.25,8593,75338
980210,281.5,282.75,280.25,282.5,11953,78950
980211,280.25,280.5,277,277.25,16931,80580
980212,277.75,279.75,275.75,279.5,14782,83045
980213,279.75,279.75,278.25,279,8368,84253
980217,277.25,277.5,274.75,276.75,14612,85172
980218,276.5,277.25,275,276.5,8462,86561
980219,276,278,275,277,14222,88736
980220,277,278,274.25,274.5,14490,91000
980223,274.25,275.5,273.25,273.75,21688,95016
980224,273.5,274,270.75,271,35951,103884
980225,271,272.75,270.25,272.5,30769,109200
980226,272.5,273,270.75,271,33977,116394
980227,271.5,272.25,270,270.25,27632,121530
980302,272,276,272,274.75,38114,125185
980303,273,275.75,273,273.75,30327,126297
980304,275,277,274.5,275.25,33832,130742
980305,276.25,277.25,274.75,275.25,29098,131071
980306,275.75,277.25,274,276.75,30674,132239
980309,279.75,279.75,278,278.75,32953,130550
980310,278.5,281.25,278.25,281,38430,131051
980311,281,282.5,280.25,282,41953,130779
980312,280.25,282.25,279.25,281.75,35984,131058
980313,279.75,280,274.5,274.75,42862,129679
980316,275,275.5,271.5,271.75,43098,127980
980317,272.25,275,272.25,272.25,27452,128872
980318,273,274.5,272,272.25,27492,129022
980319,271.5,271.5,269,269.25,29604,128741
980320,267.5,267.75,263.5,264,48898,129895
980323,264.75,267,263.5,266.75,28561,126487
980324,266.25,266.75,264.25,265.5,21284,125336
980325,265.25,266.5,264.75,265,19723,123955
980326,265,265.5,261.25,261.5,33258,124511
980327,261.25,263,261.25,262.25,20593,123577
980330,263.5,270,262,267.75,28565,120440
980331,265,265,258.5,259,48558,120997
980401,258.75,259,253.5,254.5,37982,120653
980402,255,256.5,253.75,256,27685,118887
980403,255.75,255.75,252,253,24250,119313
980406,252.75,252.75,246.75,248,37285,117758
980407,248.5,250.5,246.75,247,28045,114449
980408,247.25,248.75,247.25,247.75,21693,111808
980409,247,250,246.75,249.5,29361,107988
980413,250.25,251,243.75,245.25,36895,105200
980414,246,248,245.75,246.5,30197,98533
980415,248.25,254,248,251,29178,92177
980416,249.5,251,245,250.5,23162,87405
980417,250.25,253,249.25,250.5,27590,79530
980420,249,249.5,247,248.75,18269,75986
980421,249,252,248,251,24257,71730
980422,248.5,249,245.75,246.25,25839,65953
980423,247.5,249.5,246.25,248.5,19851,62163
980424,250,258,250,251,22794,55235
980427,246,248.25,244.75,246.25,21411,49094
980428,246.75,247.5,244.5,246.5,25023,41037
980429,247.25,247.75,243.25,244.25,47014,24348
980430,244,246,243.5,243.75,21198,16534
980501,244.25,244.5,241,243,12890,12321
980504,247.5,248,243.75,244,10315,10199
980505,243.25,248,243,247.75,8414,8592
980506,248,252.5,247.75,252.25,8754,8338
980507,252,254.25,248.75,252.5,6835,7240
980508,251.5,251.5,248,248.25,5434,5610
980511,244.5,244.5,238.5,240.75,5244,3690
980512,240.25,240.5,237.5,237.75,4198,2821
980513,239.5,243.5,239.25,241.25,2670,2597
980514,241,243.5,240,240.5,2408,1985
980515,240,240,238.25,239.25,1633,1338
980518,239.25,242,238.25,240.25,1278,823
980519,239,239.25,238,238.75,569,177
