"Date","Open","High","Low","Close","Volume","OpenInt"
01/03/2001,942.000,943.000,926.000,926.000,275,275
01/04/2001,937.000,937.000,937.000,937.000,300,575
01/05/2001,949.000,970.000,949.000,970.000,847,1422
01/08/2001,967.000,976.000,967.000,972.000,1501,2898
01/09/2001,974.000,975.000,959.000,959.000,2290,4903
01/10/2001,973.000,975.000,973.000,975.000,119,5022
01/11/2001,1010.000,1010.000,1010.000,1010.000,116,5054
01/12/2001,1024.000,1024.000,1003.000,1020.000,1100,6139
01/16/2001,1041.000,1052.000,1041.000,1052.000,497,6616
01/17/2001,1057.000,1126.000,1057.000,1126.000,125,6716
01/18/2001,1147.000,1147.000,1134.000,1134.000,100,6816
01/19/2001,1094.000,1106.000,1094.000,1106.000,400,7191
01/22/2001,1149.000,1149.000,1149.000,1149.000,1062,6831
01/23/2001,1144.000,1144.000,1144.000,1144.000,308,6831
01/24/2001,1126.000,1133.000,1117.000,1133.000,95,6887
01/25/2001,1150.000,1150.000,1150.000,1150.000,0,6887
01/26/2001,1200.000,1200.000,1200.000,1200.000,10,6887
01/29/2001,1186.000,1186.000,1186.000,1186.000,408,6569
01/30/2001,1199.000,1199.000,1199.000,1199.000,0,6569
01/31/2001,1161.000,1161.000,1161.000,1161.000,50,6519
02/01/2001,1187.000,1187.000,1187.000,1187.000,50,6479
02/02/2001,1185.000,1185.000,1185.000,1185.000,0,6479
02/05/2001,1197.000,1197.000,1197.000,1197.000,77,6407
02/06/2001,1216.000,1216.000,1216.000,1216.000,5,6407
02/07/2001,1176.000,1176.000,1175.000,1175.000,818,5595
02/08/2001,1145.000,1145.000,1145.000,1145.000,0,5595
02/09/2001,1150.000,1150.000,1150.000,1150.000,0,5595
02/12/2001,1175.000,1175.000,1175.000,1175.000,100,5695
02/13/2001,1216.000,1216.000,1216.000,1216.000,0,5695
02/14/2001,1206.000,1206.000,1206.000,1206.000,0,5695
02/15/2001,1198.000,1198.000,1198.000,1198.000,35,5714
02/16/2001,1264.000,1264.000,1259.000,1259.000,16,5705
02/20/2001,1266.000,1266.000,1266.000,1266.000,282,5736
02/21/2001,1307.000,1307.000,1307.000,1307.000,766,6466
02/22/2001,1269.000,1269.000,1269.000,1269.000,0,6466
02/23/2001,1278.000,1278.000,1278.000,1278.000,0,6466
02/26/2001,1246.000,1246.000,1239.000,1239.000,245,6537
02/27/2001,1252.000,1252.000,1252.000,1252.000,506,6849
02/28/2001,1251.000,1251.000,1251.000,1251.000,162,6984
03/01/2001,1235.000,1235.000,1235.000,1235.000,0,6984
03/02/2001,1279.000,1279.000,1279.000,1279.000,20,7004
03/05/2001,1237.000,1237.000,1237.000,1237.000,365,7304
03/06/2001,1154.000,1154.000,1154.000,1154.000,0,7304
03/07/2001,1179.000,1179.000,1179.000,1179.000,0,7304
03/08/2001,1173.000,1173.000,1173.000,1173.000,120,7419
03/09/2001,1180.000,1193.000,1180.000,1193.000,527,7604
03/12/2001,1176.000,1176.000,1176.000,1176.000,0,7604
03/13/2001,1187.000,1187.000,1187.000,1187.000,0,7604
03/14/2001,1157.000,1157.000,1157.000,1157.000,0,7604
03/15/2001,1135.000,1135.000,1135.000,1135.000,5545,7604
03/16/2001,1146.000,1146.000,1146.000,1146.000,0,7604
03/19/2001,1125.000,1125.000,1125.000,1125.000,450,7904
03/20/2001,1113.000,1113.000,1113.000,1113.000,85,7989
03/21/2001,1090.000,1090.000,1088.000,1089.000,375,8324
03/22/2001,1138.000,1154.000,1138.000,1154.000,778,8285
03/23/2001,1168.000,1168.000,1168.000,1168.000,67,8272
03/26/2001,1191.000,1191.000,1191.000,1191.000,5,8277
03/27/2001,1153.000,1153.000,1153.000,1153.000,0,8277
03/28/2001,1161.000,1161.000,1161.000,1161.000,128,8249
03/29/2001,1180.000,1180.000,1180.000,1180.000,159,8308
03/30/2001,1183.000,1183.000,1183.000,1183.000,233,8468
04/02/2001,1146.000,1146.000,1146.000,1146.000,0,8468
04/03/2001,1125.000,1125.000,1125.000,1125.000,509,8968
04/04/2001,1118.000,1120.000,1107.000,1114.000,465,9015
04/05/2001,1114.000,1114.000,1114.000,1114.000,16,9015
04/06/2001,1128.000,1128.000,1128.000,1128.000,0,9015
04/09/2001,1098.000,1098.000,1098.000,1098.000,0,9015
04/10/2001,1088.000,1090.000,1088.000,1090.000,25,8998
04/11/2001,1115.000,1118.000,1115.000,1118.000,15,9013
04/12/2001,1106.000,1106.000,1106.000,1106.000,0,9013
04/16/2001,1076.000,1084.000,1076.000,1084.000,1,9014
04/17/2001,1093.000,1093.000,1093.000,1093.000,0,9014
04/18/2001,1085.000,1085.000,1085.000,1085.000,120,9119
04/19/2001,1083.000,1083.000,1083.000,1083.000,25,9144
04/20/2001,1094.000,1094.000,1094.000,1094.000,12,9154
04/23/2001,1107.000,1107.000,1107.000,1107.000,0,9154
04/24/2001,1098.000,1098.000,1098.000,1098.000,0,9154
04/25/2001,1115.000,1115.000,1115.000,1115.000,0,9154
04/26/2001,1118.000,1118.000,1118.000,1118.000,0,9154
04/27/2001,1094.000,1094.000,1094.000,1094.000,0,9154
04/30/2001,1082.000,1082.000,1082.000,1082.000,22,9175
05/01/2001,1070.000,1070.000,1070.000,1070.000,4,9173
05/02/2001,1067.000,1067.000,1067.000,1067.000,103,9173
05/03/2001,1084.000,1084.000,1084.000,1084.000,0,9173
05/04/2001,1066.000,1066.000,1066.000,1066.000,15,9173
05/07/2001,1075.000,1075.000,1075.000,1075.000,0,9173
05/08/2001,1118.000,1118.000,1118.000,1118.000,85,9158
05/09/2001,1091.000,1091.000,1091.000,1091.000,125,9233
05/10/2001,1112.000,1112.000,1112.000,1112.000,0,9233
05/11/2001,1076.000,1076.000,1076.000,1076.000,5,9233
05/14/2001,1086.000,1086.000,1086.000,1086.000,0,9233
05/15/2001,1106.000,1106.000,1106.000,1106.000,1,9233
05/16/2001,1110.000,1125.000,1110.000,1125.000,51,9283
05/17/2001,1109.000,1109.000,1109.000,1109.000,44,9303
05/18/2001,1136.000,1136.000,1136.000,1136.000,50,9343
05/21/2001,1125.000,1125.000,1109.000,1109.000,491,9821
05/22/2001,1102.000,1102.000,1102.000,1102.000,35,9856
05/23/2001,1111.000,1111.000,1111.000,1111.000,5,9861
05/24/2001,1103.000,1103.000,1103.000,1103.000,1,9862
05/25/2001,1085.000,1085.000,1085.000,1085.000,25,9887
05/29/2001,1070.000,1070.000,1070.000,1070.000,0,9887
05/30/2001,1053.000,1053.000,1037.000,1037.000,230,10067
05/31/2001,1028.000,1028.000,1012.000,1012.000,20,10077
06/01/2001,1030.000,1030.000,1030.000,1030.000,110,10187
06/04/2001,1023.000,1023.000,1023.000,1023.000,20,10207
06/05/2001,1037.000,1037.000,1037.000,1037.000,100,10307
06/06/2001,1030.000,1030.000,1030.000,1030.000,115,10408
06/07/2001,1015.000,1015.000,989.000,989.000,107,10484
06/08/2001,1000.000,1000.000,1000.000,1000.000,996,10888
06/11/2001,997.000,997.000,997.000,997.000,29,10867
06/12/2001,993.000,994.000,987.000,987.000,219,10988
06/13/2001,1008.000,1008.000,1008.000,1008.000,45,10902
06/14/2001,1016.000,1016.000,1016.000,1016.000,1033,11923
06/15/2001,1002.000,1002.000,1002.000,1002.000,211,11863
06/18/2001,1013.000,1013.000,1013.000,1013.000,150,11953
06/19/2001,1000.000,1000.000,1000.000,1000.000,164,12022
06/20/2001,983.000,983.000,983.000,983.000,206,12101
06/21/2001,1011.000,1011.000,1011.000,1011.000,70,12152
06/22/2001,999.000,999.000,999.000,999.000,0,12152
06/25/2001,1005.000,1005.000,1005.000,1005.000,30,12158
06/26/2001,1016.000,1016.000,1016.000,1016.000,103,12258
06/27/2001,1013.000,1013.000,1010.000,1010.000,2529,11039
06/28/2001,1016.000,1016.000,1016.000,1016.000,251,11254
06/29/2001,1025.000,1027.000,1023.000,1027.000,1225,10888
07/02/2001,1024.000,1024.000,1024.000,1024.000,113,10903
07/03/2001,1011.000,1011.000,1011.000,1011.000,0,10902
07/05/2001,1021.000,1021.000,1021.000,1021.000,30,10902
07/06/2001,1017.000,1017.000,1017.000,1017.000,10,10902
07/09/2001,987.000,987.000,987.000,987.000,10,10902
07/10/2001,973.000,973.000,971.000,971.000,20,10910
07/11/2001,984.000,984.000,984.000,984.000,0,10910
07/12/2001,963.000,970.000,963.000,970.000,50,10693
07/13/2001,986.000,986.000,986.000,986.000,160,10924
07/16/2001,971.000,971.000,971.000,971.000,90,10929
07/17/2001,964.000,964.000,964.000,964.000,0,10929
07/18/2001,968.000,968.000,968.000,968.000,50,10929
07/19/2001,1005.000,1005.000,1005.000,1005.000,5,10934
07/20/2001,1007.000,1007.000,1007.000,1007.000,0,10934
07/23/2001,994.000,994.000,994.000,994.000,0,10934
07/24/2001,992.000,992.000,992.000,992.000,0,10934
07/25/2001,996.000,996.000,996.000,996.000,0,10934
07/26/2001,992.000,992.000,992.000,992.000,2,10936
07/27/2001,975.000,975.000,972.000,972.000,25,10931
07/30/2001,984.000,984.000,984.000,984.000,13,10924
07/31/2001,1001.000,1001.000,1001.000,1001.000,0,10924
08/01/2001,983.000,983.000,983.000,983.000,150,10995
08/02/2001,993.000,993.000,993.000,993.000,20,10995
08/03/2001,998.000,1003.000,997.000,1003.000,80,11061
08/06/2001,1060.000,1060.000,1050.000,1050.000,2,11062
08/07/2001,1052.000,1052.000,1052.000,1052.000,0,11062
08/08/2001,1061.000,1061.000,1061.000,1061.000,0,11062
08/09/2001,1083.000,1083.000,1078.000,1078.000,138,10983
08/10/2001,1068.000,1068.000,1068.000,1068.000,1389,9994
08/13/2001,1066.000,1066.000,1066.000,1066.000,50,9974
08/14/2001,1074.000,1074.000,1074.000,1074.000,0,9877
08/15/2001,1091.000,1091.000,1091.000,1091.000,607,9881
08/16/2001,1077.000,1077.000,1077.000,1077.000,541,9791
08/17/2001,1066.000,1077.000,1066.000,1077.000,10,9796
08/20/2001,1059.000,1059.000,1059.000,1059.000,0,9796
08/21/2001,1057.000,1057.000,1057.000,1057.000,0,9796
08/22/2001,1071.000,1071.000,1071.000,1071.000,137,9719
08/23/2001,1066.000,1066.000,1044.000,1044.000,125,9814
08/24/2001,1042.000,1049.000,1042.000,1049.000,57,9695
08/27/2001,1038.000,1042.000,1038.000,1042.000,2,9696
08/28/2001,1058.000,1062.000,1057.000,1057.000,92,9688
08/29/2001,1029.000,1029.000,1029.000,1029.000,1131,9734
08/30/2001,1019.000,1019.000,1019.000,1019.000,50,9784
08/31/2001,1005.000,1013.000,1003.000,1013.000,421,10145
09/04/2001,975.000,977.000,975.000,977.000,60,10212
09/05/2001,967.000,971.000,959.000,963.000,110,10225
09/06/2001,975.000,975.000,960.000,972.000,88,10265
09/07/2001,986.000,988.000,983.000,988.000,1570,11694
09/10/2001,976.000,976.000,976.000,976.000,0,11694
09/11/2001,976.000,976.000,976.000,976.000,70,11744
09/17/2001,999.000,999.000,999.000,999.000,20,11744
09/18/2001,999.000,999.000,995.000,995.000,546,11964
09/19/2001,1003.000,1009.000,1003.000,1009.000,82,12046
09/20/2001,1038.000,1038.000,1038.000,1038.000,0,12019
09/21/2001,1030.000,1033.000,1030.000,1031.000,328,11980
09/24/2001,1049.000,1049.000,1049.000,1049.000,0,11980
09/25/2001,1035.000,1035.000,1035.000,1035.000,49,11963
09/26/2001,1057.000,1057.000,1057.000,1057.000,0,11963
09/27/2001,1101.000,1101.000,1101.000,1101.000,33,11963
09/28/2001,1110.000,1127.000,1109.000,1109.000,132,11918
10/01/2001,1126.000,1126.000,1126.000,1126.000,15,11918
10/02/2001,1100.000,1104.000,1100.000,1104.000,279,11642
10/03/2001,1120.000,1120.000,1120.000,1120.000,50,11622
10/04/2001,1156.000,1156.000,1156.000,1156.000,147,11652
10/05/2001,1142.000,1142.000,1142.000,1142.000,0,11652
10/08/2001,1120.000,1120.000,1120.000,1120.000,0,11652
10/09/2001,1085.000,1086.000,1085.000,1085.000,113,11729
10/10/2001,1074.000,1074.000,1074.000,1074.000,20,11734
10/11/2001,1080.000,1082.000,1080.000,1082.000,306,11599
10/12/2001,1059.000,1059.000,1059.000,1059.000,8,11585
10/15/2001,1050.000,1050.000,1050.000,1050.000,0,11591
10/16/2001,1048.000,1066.000,1048.000,1062.000,120,11551
10/17/2001,1064.000,1083.000,1064.000,1083.000,135,11416
10/18/2001,1080.000,1083.000,1077.000,1077.000,70,11445
10/19/2001,1051.000,1051.000,1051.000,1051.000,0,11445
10/22/2001,1025.000,1030.000,1025.000,1030.000,100,11545
10/23/2001,1036.000,1036.000,1036.000,1036.000,300,11345
10/24/2001,1040.000,1045.000,1025.000,1025.000,407,11269
10/25/2001,1020.000,1020.000,1011.000,1011.000,386,11295
10/26/2001,1010.000,1021.000,1010.000,1015.000,314,11188
10/29/2001,1018.000,1018.000,1018.000,1018.000,29,11196
10/30/2001,1022.000,1022.000,1022.000,1022.000,0,11197
10/31/2001,1035.000,1035.000,1035.000,1035.000,0,11197
11/01/2001,1046.000,1046.000,1042.000,1042.000,394,10857
11/02/2001,1030.000,1030.000,1025.000,1027.000,175,10967
11/05/2001,1018.000,1018.000,1014.000,1014.000,473,10786
11/06/2001,1013.000,1015.000,1011.000,1011.000,90,10871
11/07/2001,1026.000,1055.000,1026.000,1055.000,152,10952
11/08/2001,1079.000,1096.000,1079.000,1096.000,2364,10664
11/09/2001,1150.000,1158.000,1150.000,1158.000,760,9406
11/12/2001,1156.000,1158.000,1155.000,1156.000,224,9260
11/13/2001,1160.000,1205.000,1160.000,1205.000,712,8669
11/14/2001,1195.000,1208.000,1172.000,1185.000,1075,8789
11/15/2001,1180.000,1212.000,1180.000,1212.000,792,8795
11/16/2001,1245.000,1245.000,1245.000,1245.000,208,8815
11/19/2001,1245.000,1245.000,1245.000,1245.000,11,8804
11/20/2001,1239.000,1239.000,1239.000,1239.000,1,8804
11/21/2001,1239.000,1243.000,1234.000,1234.000,164,8946
11/26/2001,1256.000,1256.000,1256.000,1256.000,27,8963
11/27/2001,1241.000,1241.000,1241.000,1241.000,130,8983
11/28/2001,1255.000,1255.000,1246.000,1246.000,35,8948
11/29/2001,1257.000,1289.000,1257.000,1289.000,534,9022
11/30/2001,1273.000,1273.000,1272.000,1272.000,374,8990
12/03/2001,1242.000,1242.000,1242.000,1242.000,0,8990
12/04/2001,1220.000,1232.000,1206.000,1206.000,764,8930
12/05/2001,1205.000,1220.000,1205.000,1215.000,263,8863
12/06/2001,1237.000,1241.000,1212.000,1212.000,209,8771
12/07/2001,1185.000,1195.000,1176.000,1176.000,593,9231
12/10/2001,1166.000,1168.000,1146.000,1150.000,535,9502
12/11/2001,1197.000,1219.000,1190.000,1218.000,483,9714
12/12/2001,1250.000,1255.000,1222.000,1222.000,189,9827
12/13/2001,1214.000,1223.000,1214.000,1217.000,286,10016
12/14/2001,1232.000,1246.000,1232.000,1234.000,1245,10010
12/17/2001,1228.000,1235.000,1228.000,1229.000,47,9995
12/18/2001,1217.000,1225.000,1199.000,1199.000,121,10038
12/19/2001,1190.000,1194.000,1185.000,1186.000,401,10167
12/20/2001,1182.000,1190.000,1178.000,1181.000,221,10184
12/21/2001,1180.000,1180.000,1178.000,1178.000,38,10196
12/27/2001,1202.000,1202.000,1202.000,1202.000,10,10206
12/28/2001,1204.000,1204.000,1195.000,1200.000,72,10223
01/02/2002,1209.000,1209.000,1185.000,1186.000,19,10240
01/03/2002,1175.000,1184.000,1175.000,1183.000,31,10270
01/04/2002,1265.000,1265.000,1265.000,1265.000,2,10272
01/07/2002,1260.000,1280.000,1260.000,1280.000,155,10368
01/08/2002,1270.000,1270.000,1253.000,1253.000,23,10386
01/09/2002,1235.000,1266.000,1235.000,1266.000,16,10391
01/10/2002,1280.000,1280.000,1253.000,1253.000,321,10646
01/11/2002,1255.000,1255.000,1235.000,1239.000,1495,10089
01/14/2002,1195.000,1213.000,1186.000,1197.000,156,10105
01/15/2002,1187.000,1204.000,1170.000,1204.000,202,10196
01/16/2002,1235.000,1235.000,1213.000,1232.000,299,10020
01/17/2002,1210.000,1223.000,1210.000,1218.000,100,10051
01/18/2002,1185.000,1185.000,1185.000,1185.000,5,10050
01/22/2002,1180.000,1235.000,1180.000,1230.000,1415,9781
01/23/2002,1248.000,1255.000,1248.000,1252.000,823,9812
01/24/2002,1255.000,1255.000,1228.000,1228.000,159,9914
01/25/2002,1225.000,1260.000,1225.000,1251.000,162,9995
01/28/2002,1260.000,1263.000,1249.000,1250.000,635,10092
01/29/2002,1243.000,1251.000,1243.000,1251.000,355,10093
01/30/2002,1278.000,1279.000,1265.000,1275.000,236,10081
01/31/2002,1254.000,1254.000,1252.000,1252.000,169,10012
02/01/2002,1263.000,1263.000,1259.000,1259.000,24,10008
02/04/2002,1300.000,1300.000,1296.000,1298.000,152,10094
02/05/2002,1300.000,1316.000,1278.000,1282.000,194,10149
02/06/2002,1284.000,1300.000,1284.000,1295.000,279,10190
02/07/2002,1310.000,1339.000,1309.000,1339.000,391,10235
02/08/2002,1360.000,1360.000,1350.000,1356.000,385,10303
02/11/2002,1358.000,1375.000,1358.000,1375.000,149,9921
02/12/2002,1360.000,1365.000,1360.000,1365.000,288,9866
02/13/2002,1354.000,1375.000,1354.000,1357.000,25,9886
02/14/2002,1348.000,1360.000,1347.000,1355.000,338,9913
02/15/2002,1353.000,1375.000,1348.000,1370.000,120,9880
02/19/2002,1339.000,1339.000,1339.000,1339.000,1,9880
02/20/2002,1315.000,1315.000,1307.000,1307.000,427,9998
02/21/2002,1308.000,1308.000,1308.000,1308.000,0,9998
02/22/2002,1339.000,1339.000,1339.000,1339.000,0,9998
02/25/2002,1346.000,1364.000,1346.000,1364.000,9,10003
02/26/2002,1387.000,1389.000,1377.000,1377.000,1123,10490
02/27/2002,1375.000,1375.000,1357.000,1357.000,123,10462
02/28/2002,1348.000,1363.000,1348.000,1363.000,265,10580
03/01/2002,1393.000,1406.000,1393.000,1406.000,738,10906
03/04/2002,1407.000,1407.000,1402.000,1402.000,7,10900
03/05/2002,1378.000,1385.000,1378.000,1385.000,71,10925
03/06/2002,1400.000,1402.000,1389.000,1389.000,46,10940
03/07/2002,1400.000,1410.000,1400.000,1410.000,437,11284
03/08/2002,1418.000,1420.000,1404.000,1416.000,1585,12275
03/11/2002,1400.000,1439.000,1400.000,1438.000,165,12236
03/12/2002,1441.000,1443.000,1435.000,1440.000,679,12535
03/13/2002,1430.000,1446.000,1421.000,1444.000,535,12748
03/14/2002,1452.000,1456.000,1452.000,1454.000,233,12831
03/15/2002,1449.000,1455.000,1445.000,1446.000,404,12950
03/18/2002,1426.000,1435.000,1425.000,1433.000,107,13009
03/19/2002,1435.000,1435.000,1422.000,1426.000,240,12950
03/20/2002,1407.000,1418.000,1402.000,1402.000,209,12979
03/21/2002,1404.000,1413.000,1402.000,1405.000,265,12882
03/22/2002,1423.000,1430.000,1415.000,1430.000,185,12875
03/25/2002,1433.000,1435.000,1391.000,1391.000,315,12700
03/26/2002,1384.000,1384.000,1370.000,1374.000,805,12944
03/27/2002,1382.000,1406.000,1379.000,1405.000,478,12895
03/28/2002,1405.000,1405.000,1390.000,1394.000,687,12891
04/01/2002,1404.000,1404.000,1400.000,1400.000,27,12892
04/02/2002,1388.000,1393.000,1382.000,1383.000,562,13082
04/03/2002,1377.000,1379.000,1369.000,1373.000,1116,13363
04/04/2002,1394.000,1404.000,1388.000,1395.000,927,13443
04/05/2002,1402.000,1430.000,1387.000,1417.000,659,13356
04/08/2002,1415.000,1425.000,1385.000,1385.000,301,13252
04/09/2002,1366.000,1375.000,1354.000,1372.000,264,13221
04/10/2002,1380.000,1380.000,1332.000,1350.000,289,13275
04/11/2002,1347.000,1359.000,1347.000,1359.000,294,13411
04/12/2002,1348.000,1383.000,1345.000,1383.000,153,13423
04/15/2002,1382.000,1383.000,1372.000,1375.000,57,13386
04/16/2002,1368.000,1378.000,1365.000,1373.000,203,13314
04/17/2002,1403.000,1420.000,1400.000,1418.000,165,13195
04/18/2002,1432.000,1444.000,1418.000,1437.000,214,13145
04/19/2002,1415.000,1432.000,1407.000,1428.000,180,13155
04/22/2002,1415.000,1434.000,1415.000,1434.000,540,13274
04/23/2002,1447.000,1455.000,1440.000,1449.000,261,13296
04/24/2002,1447.000,1450.000,1427.000,1430.000,368,13173
04/25/2002,1417.000,1431.000,1414.000,1417.000,622,12825
04/26/2002,1415.000,1428.000,1412.000,1428.000,86,12742
04/29/2002,1428.000,1428.000,1400.000,1400.000,103,12697
04/30/2002,1396.000,1419.000,1388.000,1419.000,867,12394
05/01/2002,1408.000,1408.000,1395.000,1395.000,566,12367
05/02/2002,1390.000,1417.000,1390.000,1411.000,277,12359
05/03/2002,1400.000,1415.000,1391.000,1415.000,724,12165
05/06/2002,1410.000,1410.000,1396.000,1399.000,240,12385
05/07/2002,1393.000,1410.000,1388.000,1398.000,374,12291
05/08/2002,1394.000,1412.000,1394.000,1412.000,59,12307
05/09/2002,1402.000,1425.000,1400.000,1423.000,127,12302
05/10/2002,1418.000,1418.000,1418.000,1418.000,231,12503
05/13/2002,1410.000,1450.000,1410.000,1450.000,916,12694
05/14/2002,1448.000,1460.000,1440.000,1442.000,717,12960
05/15/2002,1438.000,1450.000,1437.000,1442.000,283,12863
05/16/2002,1480.000,1497.000,1475.000,1497.000,193,13337
05/17/2002,1487.000,1505.000,1483.000,1497.000,951,13471
05/20/2002,1485.000,1492.000,1482.000,1484.000,293,13456
05/21/2002,1490.000,1507.000,1485.000,1504.000,1152,13974
05/22/2002,1497.000,1512.000,1479.000,1480.000,448,14094
05/23/2002,1475.000,1495.000,1475.000,1487.000,1306,14570
05/24/2002,1490.000,1491.000,1476.000,1477.000,1068,14902
05/28/2002,1485.000,1495.000,1478.000,1490.000,212,15083
05/29/2002,1509.000,1512.000,1501.000,1506.000,272,15255
05/30/2002,1506.000,1529.000,1506.000,1529.000,428,15089
05/31/2002,1532.000,1544.000,1524.000,1524.000,830,15437
06/03/2002,1524.000,1524.000,1513.000,1523.000,101,15541
06/04/2002,1526.000,1531.000,1524.000,1529.000,440,15743
06/05/2002,1531.000,1531.000,1507.000,1512.000,468,15673
06/06/2002,1506.000,1519.000,1505.000,1511.000,1166,15825
06/07/2002,1516.000,1520.000,1505.000,1510.000,743,15736
06/10/2002,1486.000,1489.000,1423.000,1423.000,1553,16250
06/11/2002,1418.000,1455.000,1416.000,1452.000,3621,17551
06/12/2002,1486.000,1486.000,1468.000,1476.000,1851,18398
06/13/2002,1468.000,1485.000,1463.000,1475.000,1274,18322
06/14/2002,1470.000,1482.000,1470.000,1476.000,2119,18798
06/17/2002,1461.000,1492.000,1453.000,1479.000,1690,19719
06/18/2002,1485.000,1492.000,1482.000,1485.000,1353,19583
06/19/2002,1500.000,1508.000,1498.000,1503.000,1267,19823
06/20/2002,1510.000,1565.000,1502.000,1553.000,977,19672
06/21/2002,1556.000,1605.000,1550.000,1589.000,2807,20248
06/24/2002,1596.000,1606.000,1577.000,1605.000,1549,20565
06/25/2002,1605.000,1623.000,1598.000,1621.000,2184,21432
06/26/2002,1633.000,1635.000,1607.000,1632.000,2973,20803
06/27/2002,1620.000,1648.000,1617.000,1642.000,422,20868
06/28/2002,1648.000,1655.000,1625.000,1639.000,1810,21185
07/01/2002,1629.000,1668.000,1625.000,1660.000,976,21269
07/02/2002,1678.000,1692.000,1661.000,1689.000,1517,22057
07/03/2002,1686.000,1705.000,1686.000,1703.000,3721,23014
07/08/2002,1708.000,1726.000,1700.000,1719.000,1321,23072
07/09/2002,1720.000,1755.000,1710.000,1753.000,2177,22681
07/10/2002,1753.000,1770.000,1740.000,1768.000,3694,22070
07/11/2002,1758.000,1805.000,1752.000,1797.000,2534,21832
07/12/2002,1792.000,1795.000,1720.000,1735.000,2547,22666
07/15/2002,1743.000,1785.000,1740.000,1783.000,1782,22845
07/16/2002,1794.000,1802.000,1773.000,1799.000,2027,23226
07/17/2002,1780.000,1788.000,1745.000,1756.000,1146,23654
07/18/2002,1760.000,1766.000,1733.000,1737.000,1291,23508
07/19/2002,1745.000,1810.000,1740.000,1789.000,3296,21895
07/22/2002,1798.000,1834.000,1797.000,1812.000,1649,22067
07/23/2002,1775.000,1795.000,1765.000,1774.000,1642,22089
07/24/2002,1761.000,1763.000,1724.000,1733.000,1950,21934
07/25/2002,1741.000,1805.000,1733.000,1804.000,1861,21976
07/26/2002,1814.000,1830.000,1782.000,1796.000,2667,22294
07/29/2002,1785.000,1789.000,1770.000,1777.000,1861,22623
07/30/2002,1780.000,1805.000,1780.000,1788.000,1945,22672
07/31/2002,1785.000,1823.000,1785.000,1806.000,1777,23065
08/01/2002,1800.000,1803.000,1756.000,1765.000,2722,23443
08/02/2002,1720.000,1742.000,1713.000,1722.000,3472,23595
08/05/2002,1724.000,1749.000,1722.000,1732.000,3334,22885
08/06/2002,1732.000,1754.000,1728.000,1749.000,2767,23526
08/07/2002,1765.000,1793.000,1765.000,1790.000,5515,24455
08/08/2002,1770.000,1794.000,1767.000,1780.000,4782,27129
08/09/2002,1810.000,1828.000,1782.000,1811.000,5538,28887
08/12/2002,1800.000,1824.000,1798.000,1811.000,6240,31202
08/13/2002,1822.000,1865.000,1818.000,1832.000,8255,33847
08/14/2002,1840.000,1848.000,1826.000,1844.000,5559,35738
08/15/2002,1845.000,1887.000,1842.000,1884.000,5891,36748
08/16/2002,1900.000,1903.000,1875.000,1883.000,6454,38580
08/19/2002,1890.000,1910.000,1883.000,1896.000,3692,38604
08/20/2002,1897.000,1919.000,1897.000,1917.000,2615,39109
08/21/2002,1900.000,1950.000,1892.000,1937.000,4803,39363
08/22/2002,1940.000,1967.000,1938.000,1958.000,4546,39687
08/23/2002,1952.000,1963.000,1944.000,1958.000,3638,39210
08/26/2002,1953.000,1953.000,1923.000,1940.000,3764,38897
08/27/2002,1940.000,1969.000,1940.000,1964.000,4018,38915
08/28/2002,1964.000,1988.000,1958.000,1984.000,3711,39391
08/29/2002,2000.000,2018.000,1997.000,2017.000,4031,39028
08/30/2002,2018.000,2023.000,1997.000,2002.000,5078,38905
09/03/2002,1992.000,1992.000,1930.000,1961.000,7216,38316
09/04/2002,1965.000,1998.000,1953.000,1994.000,3961,37880
09/05/2002,2014.000,2014.000,1986.000,2000.000,4065,38013
09/06/2002,2000.000,2034.000,1996.000,2031.000,5616,38950
09/09/2002,2040.000,2053.000,2031.000,2036.000,5257,37794
09/10/2002,2027.000,2028.000,1996.000,2015.000,4320,37301
09/11/2002,2020.000,2029.000,2020.000,2026.000,1132,37269
09/12/2002,2040.000,2042.000,2020.000,2034.000,2296,36989
09/13/2002,2025.000,2025.000,2002.000,2016.000,3545,36084
09/16/2002,2013.000,2058.000,2013.000,2050.000,4717,36713
09/17/2002,2050.000,2065.000,2047.000,2062.000,3482,36043
09/18/2002,2077.000,2077.000,2054.000,2075.000,3968,35681
09/19/2002,2110.000,2124.000,2080.000,2120.000,6358,36100
09/20/2002,2115.000,2122.000,2093.000,2113.000,4364,36686
09/23/2002,2124.000,2138.000,2115.000,2130.000,2978,37207
09/24/2002,2110.000,2124.000,2105.000,2120.000,2150,37392
09/25/2002,2145.000,2164.000,2145.000,2157.000,4873,37926
09/26/2002,2147.000,2157.000,2129.000,2152.000,4427,37778
09/27/2002,2160.000,2174.000,2148.000,2151.000,5363,39260
09/30/2002,2171.000,2206.000,2171.000,2191.000,4018,39439
10/01/2002,2188.000,2201.000,2181.000,2195.000,2651,39214
