"Date","Open","High","Low","Close","Volume","OpenInt"
10/02/2000,1032.000,1032.000,1032.000,1032.000,5050,5000
10/03/2000,1048.000,1048.000,1048.000,1048.000,500,5500
10/04/2000,1070.000,1070.000,1070.000,1070.000,370,5500
10/05/2000,1068.000,1073.000,1068.000,1073.000,35,5465
10/06/2000,1064.000,1064.000,1064.000,1064.000,0,5465
10/09/2000,1062.000,1062.000,1053.000,1053.000,307,5772
10/10/2000,1065.000,1066.000,1055.000,1066.000,302,6072
10/11/2000,1060.000,1060.000,1060.000,1060.000,250,6357
10/12/2000,1050.000,1050.000,1050.000,1050.000,0,6357
10/13/2000,1045.000,1045.000,1045.000,1045.000,0,6357
10/16/2000,1040.000,1040.000,1040.000,1040.000,50,6407
10/17/2000,1057.000,1057.000,1057.000,1057.000,0,6407
10/18/2000,1052.000,1052.000,1052.000,1052.000,0,6407
10/19/2000,1046.000,1046.000,1046.000,1046.000,0,6407
10/20/2000,1021.000,1021.000,1021.000,1021.000,0,6407
10/23/2000,1018.000,1018.000,1018.000,1018.000,0,6407
10/24/2000,1041.000,1041.000,1041.000,1041.000,0,6407
10/25/2000,1004.000,1004.000,1004.000,1004.000,0,6407
10/26/2000,1019.000,1019.000,1019.000,1019.000,0,6407
10/27/2000,994.000,994.000,994.000,994.000,0,6407
10/30/2000,999.000,999.000,989.000,989.000,300,6707
10/31/2000,987.000,987.000,987.000,987.000,0,6707
11/01/2000,988.000,988.000,988.000,988.000,0,6707
11/02/2000,1000.000,1000.000,1000.000,1000.000,0,6707
11/03/2000,986.000,986.000,986.000,986.000,0,6707
11/06/2000,978.000,978.000,978.000,978.000,0,6707
11/07/2000,980.000,980.000,980.000,980.000,0,6707
11/08/2000,968.000,968.000,968.000,968.000,0,6707
11/09/2000,974.000,974.000,970.000,970.000,13,6706
11/10/2000,963.000,963.000,963.000,963.000,0,6707
11/13/2000,942.000,942.000,942.000,942.000,0,6707
11/14/2000,934.000,934.000,934.000,934.000,0,6707
11/15/2000,938.000,938.000,938.000,938.000,0,6707
11/16/2000,935.000,935.000,935.000,935.000,400,7107
11/17/2000,932.000,932.000,932.000,932.000,0,7107
11/20/2000,929.000,929.000,929.000,929.000,0,7107
11/21/2000,929.000,929.000,929.000,929.000,0,7107
11/22/2000,917.000,917.000,917.000,917.000,0,7107
11/27/2000,909.000,909.000,909.000,909.000,0,7107
11/28/2000,917.000,917.000,917.000,917.000,0,7107
11/29/2000,927.000,927.000,922.000,922.000,200,7107
11/30/2000,925.000,925.000,917.000,917.000,55,7107
12/01/2000,915.000,915.000,915.000,915.000,0,7107
12/04/2000,925.000,925.000,925.000,925.000,0,7107
12/05/2000,921.000,921.000,921.000,921.000,0,7107
12/06/2000,908.000,908.000,908.000,908.000,0,7107
12/07/2000,912.000,921.000,912.000,921.000,50,7157
12/08/2000,918.000,922.000,918.000,922.000,37,7157
12/11/2000,909.000,909.000,909.000,909.000,0,7157
12/12/2000,900.000,900.000,900.000,900.000,0,7157
12/13/2000,901.000,901.000,901.000,901.000,0,7157
12/14/2000,899.000,899.000,899.000,899.000,0,7157
12/15/2000,907.000,909.000,904.000,904.000,30,7187
12/18/2000,899.000,899.000,899.000,899.000,0,7187
12/19/2000,894.000,894.000,894.000,894.000,0,7187
12/20/2000,912.000,912.000,912.000,912.000,0,7187
12/21/2000,918.000,928.000,918.000,928.000,958,7177
12/22/2000,927.000,927.000,927.000,927.000,250,7427
12/26/2000,930.000,930.000,930.000,930.000,0,7427
12/27/2000,935.000,935.000,935.000,935.000,0,7427
12/28/2000,918.000,918.000,918.000,918.000,250,7677
12/29/2000,908.000,908.000,908.000,908.000,1300,6727
01/02/2001,921.000,921.000,921.000,921.000,70,6457
01/03/2001,917.000,917.000,897.000,897.000,1163,6593
01/04/2001,908.000,908.000,908.000,908.000,1250,6878
01/05/2001,945.000,945.000,945.000,945.000,0,6878
01/08/2001,945.000,945.000,945.000,945.000,75,6878
01/09/2001,945.000,945.000,934.000,934.000,321,7199
01/10/2001,947.000,952.000,946.000,952.000,107,7294
01/11/2001,980.000,986.000,972.000,986.000,687,7665
01/12/2001,996.000,996.000,996.000,996.000,0,7665
01/16/2001,1011.000,1028.000,1011.000,1028.000,101,7764
01/17/2001,1035.000,1102.000,1035.000,1102.000,4,7766
01/18/2001,1110.000,1110.000,1110.000,1110.000,0,7766
01/19/2001,1069.000,1083.000,1067.000,1083.000,526,8242
01/22/2001,1072.000,1126.000,1072.000,1126.000,959,7668
01/23/2001,1140.000,1140.000,1121.000,1121.000,5,7673
01/24/2001,1115.000,1115.000,1107.000,1107.000,873,8526
01/25/2001,1125.000,1125.000,1125.000,1125.000,0,8526
01/26/2001,1138.000,1175.000,1138.000,1175.000,137,8472
01/29/2001,1165.000,1165.000,1165.000,1165.000,935,7813
01/30/2001,1177.000,1177.000,1177.000,1177.000,200,7813
01/31/2001,1140.000,1140.000,1140.000,1140.000,0,7813
02/01/2001,1164.000,1164.000,1164.000,1164.000,0,7813
02/02/2001,1163.000,1163.000,1163.000,1163.000,0,7813
02/05/2001,1177.000,1177.000,1177.000,1177.000,0,7813
02/06/2001,1186.000,1196.000,1186.000,1196.000,200,7713
02/07/2001,1155.000,1155.000,1155.000,1155.000,11,7713
02/08/2001,1125.000,1125.000,1125.000,1125.000,0,7713
02/09/2001,1130.000,1130.000,1130.000,1130.000,0,7713
02/12/2001,1157.000,1157.000,1157.000,1157.000,0,7713
02/13/2001,1198.000,1198.000,1198.000,1198.000,0,7713
02/14/2001,1188.000,1188.000,1188.000,1188.000,197,7752
02/15/2001,1180.000,1180.000,1180.000,1180.000,7,7752
02/16/2001,1240.000,1240.000,1240.000,1240.000,505,7553
02/20/2001,1246.000,1246.000,1246.000,1246.000,0,7553
02/21/2001,1287.000,1287.000,1287.000,1287.000,0,7553
02/22/2001,1249.000,1249.000,1249.000,1249.000,0,7553
02/23/2001,1258.000,1258.000,1258.000,1258.000,0,7553
02/26/2001,1221.000,1221.000,1221.000,1221.000,0,7553
02/27/2001,1232.000,1232.000,1232.000,1232.000,0,7553
02/28/2001,1229.000,1229.000,1229.000,1229.000,0,7553
03/01/2001,1213.000,1213.000,1213.000,1213.000,0,7553
03/02/2001,1257.000,1257.000,1257.000,1257.000,0,7553
03/05/2001,1218.000,1218.000,1218.000,1218.000,0,7553
03/06/2001,1135.000,1135.000,1135.000,1135.000,0,7553
03/07/2001,1160.000,1160.000,1160.000,1160.000,0,7553
03/08/2001,1152.000,1152.000,1152.000,1152.000,8,7553
03/09/2001,1156.000,1171.000,1156.000,1171.000,11,7553
03/12/2001,1154.000,1154.000,1154.000,1154.000,0,7553
03/13/2001,1167.000,1167.000,1167.000,1167.000,0,7553
03/14/2001,1137.000,1137.000,1137.000,1137.000,0,7553
03/15/2001,1115.000,1115.000,1115.000,1115.000,50,7553
03/16/2001,1100.000,1126.000,1100.000,1126.000,10,7553
03/19/2001,1103.000,1103.000,1103.000,1103.000,0,7503
03/20/2001,1090.000,1095.000,1090.000,1094.000,245,7748
03/21/2001,1080.000,1080.000,1070.000,1072.000,205,7903
03/22/2001,1135.000,1135.000,1135.000,1135.000,1070,7404
03/23/2001,1148.000,1148.000,1148.000,1148.000,41,7404
03/26/2001,1171.000,1171.000,1171.000,1171.000,5,7404
03/27/2001,1133.000,1133.000,1133.000,1133.000,0,7404
03/28/2001,1141.000,1141.000,1141.000,1141.000,1,7404
03/29/2001,1162.000,1162.000,1162.000,1162.000,90,7404
03/30/2001,1166.000,1166.000,1166.000,1166.000,283,7538
04/02/2001,1127.000,1127.000,1127.000,1127.000,0,7538
04/03/2001,1110.000,1110.000,1109.000,1109.000,128,7545
04/04/2001,1100.000,1100.000,1100.000,1100.000,60,7545
04/05/2001,1095.000,1098.000,1095.000,1098.000,10,7545
04/06/2001,1112.000,1112.000,1112.000,1112.000,0,7545
04/09/2001,1082.000,1082.000,1082.000,1082.000,0,7545
04/10/2001,1080.000,1080.000,1070.000,1072.000,20,7565
04/11/2001,1065.000,1102.000,1065.000,1102.000,22,7543
04/12/2001,1090.000,1090.000,1090.000,1090.000,0,7543
04/16/2001,1068.000,1068.000,1068.000,1068.000,0,7543
04/17/2001,1060.000,1077.000,1060.000,1077.000,10,7547
04/18/2001,1069.000,1069.000,1069.000,1069.000,6,7547
04/19/2001,1066.000,1066.000,1066.000,1066.000,9,7547
04/20/2001,1078.000,1078.000,1078.000,1078.000,40,7587
04/23/2001,1090.000,1090.000,1090.000,1090.000,0,7587
04/24/2001,1080.000,1080.000,1080.000,1080.000,31,7618
04/25/2001,1099.000,1099.000,1099.000,1099.000,0,7618
04/26/2001,1102.000,1102.000,1102.000,1102.000,35,7653
04/27/2001,1079.000,1079.000,1079.000,1079.000,0,7653
04/30/2001,1068.000,1068.000,1068.000,1068.000,20,7673
05/01/2001,1057.000,1057.000,1057.000,1057.000,9,7678
05/02/2001,1042.000,1051.000,1042.000,1051.000,45,7698
05/03/2001,1069.000,1069.000,1069.000,1069.000,0,7698
05/04/2001,1050.000,1050.000,1050.000,1050.000,39,7705
05/07/2001,1060.000,1060.000,1060.000,1060.000,0,7705
05/08/2001,1105.000,1105.000,1105.000,1105.000,0,7705
05/09/2001,1072.000,1072.000,1072.000,1072.000,0,7705
05/10/2001,1097.000,1097.000,1097.000,1097.000,0,7705
05/11/2001,1062.000,1062.000,1062.000,1062.000,3,7705
05/14/2001,1072.000,1072.000,1072.000,1072.000,0,7705
05/15/2001,1093.000,1093.000,1093.000,1093.000,0,7705
05/16/2001,1111.000,1111.000,1111.000,1111.000,104,7723
05/17/2001,1096.000,1096.000,1096.000,1096.000,470,7798
05/18/2001,1120.000,1120.000,1120.000,1120.000,0,7798
05/21/2001,1093.000,1093.000,1093.000,1093.000,0,7798
05/22/2001,1086.000,1086.000,1086.000,1086.000,0,7798
05/23/2001,1096.000,1096.000,1096.000,1096.000,50,7848
05/24/2001,1084.000,1084.000,1084.000,1084.000,0,7848
05/25/2001,1063.000,1063.000,1063.000,1063.000,70,7895
05/29/2001,1049.000,1049.000,1049.000,1049.000,40,7935
05/30/2001,1025.000,1025.000,1019.000,1019.000,112,8013
05/31/2001,1020.000,1020.000,992.000,992.000,151,8150
06/01/2001,1015.000,1015.000,1015.000,1015.000,256,7914
06/04/2001,1007.000,1007.000,1007.000,1007.000,56,7934
06/05/2001,1021.000,1021.000,1021.000,1021.000,0,7934
06/06/2001,1013.000,1013.000,1013.000,1013.000,0,7934
06/07/2001,975.000,975.000,972.000,972.000,131,7950
06/08/2001,990.000,990.000,980.000,980.000,16,7954
06/11/2001,974.000,974.000,974.000,974.000,72,7933
06/12/2001,970.000,970.000,962.000,962.000,34,7943
06/13/2001,968.000,984.000,968.000,984.000,21,7950
06/14/2001,988.000,990.000,988.000,990.000,136,8004
06/15/2001,978.000,978.000,978.000,978.000,66,8028
06/18/2001,990.000,990.000,990.000,990.000,30,8057
06/19/2001,980.000,980.000,972.000,972.000,124,8112
06/20/2001,954.000,954.000,950.000,953.000,195,8176
06/21/2001,953.000,981.000,952.000,981.000,47,8198
06/22/2001,975.000,975.000,975.000,975.000,160,8192
06/25/2001,980.000,980.000,980.000,980.000,0,8142
06/26/2001,990.000,990.000,990.000,990.000,0,8142
06/27/2001,988.000,988.000,988.000,988.000,1862,8162
06/28/2001,994.000,994.000,994.000,994.000,796,8206
06/29/2001,1007.000,1007.000,1007.000,1007.000,0,8206
07/02/2001,1007.000,1007.000,1002.000,1002.000,855,7401
07/03/2001,992.000,992.000,991.000,991.000,726,6845
07/05/2001,1001.000,1001.000,1001.000,1001.000,120,6820
07/06/2001,998.000,998.000,998.000,998.000,22,6820
07/09/2001,965.000,965.000,965.000,965.000,5,6820
07/10/2001,953.000,953.000,948.000,948.000,30,6820
07/11/2001,961.000,961.000,961.000,961.000,5,6820
07/12/2001,955.000,955.000,938.000,943.000,79,6874
07/13/2001,962.000,962.000,962.000,962.000,275,6642
07/16/2001,947.000,947.000,947.000,947.000,8,6642
07/17/2001,940.000,940.000,940.000,940.000,10,6650
07/18/2001,936.000,945.000,936.000,945.000,97,6711
07/19/2001,962.000,986.000,962.000,986.000,65,6722
07/20/2001,987.000,987.000,987.000,987.000,0,6726
07/23/2001,974.000,974.000,974.000,974.000,250,6976
07/24/2001,972.000,972.000,972.000,972.000,0,6976
07/25/2001,976.000,976.000,976.000,976.000,0,6976
07/26/2001,975.000,975.000,972.000,972.000,185,7131
07/27/2001,952.000,952.000,952.000,952.000,61,7086
07/30/2001,964.000,964.000,964.000,964.000,249,7248
07/31/2001,969.000,981.000,969.000,981.000,224,7050
08/01/2001,989.000,989.000,965.000,965.000,323,7052
08/02/2001,975.000,977.000,970.000,973.000,188,6962
08/03/2001,996.000,996.000,976.000,984.000,971,6201
08/06/2001,1017.000,1030.000,1017.000,1030.000,75,6201
08/07/2001,1023.000,1033.000,1023.000,1033.000,90,6221
08/08/2001,1040.000,1040.000,1040.000,1040.000,0,6221
08/09/2001,1043.000,1060.000,1043.000,1060.000,10,6221
08/10/2001,1055.000,1055.000,1048.000,1048.000,2,6221
08/13/2001,1047.000,1047.000,1042.000,1045.000,82,6226
08/14/2001,1040.000,1054.000,1040.000,1054.000,16,6232
08/15/2001,1065.000,1070.000,1065.000,1070.000,50,6282
08/16/2001,1070.000,1070.000,1059.000,1059.000,523,6300
08/17/2001,1060.000,1060.000,1060.000,1060.000,0,5795
08/20/2001,1043.000,1043.000,1043.000,1043.000,0,5795
08/21/2001,1042.000,1042.000,1042.000,1042.000,0,5795
08/22/2001,1040.000,1056.000,1040.000,1056.000,1,5796
08/23/2001,1035.000,1035.000,1027.000,1027.000,215,5808
08/24/2001,1030.000,1035.000,1030.000,1032.000,111,5770
08/27/2001,1025.000,1025.000,1025.000,1025.000,250,5781
08/28/2001,1039.000,1039.000,1039.000,1039.000,0,5781
08/29/2001,1011.000,1011.000,1011.000,1011.000,0,5781
08/30/2001,1005.000,1005.000,1000.000,1002.000,121,5878
08/31/2001,992.000,1000.000,985.000,996.000,161,5972
09/04/2001,985.000,985.000,960.000,960.000,129,6005
09/05/2001,953.000,954.000,938.000,948.000,215,6146
09/06/2001,951.000,957.000,950.000,957.000,101,6221
09/07/2001,961.000,972.000,957.000,972.000,480,5911
09/10/2001,967.000,969.000,959.000,959.000,0,5911
09/11/2001,959.000,959.000,959.000,959.000,110,5976
09/17/2001,994.000,994.000,980.000,984.000,199,6060
09/18/2001,987.000,987.000,980.000,980.000,77,6136
09/19/2001,994.000,994.000,994.000,994.000,0,6136
09/20/2001,1025.000,1025.000,1023.000,1023.000,55,6162
09/21/2001,1011.000,1018.000,1011.000,1018.000,225,6244
09/24/2001,1035.000,1035.000,1035.000,1035.000,0,6246
09/25/2001,1021.000,1021.000,1021.000,1021.000,147,6201
09/26/2001,1043.000,1043.000,1043.000,1043.000,0,6201
09/27/2001,1086.000,1086.000,1086.000,1086.000,9,6201
09/28/2001,1093.000,1093.000,1093.000,1093.000,83,6161
10/01/2001,1115.000,1115.000,1114.000,1114.000,37,6181
10/02/2001,1100.000,1100.000,1094.000,1094.000,105,6124
10/03/2001,1090.000,1108.000,1089.000,1108.000,110,6114
10/04/2001,1142.000,1142.000,1142.000,1142.000,70,6180
10/05/2001,1125.000,1131.000,1125.000,1131.000,252,6226
10/08/2001,1109.000,1109.000,1109.000,1109.000,5,6225
10/09/2001,1074.000,1074.000,1072.000,1073.000,52,6277
10/10/2001,1055.000,1062.000,1055.000,1062.000,2270,4429
10/11/2001,1070.000,1070.000,1070.000,1070.000,112,4351
10/12/2001,1048.000,1048.000,1048.000,1048.000,25,4351
10/15/2001,1040.000,1040.000,1039.000,1039.000,8,4349
10/16/2001,1051.000,1051.000,1051.000,1051.000,5,4354
10/17/2001,1073.000,1073.000,1073.000,1073.000,55,4347
10/18/2001,1069.000,1072.000,1067.000,1067.000,70,4362
10/19/2001,1041.000,1041.000,1041.000,1041.000,200,4562
10/22/2001,1020.000,1020.000,1017.000,1020.000,85,4560
10/23/2001,1018.000,1026.000,1014.000,1026.000,247,4345
10/24/2001,1015.000,1015.000,1015.000,1015.000,25,4370
10/25/2001,1001.000,1001.000,1001.000,1001.000,0,4370
10/26/2001,992.000,1010.000,992.000,1007.000,152,4339
10/29/2001,1011.000,1011.000,1011.000,1011.000,20,4339
10/30/2001,1005.000,1015.000,1005.000,1015.000,348,4556
10/31/2001,1030.000,1030.000,1030.000,1030.000,100,4605
11/01/2001,1038.000,1038.000,1038.000,1038.000,1,4606
11/02/2001,1026.000,1026.000,1023.000,1023.000,23,4609
11/05/2001,1013.000,1013.000,1010.000,1010.000,9,4606
11/06/2001,1004.000,1007.000,1003.000,1007.000,275,4743
11/07/2001,1052.000,1052.000,1052.000,1052.000,64,4630
11/08/2001,1107.000,1107.000,1107.000,1107.000,210,4636
11/09/2001,1163.000,1163.000,1163.000,1163.000,179,4787
11/12/2001,1162.000,1162.000,1162.000,1162.000,100,4703
11/13/2001,1197.000,1212.000,1197.000,1211.000,185,4719
11/14/2001,1201.000,1211.000,1180.000,1196.000,379,4867
11/15/2001,1223.000,1223.000,1223.000,1223.000,214,4667
11/16/2001,1258.000,1258.000,1258.000,1258.000,311,4783
11/19/2001,1260.000,1265.000,1247.000,1260.000,353,4907
11/20/2001,1254.000,1254.000,1254.000,1254.000,0,4907
11/21/2001,1248.000,1249.000,1248.000,1249.000,107,4991
11/26/2001,1263.000,1292.000,1263.000,1277.000,424,5204
11/27/2001,1274.000,1274.000,1250.000,1261.000,200,5318
11/28/2001,1275.000,1280.000,1265.000,1266.000,653,5404
11/29/2001,1285.000,1315.000,1284.000,1315.000,769,5287
11/30/2001,1323.000,1323.000,1301.000,1301.000,31,5296
12/03/2001,1272.000,1272.000,1272.000,1272.000,49,5296
12/04/2001,1255.000,1258.000,1235.000,1236.000,216,5415
12/05/2001,1226.000,1245.000,1226.000,1244.000,52,5378
12/06/2001,1245.000,1245.000,1243.000,1244.000,68,5421
12/07/2001,1215.000,1215.000,1212.000,1212.000,152,5443
12/10/2001,1209.000,1209.000,1186.000,1186.000,251,5561
12/11/2001,1235.000,1258.000,1235.000,1258.000,999,5958
12/12/2001,1290.000,1290.000,1262.000,1262.000,337,5972
12/13/2001,1266.000,1266.000,1263.000,1264.000,134,5974
12/14/2001,1300.000,1305.000,1300.000,1300.000,472,5794
12/17/2001,1300.000,1300.000,1291.000,1291.000,188,5782
12/18/2001,1288.000,1289.000,1268.000,1268.000,203,5838
12/19/2001,1259.000,1259.000,1247.000,1251.000,882,6295
12/20/2001,1244.000,1258.000,1241.000,1247.000,77,6308
12/21/2001,1244.000,1244.000,1244.000,1244.000,142,6392
12/27/2001,1238.000,1267.000,1238.000,1267.000,72,6398
12/28/2001,1275.000,1280.000,1265.000,1266.000,77,6408
01/02/2002,1275.000,1275.000,1251.000,1252.000,228,6445
01/03/2002,1244.000,1251.000,1244.000,1248.000,535,6041
01/04/2002,1257.000,1330.000,1257.000,1329.000,153,6222
01/07/2002,1333.000,1348.000,1327.000,1348.000,39,6236
01/08/2002,1330.000,1337.000,1320.000,1321.000,170,6253
01/09/2002,1332.000,1332.000,1332.000,1332.000,192,6275
01/10/2002,1349.000,1360.000,1319.000,1319.000,984,6524
01/11/2002,1319.000,1319.000,1306.000,1306.000,257,6521
01/14/2002,1254.000,1275.000,1250.000,1259.000,356,6580
01/15/2002,1240.000,1264.000,1230.000,1264.000,246,6545
01/16/2002,1296.000,1296.000,1263.000,1296.000,621,6541
01/17/2002,1280.000,1280.000,1280.000,1280.000,486,6898
01/18/2002,1263.000,1263.000,1246.000,1247.000,272,6905
01/22/2002,1243.000,1292.000,1243.000,1292.000,60,6933
01/23/2002,1315.000,1315.000,1315.000,1315.000,550,7136
01/24/2002,1295.000,1295.000,1290.000,1290.000,127,7151
01/25/2002,1285.000,1319.000,1285.000,1309.000,400,7335
01/28/2002,1305.000,1307.000,1305.000,1307.000,293,7320
01/29/2002,1298.000,1310.000,1298.000,1310.000,174,7302
01/30/2002,1328.000,1335.000,1328.000,1335.000,26,7310
01/31/2002,1316.000,1316.000,1312.000,1312.000,49,7305
02/01/2002,1316.000,1323.000,1316.000,1319.000,129,7359
02/04/2002,1330.000,1365.000,1330.000,1364.000,228,7462
02/05/2002,1345.000,1345.000,1345.000,1345.000,32,7442
02/06/2002,1355.000,1365.000,1350.000,1360.000,648,7617
02/07/2002,1380.000,1405.000,1370.000,1404.000,689,7738
02/08/2002,1422.000,1424.000,1416.000,1421.000,1628,8035
02/11/2002,1412.000,1441.000,1412.000,1441.000,249,8230
02/12/2002,1432.000,1432.000,1425.000,1429.000,532,8518
02/13/2002,1424.000,1436.000,1420.000,1421.000,124,8517
02/14/2002,1413.000,1418.000,1413.000,1418.000,620,8778
02/15/2002,1414.000,1438.000,1414.000,1434.000,291,8844
02/19/2002,1405.000,1414.000,1400.000,1400.000,549,9220
02/20/2002,1372.000,1378.000,1363.000,1365.000,747,9047
02/21/2002,1390.000,1390.000,1363.000,1363.000,964,9519
02/22/2002,1387.000,1398.000,1382.000,1398.000,49,9509
02/25/2002,1408.000,1419.000,1391.000,1419.000,224,9432
02/26/2002,1443.000,1447.000,1433.000,1437.000,1192,9307
02/27/2002,1423.000,1435.000,1413.000,1417.000,10,8709
02/28/2002,1410.000,1427.000,1406.000,1422.000,86,8724
03/01/2002,1435.000,1464.000,1435.000,1464.000,816,9052
03/04/2002,1468.000,1469.000,1459.000,1462.000,601,9291
03/05/2002,1453.000,1453.000,1438.000,1444.000,37,9292
03/06/2002,1451.000,1460.000,1442.000,1452.000,941,9777
03/07/2002,1466.000,1477.000,1465.000,1475.000,876,9829
03/08/2002,1482.000,1490.000,1473.000,1484.000,1267,9293
03/11/2002,1470.000,1510.000,1470.000,1509.000,558,9276
03/12/2002,1511.000,1518.000,1500.000,1512.000,359,9322
03/13/2002,1492.000,1519.000,1492.000,1519.000,328,9415
03/14/2002,1515.000,1533.000,1514.000,1527.000,720,9403
03/15/2002,1522.000,1529.000,1520.000,1520.000,338,9532
03/18/2002,1508.000,1513.000,1499.000,1506.000,162,9487
03/19/2002,1512.000,1512.000,1496.000,1498.000,430,9344
03/20/2002,1480.000,1496.000,1476.000,1477.000,521,9680
03/21/2002,1479.000,1492.000,1476.000,1478.000,522,9903
03/22/2002,1490.000,1503.000,1486.000,1503.000,122,9923
03/25/2002,1510.000,1510.000,1458.000,1459.000,295,9916
03/26/2002,1450.000,1452.000,1438.000,1440.000,765,10209
03/27/2002,1450.000,1474.000,1447.000,1474.000,928,10084
03/28/2002,1472.000,1478.000,1461.000,1462.000,189,10045
04/01/2002,1473.000,1473.000,1465.000,1472.000,196,10153
04/02/2002,1457.000,1464.000,1450.000,1455.000,611,10350
04/03/2002,1447.000,1447.000,1442.000,1443.000,774,10607
04/04/2002,1467.000,1475.000,1460.000,1465.000,1720,11110
04/05/2002,1473.000,1507.000,1457.000,1492.000,1897,12124
04/08/2002,1490.000,1503.000,1460.000,1460.000,914,11991
04/09/2002,1445.000,1450.000,1434.000,1447.000,704,11836
04/10/2002,1450.000,1453.000,1405.000,1423.000,2531,12877
04/11/2002,1422.000,1432.000,1408.000,1430.000,910,12898
04/12/2002,1425.000,1455.000,1410.000,1453.000,809,13093
04/15/2002,1452.000,1458.000,1440.000,1447.000,200,13001
04/16/2002,1440.000,1452.000,1440.000,1446.000,229,13004
04/17/2002,1466.000,1500.000,1465.000,1493.000,1392,13248
04/18/2002,1508.000,1521.000,1498.000,1513.000,2019,14178
04/19/2002,1493.000,1507.000,1485.000,1501.000,726,14152
04/22/2002,1493.000,1510.000,1489.000,1508.000,1335,14354
04/23/2002,1520.000,1528.000,1508.000,1520.000,1248,14927
04/24/2002,1520.000,1520.000,1498.000,1500.000,1350,15281
04/25/2002,1488.000,1504.000,1476.000,1480.000,936,15273
04/26/2002,1479.000,1488.000,1471.000,1487.000,731,15181
04/29/2002,1490.000,1490.000,1445.000,1451.000,2821,14978
04/30/2002,1445.000,1475.000,1432.000,1474.000,2673,15292
05/01/2002,1460.000,1463.000,1438.000,1440.000,1827,15610
05/02/2002,1436.000,1460.000,1435.000,1456.000,711,15626
05/03/2002,1440.000,1480.000,1422.000,1460.000,2181,16167
05/06/2002,1450.000,1450.000,1435.000,1439.000,644,16007
05/07/2002,1432.000,1454.000,1425.000,1441.000,976,16553
05/08/2002,1434.000,1454.000,1434.000,1454.000,1094,16803
05/09/2002,1438.000,1476.000,1438.000,1473.000,646,16885
05/10/2002,1464.000,1475.000,1460.000,1469.000,453,16661
05/13/2002,1468.000,1513.000,1460.000,1510.000,1994,16879
05/14/2002,1507.000,1524.000,1497.000,1503.000,903,17016
05/15/2002,1500.000,1513.000,1492.000,1505.000,1398,17024
05/16/2002,1545.000,1567.000,1532.000,1562.000,2171,16904
05/17/2002,1558.000,1571.000,1549.000,1560.000,1668,16356
05/20/2002,1552.000,1556.000,1545.000,1548.000,1097,16611
05/21/2002,1557.000,1578.000,1547.000,1569.000,1698,16762
05/22/2002,1565.000,1582.000,1542.000,1544.000,3371,17645
05/23/2002,1535.000,1555.000,1534.000,1547.000,2189,17652
05/24/2002,1545.000,1546.000,1527.000,1530.000,1717,17975
05/28/2002,1530.000,1554.000,1520.000,1543.000,959,17959
05/29/2002,1563.000,1571.000,1556.000,1564.000,1443,17827
05/30/2002,1565.000,1586.000,1562.000,1585.000,2050,18529
05/31/2002,1591.000,1600.000,1575.000,1578.000,3263,19778
06/03/2002,1573.000,1575.000,1554.000,1563.000,2603,20609
06/04/2002,1565.000,1575.000,1564.000,1569.000,1802,21311
06/05/2002,1575.000,1575.000,1541.000,1552.000,2349,22615
06/06/2002,1546.000,1559.000,1540.000,1547.000,3425,23392
06/07/2002,1550.000,1554.000,1532.000,1536.000,2496,24233
06/10/2002,1515.000,1515.000,1435.000,1444.000,8759,25617
06/11/2002,1442.000,1470.000,1429.000,1466.000,10386,27167
06/12/2002,1505.000,1510.000,1478.000,1491.000,8443,29183
06/13/2002,1485.000,1504.000,1475.000,1488.000,5475,30981
06/14/2002,1485.000,1493.000,1478.000,1484.000,6688,31965
06/17/2002,1467.000,1503.000,1461.000,1492.000,5213,31217
06/18/2002,1492.000,1509.000,1492.000,1499.000,4829,29480
06/19/2002,1516.000,1527.000,1511.000,1518.000,3772,29018
06/20/2002,1522.000,1580.000,1515.000,1573.000,7302,29013
06/21/2002,1580.000,1624.000,1565.000,1616.000,8679,29833
06/24/2002,1625.000,1635.000,1602.000,1631.000,5067,31267
06/25/2002,1630.000,1643.000,1616.000,1637.000,3180,31172
06/26/2002,1650.000,1655.000,1618.000,1643.000,4395,32187
06/27/2002,1637.000,1660.000,1625.000,1653.000,4292,32409
06/28/2002,1658.000,1663.000,1627.000,1647.000,6167,31461
07/01/2002,1635.000,1678.000,1632.000,1670.000,4037,32335
07/02/2002,1685.000,1699.000,1665.000,1697.000,8152,32610
07/03/2002,1705.000,1720.000,1695.000,1712.000,4745,32519
07/08/2002,1721.000,1737.000,1705.000,1727.000,3139,33151
07/09/2002,1727.000,1769.000,1717.000,1767.000,4084,33406
07/10/2002,1760.000,1792.000,1756.000,1788.000,5175,33980
07/11/2002,1780.000,1825.000,1765.000,1818.000,5128,34215
07/12/2002,1808.000,1812.000,1740.000,1751.000,7326,35355
07/15/2002,1766.000,1805.000,1758.000,1804.000,4328,35144
07/16/2002,1810.000,1821.000,1787.000,1815.000,5262,35530
07/17/2002,1795.000,1805.000,1760.000,1773.000,4724,35560
07/18/2002,1775.000,1786.000,1748.000,1751.000,5138,35073
07/19/2002,1760.000,1819.000,1753.000,1799.000,4322,35108
07/22/2002,1803.000,1843.000,1802.000,1819.000,4783,35143
07/23/2002,1785.000,1798.000,1767.000,1773.000,5393,33583
07/24/2002,1760.000,1761.000,1712.000,1723.000,6402,31494
07/25/2002,1725.000,1800.000,1723.000,1796.000,5499,31009
07/26/2002,1800.000,1822.000,1772.000,1788.000,5009,30376
07/29/2002,1783.000,1783.000,1751.000,1759.000,2855,30402
07/30/2002,1760.000,1787.000,1760.000,1771.000,3453,29850
07/31/2002,1762.000,1805.000,1760.000,1787.000,3219,29123
08/01/2002,1782.000,1785.000,1736.000,1745.000,5631,28446
08/02/2002,1695.000,1722.000,1695.000,1702.000,7626,27958
08/05/2002,1700.000,1729.000,1700.000,1712.000,4137,26558
08/06/2002,1707.000,1734.000,1706.000,1728.000,3051,25317
08/07/2002,1745.000,1773.000,1741.000,1767.000,3858,20955
08/08/2002,1746.000,1773.000,1745.000,1754.000,4693,19075
08/09/2002,1780.000,1800.000,1752.000,1783.000,5444,16358
08/12/2002,1770.000,1800.000,1770.000,1786.000,6672,11543
08/13/2002,1785.000,1845.000,1785.000,1810.000,6367,8726
08/14/2002,1815.000,1827.000,1803.000,1827.000,3817,7314
08/15/2002,1820.000,1876.000,1820.000,1871.000,2663,5786
08/16/2002,1875.000,1885.000,1853.000,1860.000,3968,2964
08/19/2002,1865.000,1895.000,1864.000,1884.000,485,2583
08/20/2002,1900.000,1910.000,1880.000,1907.000,220,2483
08/21/2002,1900.000,1933.000,1884.000,1930.000,318,2291
08/22/2002,1939.000,1963.000,1933.000,1956.000,801,1784
08/23/2002,1952.000,1960.000,1938.000,1955.000,432,1585
08/26/2002,1950.000,1950.000,1920.000,1937.000,167,1402
08/27/2002,1930.000,1968.000,1930.000,1964.000,498,960
08/28/2002,1970.000,1988.000,1965.000,1983.000,87,862
08/29/2002,2020.000,2033.000,2012.000,2023.000,125,886
08/30/2002,2011.000,2032.000,2008.000,2012.000,85,684
09/03/2002,1990.000,1990.000,1950.000,1975.000,131,636
09/04/2002,1980.000,2015.000,1965.000,2008.000,27,595
09/05/2002,2030.000,2030.000,2005.000,2011.000,67,595
09/06/2002,2015.000,2045.000,2015.000,2045.000,64,563
09/09/2002,2045.000,2061.000,2045.000,2046.000,48,570
09/10/2002,2039.000,2043.000,2010.000,2023.000,103,556
09/11/2002,2055.000,2055.000,2031.000,2036.000,319,319
09/12/2002,2057.000,2060.000,2043.000,2054.000,92,112
09/13/2002,2059.000,2059.000,2016.000,2033.000,64,65
