590701,195.7,196.7,195.7,196.4,5828,25273
590702,196.3,197.4,196.3,197.1,4780,26524
590706,196.6,197.6,196.6,197,6591,27452
590707,197.3,197.5,196.7,197.1,5604,28749
590708,197.2,197.4,196.3,196.4,4538,30527
590709,196,196.2,195.4,195.5,4949,31145
590710,195.3,196.4,195.3,195.6,4734,32075
590713,196.5,196.7,196.1,196.1,4426,33777
590714,196.1,196.4,195.3,195.5,3489,34440
590715,195.6,195.6,195.2,195.3,3761,35217
590716,195.4,195.4,195,195.1,3485,35872
590717,195.1,195.1,194.3,194.4,3045,36546
590720,194.4,195.6,194.4,195.4,4415,37386
590721,195.6,195.6,194.7,194.7,4055,38049
590722,195,195.1,194.4,194.5,3397,38122
590723,194.6,194.7,194,194.2,2549,38829
590724,194.2,194.6,194.1,194.4,3079,38836
590727,194.6,195.5,194.6,195.3,3776,39576
590728,195.3,195.3,194.4,194.5,3683,40380
590729,194.4,194.7,194.2,194.5,3632,41571
590730,194.7,195.4,194.7,195,2835,41838
590731,195.2,196.2,195.2,196.2,2691,41943
590803,196.1,196.2,195.3,195.6,4554,42664
590804,196.5,197,196.3,196.7,3259,42862
590805,196.6,196.7,195.6,195.6,5619,42584
590806,195.6,196.2,195,195.3,3380,42688
590807,195.4,195.5,194.7,195.3,4515,42215
590810,195.2,196,195,195.5,3128,42387
590811,195.6,196.1,195.4,196,3352,42516
590812,196,196.3,195.2,195.4,4377,42665
590813,195.3,195.3,194.4,195.1,3229,42617
590814,195.3,195.6,195.1,195.4,5767,43444
590817,195.3,196,195.3,195.5,1989,43380
590818,195.3,195.4,195,195.2,1590,43475
590819,195.1,195.6,195,195.5,2446,43601
590820,195.3,195.5,195.2,195.3,2468,43434
590821,195.1,195.6,195,195.3,1692,43637
590824,196.1,197.2,196.1,197.1,1771,43498
590825,197.2,197.4,196.6,196.7,5697,44048
590826,197,197.2,196.5,197,4003,44802
590827,196.7,197,196.4,196.4,2573,45217
590828,196.3,196.7,196,196.4,2128,45632
590831,196.4,197.2,196.4,197.2,3080,46431
590901,197.1,198.2,197.1,197.7,3545,47032
590902,198,198.4,197.6,198.3,6686,47855
590903,198.4,198.4,197.6,198.2,3314,47995
590904,198.1,198.2,197.5,198.1,2897,48111
590908,198.3,198.7,197.5,197.5,3612,48326
590909,197.4,197.4,196.6,196.7,5876,48530
590910,196.5,197.3,196.5,196.6,5135,48687
590911,197.1,197.2,196.5,196.6,2410,48984
590914,196.6,197,196.4,196.6,2436,48734
590915,197,197.3,196.7,196.7,2304,48602
590916,197.1,197.3,195.6,195.7,2207,48590
590917,195.5,195.7,195.1,195.7,5261,48108
590918,195.7,196.2,195.5,196.1,3973,47580
590921,196.1,196.4,195.6,196,2733,47231
590922,196,196.1,194.1,194.2,2309,47420
590923,194.4,195.3,194.4,195.3,6641,47026
590924,195.3,195.4,195,195.3,4206,46420
590925,195.4,195.4,194.4,194.6,2084,46363
590928,194.5,195,194.2,194.6,2010,46055
590929,194.7,195.5,194.7,195.2,1863,45659
590930,195.2,196.5,195.2,196.4,3343,45228
591001,196.1,196.7,195.6,196,3525,44311
591002,196,196.4,195.6,196.3,3004,44177
591005,196.2,196.7,195.7,195.7,1339,44088
591006,195.7,196.6,195.7,196.6,2321,43892
591007,196.6,197,196.4,197,1915,43432
591008,197,197.2,196.7,197,1686,43243
591009,197,197,196.4,196.6,1570,42867
591012,197,197.4,197,197.4,1652,42429
591013,197.5,197.6,197.3,197.3,2805,41489
591014,197.3,197.4,196.7,196.7,1639,41123
591015,196.7,196.7,196.3,196.5,3030,39927
591016,196.4,197.7,196.4,197.6,2865,39399
591019,197.4,197.6,197.4,197.5,4026,38456
591020,197.6,198.4,197.4,198.1,2350,38006
591021,198.3,200,198.3,200,3003,37316
591022,199.5,200.4,199.3,200.3,5869,35285
591023,200.4,201.2,200.1,200.7,3651,34435
591026,201.2,201.7,200.1,200.3,3984,33537
591027,200.1,200.5,200.1,200.3,4515,32638
591028,200.5,201.2,200.4,201.1,2441,32216
591029,201.3,201.4,199.5,199.6,2151,31937
591030,199.6,200.4,199.4,200.3,3132,31232
591102,200.4,201,200.3,200.5,3235,31225
591103,200.5,200.6,200.3,200.4,1695,30810
591104,200.3,200.4,199.7,200,1960,30066
591105,200,200.4,199.6,199.6,3373,29836
591106,200,200.3,199.6,199.7,2716,28964
591109,200.1,201.4,200.1,201,2748,28647
591110,201,202.2,200.7,202,4210,28084
591111,202,202.3,201.2,201.4,2823,27563
591112,201.3,201.6,201.2,201.5,1839,27321
591113,201.6,203,201.6,202.6,2003,27046
591116,202.6,202.7,201.6,202,4849,26113
591117,201.6,202.1,200.7,201,1810,25605
591118,201,201.1,200.2,200.5,2790,24454
591119,200.7,200.7,199.3,199.4,2041,23930
591120,199,199,198.1,198.3,4631,22295
591123,198.3,198.6,197.6,197.7,2849,21364
591124,197.7,199,197.7,198.5,3041,19919
591125,199,199.5,198.4,199,1848,18940
591127,199,199.1,198.2,198.3,1713,18160
591130,198.4,199,197.7,198.2,2460,17428
591201,198,198.2,197.5,198,8160,14561
591202,197.6,198.3,197.6,198,5301,10438
591203,198,198,196.5,197.3,5253,6641
591204,196.7,197.5,196.7,197.1,5449,5531
591207,197,197.2,196.6,196.7,1707,3519
591208,196.6,196.7,195.7,196,1352,3423
591209,195.7,196,195.6,196,1240,2599
591210,196.1,196.4,195.6,195.7,768,2343
591211,195.7,195.7,194.7,195.3,1307,2659
591214,195.2,196,195.1,195.7,1589,2744
591215,196,197.4,196,197.1,581,1896
591216,197.5,197.5,197.2,197.2,575,1525
591217,196.6,196.6,195.4,196.1,321,1430
591218,196,196.7,195.7,196.4,519,1424
591221,196.5,197.7,196.2,197.4,450,1256
