590701,199.3,200.1,199.2,199.4,3641,13253
590702,199.7,200.2,199.5,199.6,3567,14529
590706,200,200.6,200,200.2,3344,15766
590707,200.6,200.6,199.5,199.6,2912,16820
590708,200,200,198.3,198.5,3099,17784
590709,198.3,198.4,197.5,198.1,3444,18515
590710,198,198.6,198,198.3,3719,19531
590713,198.7,199.1,198.4,198.5,2773,20709
590714,198.4,199.2,198.1,198.2,1289,21099
590715,198.3,198.4,198,198.2,2109,21533
590716,198.1,198.2,197.6,197.6,1327,21943
590717,197.5,197.7,197.1,197.2,1314,22430
590720,197.2,198.3,197.1,198.3,2680,22982
590721,198.4,198.4,197.7,198,2104,23181
590722,197.6,198,197.4,197.4,1606,23825
590723,197.4,197.6,197,197,1223,24110
590724,197.1,197.5,197.1,197.3,1452,24543
590727,197.6,198.3,197.6,198.1,1775,24908
590728,198.2,198.2,197.4,197.4,1663,25530
590729,197.5,197.7,197.2,197.5,2157,26523
590730,197.7,198.4,197.7,198.2,1771,27010
590731,198.3,199.3,198.3,199.3,2106,27527
590803,199.3,199.3,198.5,198.7,2688,27990
590804,199.5,200.1,199.4,199.6,1560,28445
590805,199.7,199.7,198.6,199,2148,28544
590806,198.7,199.3,198.4,199,2039,29045
590807,199.1,199.4,198.5,198.7,2601,29193
590810,198.5,199.6,198.4,199.2,2047,29156
590811,199,199.3,198.6,199.2,2403,29448
590812,199,199.5,198.7,199,2852,29380
590813,198.7,199,198.1,198.3,2095,29413
590814,198.7,199.2,198.6,199,2554,29390
590817,199,199.4,198.7,199,1627,29701
590818,199.1,199.1,198.5,198.6,1253,29846
590819,198.6,199.2,198.4,199,2349,30297
590820,198.6,199.1,198.5,198.5,1826,30626
590821,198.4,199,198.4,199,870,30621
590824,199.6,201,199.6,200.7,1154,31125
590825,201.1,201.4,200.6,200.6,4970,31954
590826,201,201.2,200.6,200.7,5173,32437
590827,201,201,200.4,200.4,2483,33256
590828,200.4,200.7,200.2,200.5,1425,33746
590831,200.5,201.2,200.4,201.1,1822,34172
590901,201.3,202,201.1,201.6,2532,35069
590902,201.7,202.3,201.4,202.3,4279,36380
590903,202.5,202.5,201.6,202,2574,36813
590904,202,202.1,201.4,202,1721,36957
590908,202,202.4,201.4,201.4,2477,37117
590909,201.4,201.4,200.6,200.6,3046,37975
590910,200.6,201.4,200.5,200.6,3722,38340
590911,201.1,201.2,200.6,200.6,2012,38295
590914,201,201.1,200.5,200.7,1902,38822
590915,201,201.4,200.7,201,1266,39264
590916,201.3,201.3,200,200,1480,39726
590917,199.7,200,199.3,199.7,3791,40412
590918,199.6,200.2,199.6,200.1,3903,40694
590921,200.2,200.4,199.6,200.1,2064,40866
590922,200,200.2,198.4,198.5,1467,41159
590923,198.5,199.5,198.4,199.3,4863,41315
590924,199.5,199.5,199.1,199.5,2817,41394
590925,199.5,199.5,198.7,199,971,41514
590928,199,199.2,198.6,199.2,1536,41531
590929,199.4,200.1,199.3,199.6,1022,41556
590930,199.7,201.1,199.7,200.7,2056,41981
591001,200.4,201.2,200.1,200.4,2604,42029
591002,200.3,201,200.2,200.6,1636,42048
591005,200.7,201.1,200.2,200.2,1259,42804
591006,200.2,201.1,200.2,200.7,964,42081
591007,201.3,201.3,200.6,201.2,883,42282
591008,201.2,201.4,201,201.1,869,42365
591009,201.1,201.1,200.5,200.7,974,42324
591012,200.7,201.3,200.6,201.3,752,42323
591013,201.3,201.3,201.2,201.3,913,42296
591014,201.2,201.5,201.1,201.1,1664,41911
591015,201,201.2,200.5,201,1432,42082
591016,201,202,201,201.7,2169,41895
591019,201.7,202,201.6,201.6,2549,42075
591020,201.5,203,201.5,202.3,1542,41954
591021,202.7,204.2,202.7,204.2,2866,42401
591022,204.2,204.4,203.6,204.3,3674,41341
591023,204.4,204.7,204.1,204.5,3210,41162
591026,205,205.3,204.3,204.3,3422,40599
591027,204,204.6,204,204.4,4462,40842
591028,204.4,205.2,204.3,205.2,2194,40578
591029,205.2,205.4,203.5,203.6,2482,40605
591030,203.5,204.3,203.3,204.1,2590,40475
591102,204.4,204.7,204.2,204.5,2106,40536
591103,204.5,204.6,204.2,204.2,1725,40176
591104,204.2,204.4,203.4,203.7,1733,40148
591105,203.6,204.2,203.2,203.2,2524,39729
591106,203.3,203.7,203.3,203.6,2498,39479
591109,204.2,205.4,204.2,205,1483,39125
591110,205.2,206.2,204.7,205.7,3992,39430
591111,206,206.2,205.2,205.2,3904,39123
591112,205.4,205.5,204.7,205.4,2164,39066
591113,205.6,206.5,205.4,206.4,1871,39088
591116,206.5,206.6,205.5,205.6,3774,38730
591117,205.5,205.7,205,205,2402,38845
591118,205,205.2,204.3,204.7,2596,39011
591119,205,205.2,204,204.1,2506,39479
591120,203.1,203.4,202,203,4082,39398
591123,202.7,203.4,202.5,202.6,5290,39143
591124,202.7,203.7,202.7,203.5,3167,39473
591125,204,204.4,203.4,203.6,3055,39980
591127,203.7,204,203,203.2,2931,40544
591130,203.2,204.1,203.1,203.2,2265,40634
591201,203.2,203.4,202.7,203.2,6383,40751
591202,203.4,204,203.2,203.6,4061,41250
591203,203.7,203.7,202.6,203.1,4848,41991
591204,202.6,203.2,202.2,203,6472,41926
591207,202.7,202.7,202.3,202.6,5720,40709
591208,202.5,202.5,201.5,201.7,2139,40468
591209,201.7,202,200.4,201.6,4646,39637
591210,202,202.3,201.6,201.6,2331,39193
591211,202,202,201,201.2,2210,39127
591214,201.2,201.7,201.1,201.6,3903,39250
591215,201.7,202.4,201.7,202.4,1780,38780
591216,202.4,202.5,202.2,202.3,2173,38791
591217,202,202,200.3,200.6,1393,38741
591218,200.3,201.3,200.3,201.2,4148,37523
591221,201.7,201.7,201.1,201.4,1613,37195
591222,201.2,201.4,200.6,201.3,2397,36971
591223,201.2,203,200.7,202.5,2175,36588
591224,202.4,203.2,202.1,203.1,2903,36317
591228,203,203.4,202.6,203.3,1458,36359
591229,203.3,203.7,203.2,203.6,1175,36554
591230,203.5,204.3,203.5,204.1,2363,36457
591231,204.1,204.4,203.5,204.2,3929,35383
600104,204.4,205.1,204.4,204.7,3315,35090
600105,204.6,204.6,203.6,203.7,3588,34209
600106,203.5,204.2,203.1,203.7,3731,33727
600107,204.1,204.2,203.2,203.4,4003,32957
600108,203.5,204.2,203.3,204.2,3074,32340
600111,204.4,204.7,204.3,204.5,2348,31816
600112,204.3,204.4,203.6,204.3,3278,31978
600113,204.1,204.2,203.3,203.4,2553,31175
600114,203,203,202.1,202.3,2528,30980
600115,202.1,202.6,201.5,202.6,5655,30436
600118,202.5,202.6,202.3,202.6,2768,30362
600119,202.6,202.6,201.7,202.1,1638,30190
600120,202.2,202.2,201.3,201.6,2013,30568
600121,201.5,202.3,201.2,202.2,2388,30424
600122,202.4,202.6,201.7,202.2,2307,30477
600125,201.6,202.5,201.3,202.3,2649,30494
600126,202.2,203.2,202.1,203.1,2389,30025
600127,202.7,203.4,202,202.1,3024,29665
600128,202.1,202.2,201.6,202,2963,29295
600129,202,202.1,200.3,200.5,1780,29189
600201,200.6,200.6,199,199.5,1495,28829
600202,199.3,200,199,199.1,6065,26703
600203,199.1,199.4,198,199.1,3431,26281
600204,197.5,198.5,197.1,198.4,4851,25239
600205,198.5,199,198.2,198.6,5159,23848
600208,198.4,198.7,198,198.5,2328,23646
600209,198.4,199.1,198.3,199,2078,23361
600210,199,199.1,198.2,198.2,1503,23926
600211,198.2,199.1,198.2,199.1,1421,23081
600212,199.3,200.3,199,200.1,3332,21831
600215,200.4,201.2,199.5,199.5,2751,21193
600216,199.6,200.2,199.3,200.2,2347,20737
600217,200.1,200.1,199.6,199.7,2370,19885
600218,199.6,199.7,199.2,199.5,1160,19591
600219,200,200.3,199.6,199.7,1441,19178
600223,199.7,199.7,199.4,199.5,1049,18858
600224,199.5,199.7,199.1,199.2,1045,18476
600225,199.1,199.1,197.3,197.6,2185,17778
600226,197.5,197.5,196.7,197.2,6089,14843
600229,197.4,198.4,197.4,197.6,5151,12132
600301,197.7,198.6,197.4,197.5,2998,10634
600302,197.4,198,197.3,197.5,3817,8562
600303,197.6,198.3,197.5,198.2,2468,6777
600304,198.2,198.2,197.4,197.5,1652,5619
600307,198.1,199.2,198.1,199.2,1927,4503
600308,199.1,200.3,199.1,200.3,1609,3679
600309,200,200.2,199.6,200.1,1485,3456
600310,200,200.1,197.6,198.2,329,3257
600311,198,199.5,198,199.3,2752,2719
600314,199.6,202.3,199.6,202.1,1216,1542
600315,202.6,203.2,202.4,203,1523,1526
600316,202.7,204.1,202.6,203.2,980,1508
600317,203.6,204.4,203,203.1,756,1403
600318,203,203.2,202.5,203,299,1093
600321,203,204.3,202.7,204.1,256,979
600322,204.4,206.6,204.4,206,478,926
