590701,183,183.3,182.5,182.6,142,2853
590702,183,183.2,183,183,217,2943
590706,182.6,183.1,182.6,183,86,3016
590707,183.1,183.4,183,183.3,26,3027
590708,183.3,183.3,182.6,182.6,165,3182
590709,182.4,182.4,181.6,181.6,210,3252
590710,181.6,182.1,181,181,222,3361
590713,182,182,181,181.1,304,3514
590714,181.4,181.7,180.6,180.6,172,3622
590715,181.2,181.2,181,181,53,3645
590716,180.6,180.6,180.4,180.4,15,3650
590717,180.2,180.3,179.6,179.6,35,3655
590720,179.7,180.2,179.7,180.1,195,3702
590721,180.4,180.6,180,180,55,3719
590722,180.2,180.4,180.1,180.4,165,3739
590723,180.6,180.6,180,180,76,3779
590724,180.3,181.4,180.3,181.4,280,3899
590727,182.1,182.2,181.7,182,225,3907
590728,182.2,182.2,181.4,181.4,198,4018
590729,181.4,181.4,181.2,181.4,110,4083
590730,181.4,182,181.4,181.6,62,4140
590731,182.1,182.3,182,182.2,215,4205
590803,182.4,182.7,182,182.5,193,4308
590804,183.2,183.4,183,183.2,427,4360
590805,183.1,183.2,182.6,182.6,331,4483
590806,182.5,183.5,182.4,183.2,81,4530
590807,183.1,183.5,183.1,183.4,201,4561
590810,183.6,184.2,183.4,184,106,4604
590811,184,184,183.3,183.7,270,4609
590812,184.2,184.3,183.6,183.6,207,4638
590813,183.6,183.7,183.1,183.4,318,4722
590814,183.4,183.7,183.4,183.6,504,4979
590817,183.6,184.1,183.6,184,175,5081
590818,183.7,183.7,183.2,183.2,48,5073
590819,183.4,183.7,183.1,183.6,581,5117
590820,183.5,183.5,183,183.2,252,5175
590821,183.2,183.5,183.2,183.2,108,5170
590824,184,184.2,183.4,184,136,5150
590825,184,184.5,183.7,184,240,5283
590826,184,184,183.6,183.6,122,5340
590827,183.6,183.6,183.5,183.6,90,5378
590828,183.5,184,183.5,183.7,69,5403
590831,184,184.3,183.5,183.6,35,5419
590901,183.7,184.3,183.7,184.1,151,5526
590902,184,184.4,183.7,184.4,508,5517
590903,184.6,184.6,184.1,184.2,105,5502
590904,184.2,184.4,184,184.3,617,5554
590908,184.4,184.7,184.4,184.4,147,5516
590909,184.3,184.4,183.7,184,127,5530
590910,184.2,184.3,184,184,173,5588
590911,184.3,184.4,184.2,184.2,171,5643
590914,184.4,185,184.4,184.7,56,5648
590915,185,185.2,184.6,184.6,247,5656
590916,185,185,184,184.1,138,5709
590917,184.1,184.3,184,184,111,5734
590918,184.2,184.2,184,184.1,170,5749
590921,184,184.3,183.5,183.6,115,5774
590922,183.6,183.6,183,183.2,218,5843
590923,183,183.5,183,183.5,207,5871
590924,183.5,183.6,183.4,183.5,117,5883
590925,183.2,183.3,182.5,182.5,113,5875
590928,182.6,183,182.6,183,361,5969
590929,183.2,183.4,183.2,183.2,67,5970
590930,183.3,183.5,183.2,183.2,181,6019
591001,183.1,183.4,182.6,183,638,6257
591002,182.7,183.3,182.6,183.1,399,6311
591005,183.1,183.6,182.7,182.7,109,6340
591006,183.1,183.3,182.7,183.2,225,6365
591007,183.3,183.5,183.3,183.5,107,6382
591008,183.5,183.5,183.4,183.4,142,6354
591009,183.3,183.3,183.1,183.2,33,6368
591012,183.6,183.6,183.6,183.6,99,6295
591013,183.7,184,183.5,183.6,0,6295
591014,183.6,183.6,183.4,183.4,116,6292
591015,183.2,183.5,183.2,183.5,6,6287
591016,183.6,184.1,183.6,184,25,6262
591019,183.6,184,183.6,183.7,39,6272
591020,184,184.4,184,184.3,86,6251
591021,184.4,184.5,184.2,184.4,176,6304
591022,184.5,184.5,184.2,184.3,213,6373
591023,184.4,184.4,183.6,184,79,6442
591026,184.1,184.3,183.6,183.6,471,6519
591027,184,184.1,184,184.1,317,6585
591028,184,184.2,183.6,184.2,84,6627
591029,184.1,184.1,183.4,183.4,467,6893
591030,183.4,183.4,183.1,183.4,190,6898
591102,183.4,183.6,183,183.2,261,7012
591103,183.1,183.2,182.5,182.5,432,7040
591104,182.7,183,182,182,373,7142
591105,181.3,181.7,181.1,181.3,452,7264
591106,181.5,181.7,181.4,181.5,1262,7481
591109,182.2,182.4,182,182.3,92,7512
591110,182.4,182.6,182.3,182.4,438,7596
591111,182.6,182.6,182,182.1,725,7400
591112,182.4,182.6,182.3,182.5,248,7482
591113,182.7,183.1,182.3,182.7,84,7489
591116,182.6,182.7,181.6,182,395,7464
591117,181.7,182.3,181.6,182,400,7551
591118,182,182.5,182,182.5,254,7533
591119,182.5,182.7,182.1,182.2,76,7587
591120,182.7,182.7,182,182.2,338,7585
591123,182.4,182.7,182.2,182.2,453,7544
591124,182.4,183,182.3,182.6,426,7489
591125,182.6,183.1,182.6,183,344,7491
591127,183.1,183.1,182.4,182.6,125,7528
591130,183,183.2,182.7,183.2,195,7617
591201,183.4,184,183.3,183.6,469,7489
591202,183.6,184,183.3,183.6,449,7647
591203,184,184.4,183.6,184.3,435,7755
591204,184.1,184.2,184,184.1,646,7920
591207,184.1,184.1,183.5,184,1245,7628
591208,183.6,183.7,183.2,183.3,719,7513
591209,183.3,183.4,183.3,183.4,1158,7376
591210,183.3,183.6,183.1,183.1,128,7383
591211,183.1,183.3,183.1,183.3,368,7437
591214,183.1,183.3,183,183.2,394,7224
591215,183.2,184,183.2,183.7,397,7364
591216,184,184.1,183.6,183.7,480,7283
591217,183.4,183.6,183.1,183.2,322,7151
591218,183.1,183.4,182.7,183.4,319,7223
591221,183.3,183.6,183.1,183.4,569,7066
591222,183.1,183.5,183,183.4,260,7072
591223,183.4,184.2,183.1,184.1,206,7082
591224,184,184.1,183.7,184,300,7233
591228,184.2,184.2,183.4,183.7,115,7273
591229,183.6,184,183.3,183.4,252,7311
591230,183.3,183.6,183.1,183.1,238,7433
591231,182.5,183,182.4,183,778,7452
600104,182.6,183,182.4,182.7,540,7652
600105,183.1,183.2,182.6,183,1409,7378
600106,182.5,183.7,182.5,183.5,785,7647
600107,183.5,183.6,183.2,183.4,976,7995
600108,183.5,183.6,183.3,183.6,477,8202
600111,184,184.1,183.6,183.6,612,8477
600112,183.6,183.6,183.2,183.5,678,8925
600113,183.5,184,183.3,183.6,374,9092
600114,183.4,184.2,183.2,183.4,340,9152
600115,183.4,184.2,183.3,184.1,831,9318
600118,184.1,184.1,183.6,183.7,740,9367
600119,183.7,184.1,183.5,183.5,331,9386
600120,183.7,184,183.5,184,397,9352
600121,183.7,184,183.5,183.7,432,9457
600122,184,184.5,183.7,184.5,551,9613
600125,184.1,185,184.1,185,729,9547
600126,184.7,184.7,184.5,184.6,586,9587
600127,184.4,184.5,184.2,184.2,583,9623
600128,184.2,184.3,184.2,184.2,427,9675
600129,184.3,184.4,184.1,184.2,276,9691
600201,184.5,184.6,184,184.4,504,9616
600202,184.1,184.5,184.1,184.4,889,9731
600203,184.5,185.2,184.4,184.6,486,9686
600204,184.6,185,184.1,184.5,1555,9889
600205,184.4,185,184.3,184.3,1449,9802
600208,184.2,185,184.2,184.7,914,9605
600209,184.7,185.3,184.3,185,472,9664
600210,185,185.4,185,185.2,904,9808
600211,185,186.2,185,186.2,667,9893
600212,186.2,186.6,185.5,185.7,1053,9812
600215,185.6,185.6,185.1,185.3,1415,9645
600216,185.1,185.2,184.5,184.5,941,9523
600217,184.6,184.7,184.4,184.5,683,9439
600218,184.4,185,184.3,184.7,373,9517
600219,185,185.4,185,185.2,345,9559
600223,184.6,185.2,184.4,185,559,9813
600224,184.5,185.2,184.5,184.6,1207,10068
600225,184.6,185,184.2,184.3,893,10300
600226,184.1,184.6,184,184.2,932,10342
600229,184,184.2,183.5,184.1,1070,10340
600301,184,184.1,183.1,183.5,2076,10589
600302,183.5,184,183.2,183.4,2125,10883
600303,183.2,184.2,183.2,183.7,836,10952
600304,184,184,183.3,183.3,1015,10868
600307,183.6,184.2,183.6,184.1,532,10940
600308,184.2,184.4,184.1,184.2,853,11128
600309,184.3,184.3,183.7,184,1896,11396
600310,184,184.5,183.6,184.4,787,11514
600311,184.2,184.4,184,184,1403,11809
600314,184.2,184.5,184,184.4,1017,12034
600315,184.4,184.4,183.7,184.2,1888,12665
600316,184.3,184.5,184.2,184.2,2786,13408
600317,184.3,184.4,184,184.2,2053,14006
600318,184.1,184.3,183.5,183.6,2359,14221
600321,183.6,183.7,183.4,183.6,1424,14831
600322,184.1,184.3,183.7,184.1,1364,14891
600323,184,184.2,183.4,184,1674,15155
600324,184.1,184.5,184.1,184.3,3223,15253
600325,184.1,184.4,184,184.2,1878,15395
600328,184.2,184.3,183.6,183.7,1487,15537
600329,183.6,184,183.4,183.5,1488,15616
600330,183.5,184,183.4,183.6,1161,15921
600331,183.7,184.2,183.6,184.1,1571,16280
600401,184.1,185,184.1,184.7,1968,16367
600404,185.1,185.4,184.7,185.1,1479,16631
600405,185.1,185.2,184.2,184.2,1582,16818
600406,184.5,184.7,184.4,184.7,1653,17133
600407,184.6,184.7,184.2,184.3,1427,17362
600408,184.2,184.4,184,184.2,1629,17618
600411,184.4,185.1,184.3,184.3,1842,17555
600412,184,184.6,184,184.1,1625,17713
600413,184.2,184.5,183.6,183.6,1813,17919
600414,183.7,184.1,183.4,183.6,1897,18486
600418,184.2,184.4,183.7,184.2,1590,18841
600419,184.2,184.5,184.2,184.3,1093,19078
600420,184.4,184.5,184,184.2,1336,19552
600421,184.2,184.4,184.2,184.3,1002,19596
600422,184.2,184.4,184.2,184.4,1047,19681
600425,184.3,184.6,184,184.1,1229,19707
600426,183.7,184.2,183.7,184.1,1341,19876
600427,184.2,184.4,184.1,184.4,1009,20061
600428,184.6,185.1,184.3,184.4,2061,19966
600429,184.5,185.1,184.4,185,1621,19937
600502,185.1,185.4,184.6,184.6,1491,20039
600503,184.5,185.4,184.5,185.2,1613,20140
600504,185.6,186,185.3,185.5,1914,20212
600505,185.7,186,185.4,185.6,3097,20314
600506,186,186.1,185.2,185.3,3073,20489
600509,185.3,185.5,185.2,185.5,2723,20595
600510,185.3,185.7,185.3,185.4,1378,20346
600511,185.3,185.5,185.1,185.1,1618,20707
600512,185.1,185.2,184.5,185.1,1850,20365
600513,185,185.4,184.6,185,2065,20383
600516,185.1,186.6,184.7,185.4,2313,20283
600517,185.6,186.4,185.2,185.6,5423,19142
600518,185.7,186.1,185.4,185.6,5238,18779
600519,185.6,186,185.4,185.6,4138,18629
600520,185.6,186.2,185.1,186,3142,18173
600523,185.7,186.2,185.1,186,4100,19004
600524,185.6,185.6,185,185,3591,19481
600525,185,185.3,184.6,184.6,2164,19639
600526,184.5,184.6,184.4,184.5,2424,19746
600527,184.4,184.7,184.4,184.5,1174,19975
600531,184.6,185,184.4,184.5,1514,19968
600601,184.5,184.7,184.3,184.6,1645,20080
600602,184.6,184.6,184.4,184.5,1241,20303
600603,184.6,185.2,184.5,185,980,20108
600606,184.7,184.7,184.3,184.3,1583,19790
600607,184.3,184.4,184.1,184.2,1389,19526
600608,184.2,184.6,184.2,184.6,1374,19333
600609,184.6,185.4,184.5,185.2,1601,19127
600610,185.1,185.4,185,185,2215,18844
600613,184.6,185,184.4,184.4,2522,18076
600614,184.4,184.6,184,184.1,1614,18146
600615,184.1,184.2,183.7,184.2,1773,17899
600616,184.2,184.4,184.1,184.2,1729,17522
600617,184.1,184.1,183.4,183.5,829,17472
600620,183.4,183.4,182.5,182.5,3401,16546
600621,182.5,182.7,182.4,182.5,3729,15550
600622,182.4,182.6,182.1,182.1,1899,15463
600623,182.1,182.4,182,182.1,2186,15723
600624,182.1,182.1,181.6,181.7,1733,15457
600627,181.7,182.6,181.6,182.3,1436,15035
600628,182,182.3,182,182.3,1734,15074
600629,182,182.4,182,182.4,1553,14996
600630,182.3,183.6,182.3,183.4,2174,14544
600701,183.5,184.2,183.4,183.5,3390,13664
600705,183.6,184.4,183.3,184,2570,13122
600706,183.5,184,183,183.4,2192,12380
600707,183.3,183.3,182.4,182.4,3111,11568
600708,182.2,182.7,182,182.1,3296,10833
600711,182.2,182.5,182,182,3252,9755
600712,182.1,183.1,182.1,182.3,1276,9258
600713,182.6,183.3,182.5,182.5,1510,8931
600714,182.7,183.2,182.5,182.5,1369,8640
600715,182.6,182.7,182,182,1423,8263
600718,181.5,181.6,181.1,181.1,1824,7798
600719,180.7,180.7,180,180,2857,6448
600720,180,181.2,180,180,4194,4596
