600401,194.3,195.1,194.3,195.1,0,0
600404,195.4,195.4,195.2,195.2,300,300
600405,195,195,195,195,70,360
600406,195,195,194.6,194.6,20,380
600407,194.4,194.4,194.3,194.4,51,431
600408,194.5,194.5,194.3,194.3,31,457
600411,194.6,194.6,194.6,194.6,15,462
600412,194.4,195.3,194.2,195,0,462
600413,194.6,195.2,194.4,194.5,148,563
600414,194.4,195,194.4,194.6,246,659
600418,194.5,195.1,194.5,195,116,670
600419,195,195,195,195,10,675
600420,194.6,195.1,194.6,195.1,35,665
600421,195.1,195.1,195,195,342,995
600422,194.7,195,194.7,195,55,1005
600425,195,195,194.6,194.6,11,1011
600426,194.6,194.7,194.5,194.6,27,1032
600427,194.7,195.1,194.7,195.1,220,1187
600428,195.5,196,195.4,195.4,85,1242
600429,195.3,196,195.3,196,436,1428
600502,196.1,196.3,196,196,46,1433
600503,196,196.5,196,196.4,138,1413
600504,196.6,196.7,196.5,196.5,115,1432
600505,196.7,197.2,196.5,197,208,1497
600506,197,197,196.5,196.7,181,1572
600509,196.6,196.6,196.4,196.6,147,1629
600510,196.5,196.6,196.2,196.2,149,1667
600511,196.2,196.3,196,196,182,1728
600512,196,196.2,195.7,196.1,166,1797
600513,196.3,196.6,196,196,514,1868
600516,196.2,197.5,196.2,196.6,186,2009
600517,196.5,197.4,196.4,196.7,293,2059
600518,196.5,197.1,196.5,197.1,320,2213
600519,197,197.5,196.7,197.5,299,2149
600520,197.5,197.5,196.5,197.4,208,2255
600523,197.4,197.6,197,197.6,604,2508
600524,197.2,197.2,196.6,196.7,483,2714
600525,196.6,197,196.4,196.4,347,2863
600526,196.4,196.4,196.4,196.4,400,3156
600527,196.4,196.5,196.2,196.4,185,3257
600531,197,197,196.3,196.3,309,3474
600601,196.3,196.4,196.2,196.4,240,3584
600602,196.4,196.4,196.2,196.2,199,3730
600603,196.4,196.7,196.3,196.7,315,3825
600606,196.7,196.7,196.3,196.4,271,3876
600607,196.4,196.6,196.2,196.4,532,4052
600608,196.4,197,196.3,197,267,4163
600609,197,197.3,196.6,197.2,205,4293
600610,197.1,197.4,197.1,197.3,459,4300
600613,197,197.3,196.7,197.1,486,4414
600614,196.7,197,196.4,196.6,1057,5037
600615,196.5,196.7,196.4,196.7,808,5423
600616,197,197.1,196.5,196.7,791,5845
600617,197,197,196.4,196.5,525,5965
600620,196.4,196.4,195.7,195.7,470,6245
600621,195.7,196,195.5,195.5,1111,6948
600622,195.5,195.6,195.2,195.2,998,7435
600623,195.2,195.5,195.1,195.2,812,7764
600624,195.2,195.3,195,195,558,8082
600627,195.1,195.5,195.1,195.3,917,8694
600628,195.3,195.4,195.1,195.2,917,8786
600629,195.2,195.3,195,195.3,485,9071
600630,195.3,196.2,195.2,196,921,9522
600701,196.2,196.5,196,196.2,2170,10626
600705,196.1,197,196,196.6,1054,10774
600706,196.6,196.7,196.2,196.6,1069,11055
600707,196.4,196.4,196,196.1,998,11517
600708,196,196.2,195.4,195.5,1140,12149
600711,195.5,196.2,195.5,195.6,1410,12996
600712,195.6,196.7,195.6,196.3,1308,13369
600713,196.2,196.7,196.2,196.5,1488,13943
600714,196.4,196.7,196.3,196.5,769,14210
600715,196.4,196.4,195.5,195.5,1417,14756
600718,195.6,195.6,195,195,2687,16191
600719,195.1,195.1,194.4,194.4,3328,18223
600720,194.4,195.6,194.4,194.4,3158,19784
600721,195.2,195.4,195,195.1,2048,20708
600722,195.2,195.5,194.6,195,1729,21305
600725,195,195,194.4,194.4,3758,23510
600726,194.5,195.2,194.4,194.6,1879,24498
600727,194.6,195.2,194.6,195.1,1788,25064
600728,195.1,195.3,194.6,194.6,1205,25512
600729,194.6,195.2,194.5,194.6,1476,26357
600801,195.1,196.1,195.1,196,1593,27164
600802,196,196.1,195.6,195.7,4327,28341
600803,196.1,196.4,196.1,196.2,2108,28855
600804,196.5,197.2,196.4,197.1,1572,29141
600805,197.3,197.5,197,197.3,2772,29339
600808,197.2,197.3,197,197.2,2069,29663
600809,197.4,197.4,196.5,196.5,1385,30201
600810,196.6,196.7,196.2,196.5,1820,30669
600811,197,197.1,196.2,196.5,1827,30847
600812,196.6,197.2,196.5,196.7,2061,31359
600815,197,197.1,196.5,196.6,842,31345
600816,196.4,196.7,196.4,196.5,915,31749
600817,196.5,196.7,196.3,196.6,954,32091
600818,196.7,197.2,196.7,197,2397,32661
600819,197.2,197.4,197,197.4,1256,32906
600822,197.5,198,197.5,197.7,1326,32887
600823,197.7,197.7,197.4,197.4,1200,33270
600824,197.4,197.7,197.4,197.5,992,33536
600825,197.4,197.5,197.3,197.4,1356,33634
600826,197.4,198,197.4,198,1319,34330
600829,198,198.3,197.6,197.6,1559,34569
600830,197.5,197.5,196.6,196.7,970,34666
600831,196.6,197,196.4,196.4,2196,35439
600901,196.6,197.5,196.5,197.2,2618,36227
600902,197.2,197.6,197,197,1902,36662
600906,197,197.6,197,197.2,2063,37142
600907,197.1,197.2,197,197.1,725,37222
600908,197.1,197.5,197.1,197.4,955,37402
600909,197.6,198.1,197.6,198.1,883,37191
600912,197.5,197.7,197.5,197.6,1286,36980
600913,197.6,198.3,197.6,198.2,497,37042
600914,198.3,198.4,198.1,198.2,1057,37037
600915,198.1,198.5,198.1,198.3,892,36947
600916,198.3,198.4,198.1,198.1,1070,36874
600919,198.3,198.3,197.5,197.5,727,36961
600920,197.5,197.7,197.4,197.6,600,36985
600921,198,198.3,198,198.2,995,37368
600922,198.4,198.5,197.7,198,837,37533
600923,198.1,198.2,197.7,198,947,37936
600926,198,198.7,197.7,198.5,1192,37988
600927,198.7,199.2,198.6,199.1,1454,37931
600928,199,199.4,198.7,199.3,1415,38079
600929,199.3,199.4,198.5,199.4,990,37928
600930,199.4,199.4,199.1,199.1,1868,37572
601003,199.2,199.4,199.1,199.3,843,37613
601004,199.3,200.2,199.3,200.2,859,37953
601005,200.1,200.3,199.7,200,2307,37645
601006,200,200,199.6,199.7,1545,37838
601007,200,200.3,199.7,200.1,497,37889
601010,200.1,200.1,199.3,199.4,986,37934
601011,199.4,200.1,199.4,200.1,1241,37919
601012,200,200.5,200,200.4,2033,37419
601013,200.3,200.7,200.2,200.6,2795,36608
601014,200.4,200.5,200.1,200.2,2217,36360
601017,200.1,200.4,200,200.1,1680,36442
601018,200.1,200.2,199.5,199.6,1211,36437
601019,199.4,200.6,199.4,200.3,2106,36516
601020,200.4,201.2,200.4,200.7,2294,36071
601021,201,201.6,200.4,200.4,1842,35655
601024,201.6,202.1,201.4,201.6,2845,35095
601025,201.6,201.7,201.3,201.4,1820,34661
601026,201.4,202.2,201.3,202.1,1672,34903
601027,202.2,202.4,202.1,202.3,2445,34609
601028,202.3,202.6,202,202.6,1126,34255
601031,202.6,203.3,202.6,203.2,1494,34223
601101,203.3,204,203.3,203.5,1490,33911
601102,203.5,204.1,203.4,204,2197,33575
601103,204.2,205.2,204.2,205,2518,33267
601104,204.7,205.1,203.5,204.1,3623,33096
601107,204.2,204.5,204,204.3,3681,33095
601109,204.6,205.2,203.6,204.5,2730,33304
601110,204.3,204.3,202.6,203.1,3033,33027
601111,203.3,204.2,203.3,203.4,5112,31903
601114,204,204.1,202.4,203.6,2673,31727
601115,204,204.2,203,203.2,3031,31141
601116,202.7,203.2,202.5,202.7,4296,31592
601117,202.6,203,201.6,202.4,2827,31228
601118,202.4,203.2,202.1,203,4502,31643
601121,203,203.5,202.7,203,3054,31597
601122,203.3,204.1,203.3,204,2297,31736
601123,204.2,205.7,204.1,205.6,3315,31437
601125,205.7,206,205,205.2,3806,31302
601128,205.2,205.3,204.3,204.5,2547,31755
601129,204.4,205.1,204.2,205.1,2134,31857
601130,205.1,205.7,204.4,205.6,3407,31866
601201,205.6,206.2,204.6,204.7,4074,31932
601202,204.5,205.2,204.4,204.6,4760,31904
601205,204.5,205.2,204.5,205.1,2835,31971
601206,205.3,205.3,204.6,205,2707,31423
601207,204.5,205.5,204.5,205.5,3055,31169
601208,205.5,206.4,205.4,206.1,3520,31068
601209,205.6,206.7,205.6,206.6,5206,31666
601212,206.6,207,206.3,206.6,4056,31758
601213,206.4,206.5,205.2,205.3,2501,31641
601214,205.2,206.1,205.2,205.7,3304,31647
601215,205.7,206.4,205.3,205.6,3122,31321
601216,205.5,206.1,205.5,205.7,2724,30657
601219,205.4,206.1,205.1,205.2,1948,30336
601220,205,206.3,204.7,206.3,3005,30950
601221,206.3,207.6,206.3,207.5,5935,30580
601222,207.3,208,207.2,207.7,5109,30803
601223,207.7,208.6,207.4,208.1,1763,30939
601227,208.1,208.1,207,207,3519,30547
601228,207.1,208,207.1,207.7,2814,30236
601229,208,208.6,208,208.3,2458,30169
601230,208.2,208.6,208.1,208.5,2136,30017
610103,208.7,209.3,208.1,208.4,2423,29710
610104,209.2,211,208.6,209.7,5561,28107
610105,209.7,210.6,209.2,210.5,6635,26071
610106,210.6,212.2,210.6,212.2,4009,25002
610109,212,213.1,210.1,210.7,5168,23343
610110,210.5,211.5,210.3,210.6,3884,22605
610111,210.4,210.6,209.5,209.5,2530,22331
610112,209.5,209.5,208.4,208.7,2937,21664
610113,209.1,210,209,209.6,3479,21139
610116,209.7,211,209.4,210.5,1816,21228
610117,210.6,211.5,210.2,211.2,2191,20729
610118,211.2,211.2,210.2,210.6,2970,20148
610119,210.2,211.4,210.2,211.1,2940,20068
610120,211.2,211.2,210.4,211,1988,19807
610123,211.1,211.7,211.1,211.7,1329,19723
610124,212,212.6,212,212.5,2290,19592
610125,213.2,214.4,212.7,213.7,1576,19276
610126,214.2,215,213.4,214.5,2727,18349
610127,215.2,215.4,214.5,215.1,2254,18189
610130,215.2,215.6,214.6,215.3,1928,17519
610131,215.1,215.1,213.2,213.2,1900,17000
610201,213.2,214.2,213.2,214.1,1913,16698
610202,214.3,215.2,214.2,214.4,1505,16501
610203,214.7,215.1,213.7,214.1,1881,15857
610206,214.1,214.5,213.1,213.6,1644,14912
610207,213.2,213.2,210.5,211.3,2144,13912
610208,211,211,209.5,210.7,2326,13423
610209,211.2,211.2,210.4,211,2559,12706
610210,211,211.3,210.2,210.4,1585,11895
610213,209,209.7,207.7,209,905,11516
610214,209,209.3,208.2,208.6,2385,11188
610215,208.6,210.2,208.4,210.2,1575,10436
610216,210.5,211.4,209.6,211.4,1623,10390
610217,210.6,211.3,209.7,210.4,1067,10144
610220,209.4,211.3,209.4,211.3,856,10020
610221,211,212.2,210.4,212.1,775,9991
610223,212.2,212.2,210.7,212,849,9810
610224,211.4,211.4,209.2,210.2,1100,9452
610227,209.2,211,209.2,209.6,1991,8497
610228,210.3,211,209.6,210.4,1353,7860
610301,210,211,209.4,209.4,1982,6768
610302,210,210.6,208.5,209.7,763,6513
610303,210.7,210.7,209.2,210,466,6372
610306,210,210.4,208.5,208.5,265,6247
610307,208.2,208.4,207.2,207.6,682,5931
610308,208.1,208.6,208,208.6,1335,5243
610309,208.4,209.4,208.2,208.4,406,5369
610310,207.6,209.4,207.6,207.7,198,5244
610313,209,209,208.3,208.4,421,5028
610314,208.5,209,208.5,208.7,234,4895
610315,208.7,208.7,208.1,208.4,233,4782
610316,208.7,208.7,208.2,208.3,543,4528
610317,208.7,208.7,206.5,207.3,457,4223
610320,207.2,207.2,206.4,206.7,821,3657
610321,207,207.3,203.6,205,1700,2345
