600801,182.4,187.7,182.4,184.6,0,0
600802,188.2,188.4,186.6,187.6,86,81
600803,188.4,188.7,188.4,188.7,233,131
600804,189.2,189.4,189,189.1,118,232
600805,189.7,189.7,188.6,189.1,31,244
600808,189,189.1,188.2,188.2,300,409
600809,188.1,188.2,187.4,187.6,86,419
600810,187.4,187.7,187.1,187.7,139,516
600811,188.1,188.3,187.4,187.6,70,526
600812,187.4,188,187.4,187.4,169,547
600815,187.4,187.5,187.1,187.1,116,563
600816,187.1,187.1,187,187.1,91,603
600817,187.2,187.7,187.1,187.6,40,632
600818,187.7,187.7,187.7,187.7,104,684
600819,188.1,188.4,188,188.2,47,705
600822,188.5,188.7,188.4,188.5,165,761
600823,188.6,189,188.2,188.2,96,806
600824,188.7,189.1,188.6,188.6,83,837
600825,188.4,188.4,188.2,188.2,103,864
600826,187.7,187.7,187.5,187.6,5,864
600829,187.6,188,187,187.1,231,1000
600830,187.2,187.4,186.6,186.6,104,1069
600831,186.6,186.7,186,186,274,1180
600901,185.7,186.6,185.6,186,251,1240
600902,186,186,184.6,185,79,1252
600906,185,186,184.7,186,202,1316
600907,186.3,186.3,185.5,185.5,209,1373
600908,185.7,186.4,185.7,186.2,261,1462
600909,186.4,186.6,186.4,186.5,104,1484
600912,186.3,186.3,186.1,186.1,46,1508
600913,186.1,186.7,186.1,186.6,80,1528
600914,187,187,186.3,186.3,24,1534
600915,186.6,187,186.4,186.4,115,1559
600916,186.5,186.6,186.5,186.6,310,1804
600919,186.6,186.6,185.6,185.6,11,1778
600920,185.6,185.7,185.4,185.5,140,1851
600921,186.3,186.3,185.6,185.6,43,1867
600922,185.7,185.7,185.1,185.3,80,1877
600923,185.1,185.2,184.6,184.7,109,1913
600926,185,185.6,185,185.4,225,2027
600927,185.6,186,185.6,185.7,108,1991
600928,185.7,186,185.7,186,58,2018
600929,186.2,186.3,185.4,185.7,90,2040
600930,186.2,186.2,185.5,185.7,115,2060
601003,185.6,186.4,185.5,186.3,35,2035
601004,186.7,187.7,186.4,186.7,325,2240
601005,186.4,186.6,186.4,186.5,206,2356
601006,186.5,186.5,186.2,186.4,50,2376
601007,186.2,186.4,186,186,75,2416
601010,186,186.1,185.4,185.5,204,2435
601011,185.3,186,185.3,186,343,2618
601012,185.7,186,185.6,185.6,201,2603
601013,186.2,186.3,185.4,185.6,125,2702
601014,185.5,185.7,185.4,185.4,152,2744
601017,185.3,185.6,185.2,185.4,150,2695
601018,185.4,186.7,185.3,186.4,129,2731
601019,186.4,186.7,186.3,186.4,940,2820
601020,186.5,188,186.5,187.4,436,2746
601021,187.5,188.2,187.3,188.2,667,2723
601024,188.5,190.2,188.5,189.6,670,2915
601025,189.6,189.6,188.4,189,1440,3260
601026,188.5,189,187.6,188.3,367,3318
601027,188.3,188.5,188,188.1,639,3373
601028,188.2,188.2,188,188.1,322,3394
601031,188.5,188.6,188.3,188.5,427,3516
601101,189.2,189.4,189,189.3,431,3697
601102,189.4,190.3,189.3,190.3,1128,4071
601103,190.6,191.7,190.4,191,1451,4606
601104,190.7,191.2,188.2,189.6,1360,4905
601107,190,190.5,189.5,190,1806,5130
601109,191.2,191.6,188.7,189.1,1367,5414
601110,189.3,189.3,187.1,187.5,2119,5870
601111,187.5,187.7,187.3,187.4,2256,6191
601114,187.5,187.5,186.2,186.4,756,6220
601115,186.6,186.7,186.2,186.3,1149,6297
601116,186.2,186.2,184.6,185,1268,6359
601117,185,185.2,184,184,1662,6801
601118,184,184.4,183.5,184.1,1830,7488
601121,184.6,185.2,184.1,184.7,693,7578
601122,184.6,185.5,184.6,185.4,772,7638
601123,185.6,186,184.6,186,573,7648
601125,186,186.1,185.1,186,990,7953
601128,186.2,186.2,185.4,185.6,1215,8787
601129,185.4,186.4,185.4,186.4,279,8861
601130,186.3,187,186,186,329,8793
601201,186.1,186.4,185.2,185.4,661,8771
601202,185.2,185.4,184.6,185.3,419,8825
601205,185.4,185.6,185.1,185.4,676,8977
601206,185.5,185.5,185,185,136,9022
601207,185,185.4,184.7,185.4,540,9147
601208,185.6,186.2,185.3,186,213,9165
601209,186,186.5,185.7,186.2,899,9522
601212,186,186.5,185.6,186.5,688,9553
601213,186.6,187,185.4,185.5,436,9620
601214,185.4,186.2,185.4,186,1352,9968
601215,186.2,186.3,185.4,185.6,744,10195
601216,186,186,185.5,185.6,690,10500
601219,185.7,185.7,185.1,185.1,1123,11054
601220,185.1,185.6,185,185.5,1017,11596
601221,185.6,186.6,185.6,186.5,741,11725
601222,186.6,186.7,186.1,186.1,1196,11809
601223,186.4,186.4,186,186.1,785,12183
601227,186.1,186.4,185.6,185.6,845,12299
601228,185.7,186.2,185.6,186.1,1211,12854
601229,186.2,186.4,185.6,186,443,13046
601230,186.2,186.3,185.6,186.1,801,13209
610103,186.3,189.6,186.3,189.5,895,13423
610104,190,191.2,189.3,191.2,3373,13673
610105,190.4,190.4,189.4,189.7,4128,13247
610106,189.6,190.7,189.4,190.5,1851,13443
610109,190.5,192.2,190,190.6,2237,13687
610110,190.7,191,190,190.2,2223,13803
610111,190,190.2,189.2,189.4,1124,13977
610112,189.1,189.3,188.4,188.5,1147,13923
610113,188.7,190.4,188.7,190.1,1371,14390
610116,190.6,191.4,190.3,190.7,1718,14095
610117,190.6,190.6,190.1,190.2,1184,14413
610118,190.3,191,190,190.4,926,14795
610119,190,190.6,188.2,189,1155,15011
610120,189.4,189.5,188.6,189.3,1777,15198
610123,189.2,190.7,189.2,190.6,586,15263
610124,191.4,191.6,191.1,191.5,699,15328
610125,191.7,192.3,191.2,191.5,1268,15568
610126,191.7,192.3,191.3,192.2,1664,15577
610127,192.2,193.5,192,192.6,1169,15689
610130,192.7,195.2,192.7,194.7,2090,15724
610131,195.4,195.4,193,193.3,2400,16300
610201,193,194.2,192.4,194.2,2685,17154
610202,194.5,195.5,194.1,194.5,1657,17452
610203,195,195.2,194.6,195,2738,18083
610206,194.5,195.4,194.4,195.3,1144,18206
610207,194.4,194.5,191.6,191.6,2311,18567
610208,191,192.5,191,192.4,5577,20627
610209,192.6,193,191.4,191.6,2093,21226
610210,192,192.7,191.7,192.2,1965,21709
610213,192.2,192.7,191.4,192.3,1619,21858
610214,192.6,193.1,192.2,192.3,1452,21906
610215,192.1,193.2,192.1,193.2,1849,22465
610216,193.6,194,193.2,193.7,1877,22137
610217,193.6,194,192.1,192.3,1757,22010
610220,192.1,192.4,191.3,192.3,1228,22189
610221,192,192.7,191.4,192.6,2199,22211
610223,192.7,193.4,192,193.2,2816,23049
610224,193,195,192.6,194.6,1701,23357
610227,195,199.6,194.5,197.1,4043,22530
610228,197.5,197.5,196.6,197.3,6754,21851
610301,196,196,192.2,193.2,2453,22011
610302,193.3,194.7,193.1,193.4,4004,22507
610303,194,194,193.1,193.6,2283,22817
610306,193.1,194.7,193.1,193.2,1306,22638
610307,193.2,193.5,190.4,191.6,2099,22891
610308,191.6,192.2,191.2,192,3842,22364
610309,191.4,192,190.4,191.2,1612,22395
610310,190.6,191.3,190.2,190.7,2293,22290
610313,190.6,191,190.2,190.4,1826,22360
610314,190.2,191.3,190.2,190.7,1302,22443
610315,190.7,191.3,190.4,190.5,1207,22660
610316,190.4,191.1,190.2,190.3,1356,22447
610317,190.2,190.3,188.5,188.6,1808,22351
610320,188.5,189,188.2,188.5,3290,22406
610321,189,189.7,188.7,189.4,2382,22179
610322,189.7,191,189.7,190.5,3617,22218
610323,190.6,192,190.3,190.6,3667,22122
610324,191.1,191.5,190.2,190.5,3412,21916
610327,190.3,190.3,189.5,190.1,1688,22229
610328,190,190.2,188.5,188.6,1647,22446
610329,188.4,188.5,186.6,187.5,2084,22425
610330,187.2,188.4,187.2,188,5176,22103
610403,188.1,188.3,187.4,187.7,2228,22037
610404,188.1,188.7,187.6,188.5,2322,21864
610405,188.6,188.7,188.2,188.2,2151,21831
610406,188.2,188.4,188,188.2,1133,22017
610407,188,188.3,187.6,188,1603,22283
610410,188,188.1,187.3,187.4,1500,22028
610411,188,188,187.2,187.6,1901,22325
610412,187.4,187.6,187.1,187.3,1682,21993
610413,187,187.3,186.5,187.2,2104,21765
610414,187,187.6,186.7,187.2,2262,21618
610417,187.3,187.3,186.4,186.5,1401,21695
610418,187,187.2,186.2,186.6,1458,21396
610419,186.7,189,186.6,188.3,2003,20992
610420,188.4,188.4,187.2,187.5,2362,20562
610421,187.4,187.7,187.4,187.5,739,20581
610424,187.4,188.5,187.1,188.1,362,20648
610425,188.3,188.7,187.7,188.5,2517,20727
610426,188.4,190,187.1,188.4,1731,20927
610427,188.4,189,188,188.4,2756,21111
610428,188,189,188,188.5,1821,21322
610501,188.6,190,188.5,188.5,2207,21229
610502,188.5,189,188.4,188.7,2201,21275
610503,188.7,189,188,188,590,21193
610504,188,188,186.3,187.5,1325,20695
610505,186.5,187.6,185.4,187.4,3609,20537
610508,187.2,187.2,186,186.5,3081,20886
610509,186.2,187,185.6,186.7,2514,21103
610510,187,187.2,186.4,186.6,2831,21331
610511,186.6,187.5,186.6,187.2,1139,21255
610512,187.1,188.1,187,187.5,1211,21297
610515,187.6,188.7,187.6,188.6,2741,21389
610516,188.7,189,187.6,187.6,1982,21281
610517,188.1,188.4,187.5,187.6,1735,21648
610518,187.7,188.2,187.6,187.6,2117,21470
610519,187.6,187.6,187,187.2,728,21441
610522,186.6,187,186.2,186.2,1579,20921
610523,186.3,186.5,185.6,186.3,1403,20875
610524,186.2,186.3,185.3,185.6,1965,20901
610525,185.5,186,185,185,1556,21141
610526,185,185.6,184.5,185.5,2063,21326
610529,185.4,185.7,185.1,185.5,1927,21568
610531,185.4,186,185.3,185.7,1220,21339
610601,186,186.4,185.5,185.7,1544,21310
610602,186.1,186.5,186.1,186.5,1426,21168
610605,186.7,187.6,186.4,187.5,1170,20809
610606,187.5,188,187,187.1,1478,20419
610607,186.4,187.2,186.4,187,1512,20554
610608,187,187.6,187,187.6,1409,20696
610609,187.3,188,187,187.1,1434,20507
610612,186.5,187.3,186.5,187.2,1307,20322
610613,187.2,187.2,186.6,187,1250,20118
610614,186.7,187.3,186.7,187.1,1423,20117
610615,187.4,188.4,187.3,187.7,615,19963
610616,187.6,188,187.4,187.5,2441,19562
610619,187.4,188.4,187,188.2,989,19487
610620,188.6,190.5,188.4,190,2820,18805
610621,190.2,190.3,189.2,189.4,4392,17849
610622,189,189.2,188.6,189,1551,18042
610623,188.6,188.7,188.4,188.4,1747,17390
610626,188.3,189.2,188.2,188.5,970,16927
610627,188.6,190.1,188.6,189.7,1086,16650
610628,189.7,191,189.5,190.7,2924,15417
610629,190.7,193.6,190.4,192.6,2375,14357
610630,192.4,193.2,192,192.2,4677,13698
610703,192,193,191.4,192.2,2666,13269
610705,192.4,193.6,192.4,192.6,1696,12997
610706,192.6,193.5,192.1,192.2,2513,13106
610707,191.7,191.7,190.3,190.3,2108,11856
610710,190.1,190.4,189.5,189.6,3336,10471
610711,189.5,190.5,189.4,190.2,3379,9727
610712,191.4,191.6,190.5,190.5,2609,9141
610713,190.4,190.5,189.4,189.4,2607,8483
610714,189.3,190,189.3,189.6,1015,7629
610717,189.4,192,189.4,191.4,806,7196
610718,191.3,193.2,191.3,192.6,2595,6260
610719,193,196.4,193,196.3,2345,5007
610720,196.1,196.6,194.4,196.6,3841,2753
