610403,200,200.4,200,200.4,0,0
610404,201.2,201.5,201,201.4,34,24
610405,201.4,202,201.2,201.3,27,39
610406,201.5,201.6,201,201,30,59
610407,201.2,201.3,200.5,201,75,124
610410,201,201,200.2,200.2,45,154
610411,200.2,200.3,200.1,200.2,112,235
610412,200.2,200.3,200.1,200.3,111,234
610413,200.3,200.3,199.6,200.1,20,249
610414,200.1,200.6,199.7,200.2,124,341
610417,200.2,200.3,199.7,200,91,396
610418,200.1,200.3,199.6,200.3,65,446
610419,200.6,202,200.6,202,137,473
610420,202.2,202.2,200.7,201.4,251,644
610421,201.4,201.5,201.1,201.1,106,684
610424,201,202,200.6,201.6,30,704
610425,201.6,202.2,201.3,201.7,375,834
610426,201.1,202.7,201,202.7,64,851
610427,202,203,201.6,202.5,824,1442
610428,202.5,203.2,201.1,202.7,639,1778
610501,202.6,203.6,202.4,202.4,389,2055
610502,202.5,202.6,202.4,202.4,624,2278
610503,202.4,202.4,201.6,201.6,81,2324
610504,201.6,201.6,200.4,201.4,235,2449
610505,201,202,200.7,201.5,501,2709
610508,201.1,201.3,200.4,201.1,198,2757
610509,200.7,201.6,200.4,201.3,466,2893
610510,201.4,201.4,201,201.1,724,3339
610511,201.3,201.6,201.3,201.4,185,3349
610512,201.4,202.2,201.4,202.2,341,3562
610515,202.2,203,202,203,298,3617
610516,203,203.1,202.2,202.2,419,3688
610517,202.2,202.5,202,202.4,377,3820
610518,202.3,202.4,202,202.1,322,4035
610519,202.1,202.1,201.4,201.5,330,4265
610522,201.4,201.5,200.7,201,252,4356
610523,200.7,201.3,200.5,201,625,4655
610524,200.7,201,200.3,200.3,444,4833
610525,200.4,200.4,199.4,199.4,1191,5709
610526,199.4,200.2,199.2,200.2,976,6420
610529,200,200.3,199.4,200.1,893,6949
610531,200.3,200.6,200.1,200.5,746,7319
610601,200.6,201,200.4,200.5,1464,7867
610602,200.7,201.5,200.7,201.4,898,8223
610605,201.4,202.4,201.4,202.3,1782,9294
610606,202.4,202.5,201.6,202,1573,9961
610607,202,202.1,201.4,201.7,1242,10429
610608,202.2,202.5,202,202.5,1657,11254
610609,202.6,203,202,202.1,1832,11963
610612,202,202.5,201.7,202.2,1871,12922
610613,202.4,202.6,202,202.3,1116,13364
610614,202.1,202.5,202,202.5,1460,14046
610615,202.7,203.7,202.7,203.4,970,14594
610616,203.5,203.5,203,203.3,2747,15357
610619,203.2,204.3,202.5,204.2,1421,15948
610620,204.5,207,204.4,205.5,2864,17313
610621,206.2,206.3,204.7,204.7,6455,19317
610622,204.5,204.7,204.3,204.4,2753,20086
610623,204.7,204.7,204,204,3326,20708
610626,204.1,204.7,203.6,203.6,2325,21920
610627,204,205.4,203.6,205.4,2936,23112
610628,205.3,206.4,205,206.4,4272,24230
610629,206.5,208.3,206.2,207.2,4722,24862
610630,207.6,207.6,206.4,206.7,7183,25200
610703,206.6,208,206.1,206.5,3798,25950
610705,206.4,207.5,206.4,206.4,3460,27304
610706,206.6,207,205.5,205.5,3938,28764
610707,205.6,206.1,204.7,204.7,3195,30008
610710,204.2,204.7,204,204,5458,32432
610711,204.2,205.6,204,205.4,7735,35577
610712,206.2,207.1,205.7,206,4272,36799
610713,205.7,206,205,205.3,4738,38318
610714,205.1,205.3,204.5,204.5,3009,39905
610717,205.6,206.7,205.3,206.3,4390,41276
610718,206.4,207.7,206.4,207.2,5557,43119
610719,207.3,208.5,207.3,208.4,5409,44608
610720,208.6,209.2,207.7,208.4,7699,45517
610721,208.2,208.2,207.2,207.7,4381,46105
610724,207.6,209.1,207.5,209,3875,47367
610725,209.4,209.7,209,209.2,4767,48820
610726,209.4,209.4,207.2,207.5,5331,50210
610727,207.2,208,207,207.5,5998,51978
610728,207.6,208.7,207.1,208.3,8384,53143
610731,208.6,209.4,208.1,208.3,8929,55486
610801,208.2,209.6,208.1,209.2,4334,55756
610802,209,209.4,208.5,209.4,6265,55653
610803,209.2,209.2,208.5,208.7,3605,55837
610804,209.1,210.2,208.7,209.6,3617,56297
610807,209.6,211.1,209.4,210.5,8983,57085
610808,211,211.1,209.6,210.5,5611,57208
610809,211,211.1,210,210.2,5140,57471
610810,210.2,211,210,210.6,4908,58101
610811,211,211,210.1,210.5,4389,58581
610814,210.6,212.4,210.6,212.2,4680,59233
610815,212.2,212.4,211.5,212.1,6407,59873
610816,212,212,211.2,211.3,4944,59768
610817,210.6,211.1,210.1,210.2,3004,60077
610818,210.4,211.3,210,211.3,5504,60349
610821,211.6,211.6,210.3,210.7,3147,61306
610822,210.3,211,210.2,210.5,5074,61901
610823,210.5,210.7,210,210.2,3341,62356
610824,210.2,210.2,209.3,210,5109,62741
610825,210,211,210,210.5,5773,62720
610828,210.4,210.7,210,210.4,4147,63028
610829,210.3,210.3,208.7,208.7,2583,63119
610830,208.3,209.4,208.3,209.2,5811,62873
610831,209.4,210,208.2,208.3,4419,62281
610901,208.3,208.6,208,208.2,5305,61866
610905,208.4,209.1,208.2,209,3699,61227
610906,209.2,209.7,208.7,209,3560,61102
610907,209,209.4,209,209.4,4259,61477
610908,209.5,210.5,209.4,210.4,1725,61371
610911,210.7,211.1,210.2,210.3,3879,60542
610912,210.4,211,209.7,210.7,1410,60721
610913,210.6,211.2,210.4,210.4,3714,61077
610914,210.4,210.6,210.1,210.4,1973,60973
610915,210.4,210.4,210.1,210.1,2148,60994
610918,210.2,210.2,209.4,209.5,3122,60748
610919,209.4,209.6,209.2,209.2,6341,59914
610920,209.4,210.7,209.4,210.5,2758,60452
610921,210.6,210.7,210.2,210.4,2686,60488
610922,210.2,211.5,210.2,211.1,1793,60499
610925,211.3,211.5,211,211.3,5000,60598
610926,211.4,212,210.5,210.7,2451,60216
610927,210.3,210.5,209.5,209.6,3307,60011
610928,209.4,210.1,209.2,209.4,4205,59756
611002,209.5,209.5,207.2,207.7,1394,59633
611003,207.7,208.4,207,208.4,10036,59343
611004,208.5,208.6,207.7,208.1,8005,57958
611005,208.2,208.4,206.6,207.2,3251,57360
611006,207,207.6,206.4,207.5,5676,57189
611009,207.6,208.5,207.3,207.5,3517,56879
611010,207.6,208.4,207.3,208.4,4113,56200
611011,208.2,209.2,207.6,209,2009,56315
611012,208.6,209.4,208.6,209.3,3578,56256
611013,209,209.5,208,209.2,2626,56515
611016,209.4,209.6,209.1,209.5,2572,56612
611017,209.6,209.6,209,209.2,2266,55993
611018,209.1,209.4,208.5,209.3,2557,55806
611019,209.1,209.5,208.7,209,2144,55744
611020,209,209.4,208.7,209.2,2104,55746
611023,209.1,210.6,209.1,210.6,1517,55286
611024,210.4,210.6,210.1,210.3,4676,54543
611025,210.5,210.6,209.4,209.7,2869,55064
611026,209.4,209.5,208.5,208.5,2705,55080
611027,208.5,209,208.3,208.5,4243,55128
611030,208.2,208.3,207.6,207.7,2716,54828
611031,207.5,208.3,207.2,208.2,2236,54502
611101,208,208.5,207.7,208.3,2915,54157
611102,208.3,208.3,207.7,207.7,1425,54117
611103,207.4,208.4,207.4,208.2,1095,54034
611106,208.4,208.4,208,208.3,1396,54020
611107,208.3,209.3,208.3,209.3,1320,54122
611108,209.5,209.7,209,209.1,2293,54174
611109,209,209.5,208.4,208.4,3122,54466
611110,208.4,209,208.2,209,1963,54977
611113,209.1,209.2,208.5,209.2,1113,54942
611114,209.2,209.4,209,209.2,1729,55182
611115,209,209.1,208.3,208.4,1758,55250
611116,209,209.1,208.3,208.6,1699,55482
611117,208.6,208.6,208.2,208.2,975,55422
611120,208.1,208.3,208,208.3,1541,55820
611121,208.5,209.2,208.4,209.1,2248,56438
611122,209,209.2,208.6,209,2063,56496
611124,209.2,209.6,209.2,209.6,1346,56432
611127,209.5,209.6,209.3,209.5,2354,56640
611128,209.4,210.1,209.2,210,2828,56921
611129,209.7,210.2,209.6,210,4090,57214
611130,210,210.2,209.5,209.6,2842,57167
611201,209.4,209.4,209,209.2,3962,57390
611204,209.2,209.6,209,209.5,5002,57877
611205,209.5,210.2,209.2,209.2,2448,58220
611206,209.2,210.2,209.2,210.2,2224,58223
611207,210.2,210.3,210,210.2,2877,58390
611208,210.3,210.3,209.2,210,2919,58781
611211,210.2,210.3,209.3,209.6,3229,59094
611212,210,210.1,209.1,209.2,2714,59377
611213,209,209.5,209,209.1,2789,59289
611214,209.1,209.4,209,209.1,3466,59272
611215,209.1,209.3,209,209.3,3114,60257
611218,209.2,209.2,208.4,208.4,2046,60512
611219,208.4,208.7,208.2,208.6,1838,60076
611220,208.7,209.2,208.6,209,3004,60049
611221,208.7,208.7,208.4,208.5,2418,60210
611222,208.4,208.5,208.2,208.2,1778,60039
611226,208.2,208.3,206.6,206.6,1002,59934
611227,206.6,206.6,206.2,206.6,6481,58999
611228,206.5,207.2,206.4,207.1,6363,58253
611229,207.3,207.4,206.7,207.2,3724,57661
620102,207.1,207.2,206.2,206.3,4223,57230
620103,206.4,206.5,206,206.4,5761,56565
620104,207,207,206.3,206.5,4102,55478
620105,206.6,207.1,206.4,207,3039,54650
620108,207,207.2,206.6,207.1,2610,54211
620109,207,207.2,207,207.1,3840,52776
620110,206.6,206.7,205.6,205.6,1695,52729
620111,205.5,205.5,204.6,204.6,6834,50472
620112,204.6,205.1,204.5,204.6,5892,48386
620115,204.3,205.1,204.2,204.3,5805,46080
620116,204.3,204.6,204.1,204.5,3204,45049
620117,204.7,205,204.2,204.4,1935,44476
620118,204.3,204.4,203,203.1,2745,43827
620119,203,203.1,202.6,203,6364,42050
620122,202.6,202.7,201.2,201.3,3734,40861
620123,201.2,202.3,201.2,202.3,4488,39246
620124,202.3,203,201.3,201.4,4792,37800
620125,202,203.2,202,202.6,4203,37116
620126,202.7,203.2,202.2,202.3,6336,36060
620129,202.1,204.2,201.7,204,1864,35625
620130,203.6,203.7,202.3,202.7,6630,34510
620131,202.6,203.2,201.7,202.6,4995,33430
620201,202.6,203.7,202.4,203.6,5211,32180
620202,203.4,203.5,202.7,203.1,3200,31582
620205,203,203.7,202.5,203.6,2728,31355
620206,203.7,204.2,203.2,203.7,2038,31178
620207,203.6,203.7,202.6,202.7,2550,30903
620208,202.5,202.7,202.3,202.6,2670,30262
620209,202.4,203,202.3,203,1342,29909
620212,202.5,202.6,202.2,202.3,1497,29604
620213,202.3,202.6,201.7,202.6,1444,29005
620214,202.5,202.7,202.3,202.5,2729,27773
620215,202.5,202.5,202.2,202.4,828,27598
620216,202.2,202.3,201.2,201.3,808,27226
620219,201,201.1,199.6,199.6,3327,25617
620220,199.4,200.4,199.2,200.2,4719,23765
620221,200.3,200.6,200,200.4,3682,22122
620223,200.2,200.5,200,200.2,2478,21017
620226,200.3,200.7,200.2,200.6,2233,19744
620227,200,200.2,199.5,199.6,4418,17753
620228,199.6,200.4,199.5,199.7,6296,14475
620301,199.6,201.2,199.5,201,6157,11475
620302,200.7,201.4,200.7,201.2,6955,8662
620305,201.1,202.1,201,202,3383,6656
620306,202,202.3,201.2,202,2259,4996
620307,202,202.6,202,202.1,1338,3684
620308,202.2,203.3,202.2,202.5,1246,3239
620309,202.5,203.2,202.3,203.1,872,2927
620312,202.7,203.5,202.7,203.4,653,2808
620313,203.4,204.2,203.3,203.7,600,2550
620314,203.7,204.5,203.6,204.3,734,2355
620315,204.3,205.2,204.3,205.1,733,2066
620316,205.4,206.4,205.4,206.4,497,1820
620319,206.4,206.6,204.7,205,1032,1509
620320,205,206,204.2,205.5,505,1169
620321,206,206.2,204.4,205.4,348,1111
