620924,191.2,192,190,191,0,0
620925,191.2,192.5,190,190,3051,1601
620926,190,192,189.7,190.5,1201,1958
620927,190.7,191.2,189.2,189.4,2954,2479
620928,189.6,191.1,188.4,190.1,3209,2967
621001,190.6,191.4,190.1,191.3,1798,3690
621002,191.5,191.7,191.2,191.3,1555,4418
621003,191.4,192.1,191.3,191.6,1118,4558
621004,191.7,192,191.2,191.3,879,4795
621005,191.3,191.4,189.6,190.4,1359,5707
621008,190.3,190.4,189.4,190.1,1931,5963
621009,189.5,190.3,189.3,190.1,1282,6283
621010,190,191.3,189.7,191,2738,7299
621011,191.2,191.5,190.4,190.5,1027,7564
621012,190.5,191.2,190.3,190.6,1207,7941
621015,191,191.4,190.6,191.2,1553,8744
621016,191.4,191.4,190.3,190.6,2394,10120
621017,191,191.1,190,190.3,1126,10255
621018,190.1,190.4,190,190.3,2456,10885
621019,190.5,191,190.3,190.6,489,10795
621022,191.3,192.2,191.2,191.6,1441,10951
621023,193.4,197,192.3,195.4,3998,11478
621024,196.1,196.6,193.1,193.7,3506,11847
621025,191.4,193.1,191.4,192.3,1974,12199
621026,192,193.3,192,192.2,1858,12132
621029,190.4,191,190.2,190.4,864,12341
621030,190.7,191.6,190.4,191.2,785,12268
621031,191.4,192.3,191,191.2,1431,12991
621101,191.6,191.7,191.2,191.4,963,13233
621102,191.3,191.6,190.7,191.1,343,13321
621105,190.6,191.5,190.6,191.2,1611,13828
621107,191.3,191.4,190.6,191.2,1138,14240
621108,191.7,191.7,190.5,191,2486,15219
621109,191.2,192,191.2,191.6,1710,15789
621112,192,192.2,191.3,192,1550,16135
621113,192.2,192.3,191.4,192,660,16457
621114,192,192.2,191.4,191.7,1455,17192
621115,191.6,191.6,190.5,190.6,1140,17645
621116,191,191.7,191,191.5,1780,17944
621119,192,192.3,191.7,192,1441,18241
621120,191.5,191.6,190.4,191,1432,18514
621121,190.4,191.2,190.2,191.2,1465,18702
621123,190.7,191.2,190.4,190.7,1493,18816
621126,191.2,191.4,190.4,190.5,713,19002
621127,190.6,191.2,190.5,191.1,638,19128
621128,191.1,191.1,190.4,191,753,19098
621129,190.7,191,190.2,190.2,647,19185
621130,190.4,190.7,189.7,190.5,1174,19491
621203,190.5,191.3,190.5,191,2478,19647
621204,191.3,191.3,190.6,190.7,2694,20346
621205,191,191,190.4,190.4,1465,20327
621206,191,191.1,190,190.2,1027,20638
621207,190.2,190.5,189.6,189.7,1774,21136
621210,190,190.1,189.2,189.4,1990,21942
621211,189.6,189.7,189,189.1,1489,22141
621212,189.3,190.2,189.3,189.5,1425,22411
621213,189.4,189.7,189.2,189.2,1059,22349
621214,189.3,189.6,189.2,189.4,1067,22418
621217,189.4,189.5,189,189.1,1387,22376
621218,189,189.5,188.4,188.4,998,22502
621219,188.6,188.6,188.1,188.4,1795,23008
621220,188.2,188.2,187.2,187.3,2063,23509
621221,187.3,188.2,187.2,188.1,5479,24004
621226,187.4,188.3,187.4,188.2,2074,23969
621227,188.3,188.7,188.1,188.5,1514,24085
621228,188.5,189.1,188.5,189,2316,24864
621231,189,189.5,189,189.2,853,24911
630102,189.4,189.4,188.5,188.6,1429,24960
630103,188.6,189.2,188.5,189.1,1532,24563
630104,188.7,189.1,188.2,188.5,2458,25013
630107,188.5,189,188,188.4,1966,25506
630108,188,188.6,187.5,187.5,2541,25755
630109,187.5,188,187.3,187.7,4295,25651
630110,188.1,188.4,187.5,187.7,3267,25574
630111,187.6,188.1,187.4,187.5,2490,25896
630114,187.6,188.5,187.5,187.6,2611,26524
630115,187.6,189.4,187.6,189.4,2822,27364
630116,189.5,189.6,188.5,189.3,2454,27242
630117,189.4,189.5,189.2,189.4,2237,27800
630118,189.4,189.5,189,189.3,1416,28067
630121,189.4,189.5,189.1,189.2,1675,28062
630122,189.3,189.3,189.1,189.2,973,28207
630123,189.4,191,189.4,190.7,879,28049
630124,191.1,192,191.1,191.3,3385,28975
630125,191.3,192,191.3,191.5,4180,28625
630128,192,192.5,191.7,192.3,1152,28453
630129,192.4,193,192.1,192.6,2277,28403
630130,192.6,193,192.1,192.2,2560,29138
630131,192,192.4,192,192.4,1447,29011
630201,192.4,193.4,190,191.4,2294,28082
630204,192.2,192.4,191.7,192.3,3224,27632
630205,192.4,193.3,192.4,193.2,2287,27518
630206,193.4,193.6,192.4,192.5,1725,27326
630207,192.5,193,191.7,192.4,1708,27200
630208,192.4,193.2,192.4,192.5,1442,27335
630211,192.5,192.5,191,191.5,2044,27403
630212,191.5,192.3,191.2,192.2,2930,27897
630213,192.4,193,191.7,192.6,3356,27535
630214,193,193.2,191.7,192.3,4966,26702
630215,192.4,193,191.5,191.6,2808,26887
630218,191.4,191.6,191,191.5,3097,27461
630219,191.5,192.3,191.4,191.6,3053,27742
630220,191.4,192.1,191.2,191.6,1662,27747
630221,192.2,193.2,192,192.2,2952,26880
630225,192.5,193.2,192.4,192.7,2801,27047
630226,192.6,193,192.2,192.2,2182,26888
630227,192.2,192.7,192.2,192.4,936,27144
630228,192.7,193.2,192,192.4,2316,27627
630301,192.4,192.6,192,192,3579,29060
630304,191.6,191.6,190.6,190.7,3247,29462
630305,191.1,191.1,190.1,190.7,5135,30297
630306,190.7,190.7,190.1,190.2,4542,30501
630307,190.3,191.2,190.3,190.6,2480,30931
630308,190.7,191.1,190.6,190.6,2121,31143
630311,190.3,190.3,189.4,189.5,2093,31594
630312,189.4,189.4,188.6,189.1,3715,32124
630313,189.3,189.3,188.5,188.5,3680,31997
630314,188.4,189.4,188.4,189.2,2103,32215
630315,189.3,189.4,188.6,189.1,2131,31884
630318,188.6,189.3,188.4,189,1486,32112
630319,189.3,189.3,188,188.4,1587,32259
630320,188.2,189.4,187.5,188.4,4235,31713
630321,189,189.2,188.1,189.1,5908,30236
630322,189.1,189.7,188.5,189.3,1848,30325
630325,189.4,190,189.2,189.3,2980,30397
630326,189.3,189.3,188.6,188.7,2352,30056
630327,188.7,189.3,188.4,188.7,1559,30236
630328,189,189.5,189,189.4,1942,30277
630329,189.7,190.5,189.7,190.2,3599,30524
630401,189.7,190,188.5,188.7,4738,30229
630402,188.7,189,188.1,188.6,4921,30568
630403,188.7,189.5,188.2,189.3,2430,30609
630404,189.7,190.6,189.1,190.3,3708,30830
630405,190.2,190.4,190,190.1,5487,30425
630408,189.7,190.2,189.4,190.1,2401,29934
630409,189.6,190,188.5,188.6,3243,29414
630410,188.5,189.3,188.4,189.2,2848,29278
630411,189.3,189.3,188.3,188.4,3659,29929
630415,188.2,188.2,186.3,187,2617,30465
630416,186.6,188,186.6,187.5,3536,30397
630417,187.5,188.1,187,187.3,4905,31058
630418,187.6,188.1,187.3,187.5,3265,31294
630419,188,188.7,187.7,188.2,2328,31785
630422,188.5,189.1,187.6,189,4238,32745
630423,189.1,189.7,188.7,189.4,3812,32447
630424,189.3,189.3,188.4,188.5,3734,32479
630425,189.1,189.2,187.6,188,2362,32367
630426,187.4,188,186.7,187.6,2059,32596
630429,187.5,187.7,187,187.3,3396,32719
630430,187.3,188.3,187.3,188.2,2621,33096
630501,188.3,188.4,187.7,188.2,2980,32487
630502,188.2,188.6,187.2,187.3,2640,32635
630503,187.3,187.7,187.3,187.7,2715,32784
630506,187.5,188.2,187.3,188,1415,32611
630507,188.1,188.6,187.7,188.3,1948,32504
630508,188.3,188.3,186.5,187.3,2566,32736
630509,187.2,188.1,187.1,188,3443,33185
630510,187.7,188.1,187.2,188,2235,33627
630513,187.5,187.5,186.4,187.1,2624,33485
630514,186.6,187.2,186.2,186.7,4471,33639
630515,186.4,186.7,186.2,186.5,6970,33326
630516,186,186.2,185.3,185.4,5737,32122
630517,185.1,185.3,184.5,185,5744,30902
630520,185,187.2,184.5,185.4,7486,29266
630521,185.6,186.1,184.5,185.1,8163,27901
630522,182,185,180,185,7636,25561
630523,185,186.3,184.2,186.2,11705,25397
630524,186,186.6,185.6,186.1,5538,26108
630527,185.6,185.6,185.1,185.1,7440,26390
630528,185.1,185.7,184.6,185.4,2883,26084
630529,185.2,185.7,185,185.3,2703,25403
630531,185.1,185.7,185,185.2,1510,24914
630603,185.2,186,185.1,185.2,1424,24951
630604,185.3,185.4,184.6,185,2132,25059
630605,185.1,185.7,185,185.2,2497,25281
630606,185.3,186,185.2,185.7,2837,25657
630607,185.7,186.4,185.6,186.3,1708,25977
630610,186.6,187.6,186.4,187.2,2165,25449
630611,187.6,187.6,186.3,186.5,3773,25546
630612,186.5,187.1,186.5,186.7,3063,25355
630613,186.6,187,186.2,186.6,2068,25540
630614,186.4,189.2,186.3,189,1384,25294
630617,189.6,190,188.3,189.4,5497,23869
630618,189,189.3,188,188.1,3990,23536
630619,187.6,189,187.5,188.4,2307,23467
630620,188,189.5,188,189.1,1831,23435
630621,188.5,188.6,187.2,187.2,2526,23192
630624,186.6,187,185.7,186,3337,23226
630625,185.6,186.3,185.4,185.5,4585,22914
630626,185.5,186.3,185.2,185.3,3548,22319
630627,185.3,185.6,185,185,4372,22518
630628,185,185,184.3,184.5,2910,22646
630701,184.2,185.2,184.1,185.2,4225,22736
630702,185.6,186.4,185.4,185.5,4638,22243
630703,185.5,186.3,184.5,184.6,3217,21459
630705,184.4,184.6,183.4,183.4,3293,21305
630708,182.6,184.1,182.6,183.3,3595,20385
630709,183.2,183.7,183,183,3801,19247
630710,183.4,183.4,182.1,182.1,2839,18417
630711,182,182.2,179.6,179.6,4087,16928
630712,179.5,180.4,178.1,179,7635,13527
630715,179.6,181,179.4,180.3,6376,10732
630716,181.1,181.6,180.4,180.6,4413,8924
630717,180.4,180.4,179.7,180,2663,7418
630718,180.1,180.5,179.5,179.5,2385,5759
630719,179.4,179.7,178.3,178.6,2734,5214
630722,178.2,179.3,178.1,178.4,3045,3410
