630401,195.6,195.6,193,194.4,0,0
630402,194.3,194.6,193.5,194.4,1450,1124
630403,194,195,193.6,195,891,1599
630404,195.2,196.1,194.7,195.5,529,1908
630405,195.4,195.5,195,195,855,2365
630408,195,195.3,194.5,195.3,356,2569
630409,195.2,195.2,193.6,193.6,374,2624
630410,193.6,194.4,193.6,194.4,735,2923
630411,194.4,194.4,193.6,193.6,731,3100
630415,193.4,193.5,192.1,192.4,642,3344
630416,192.3,193.3,192.3,193,925,3599
630417,193,193.5,192.3,192.7,1119,4101
630418,193.2,193.2,192.6,193.1,979,4538
630419,193.2,194,193,193.2,920,4853
630422,193.3,194,192.7,194,676,5215
630423,194,194.6,193.7,194.4,739,5331
630424,194.2,194.4,193.7,194,882,5381
630425,194.2,194.6,193.5,193.6,367,5453
630426,193.2,193.6,193,193.4,467,5623
630429,193,193.5,192.7,193.2,504,5622
630430,193.3,194,193.3,194,884,5834
630501,194,194.4,193.6,194.4,652,5836
630502,194.4,195,194.1,194.1,696,5867
630503,194.1,194.4,194.1,194.2,822,5890
630506,194.1,194.4,194,194.4,409,5753
630507,194.4,195,194.4,194.7,535,5766
630508,194.5,194.7,193.4,194,517,5978
630509,194,194.7,193.7,194.6,834,6179
630510,194.3,195,194.2,194.5,291,6235
630513,194,194.4,193.4,194,483,6300
630514,193.6,194.4,193.1,194.1,1514,6733
630515,193.6,194,193.6,193.6,1139,6645
630516,193.5,193.5,192.2,192.2,654,6897
630517,192,192.2,190.4,190.4,1006,7215
630520,190,193,189.6,191.4,2005,7794
630521,192,192.2,191.5,192,3403,8314
630522,186,190.6,182.4,190.2,2690,8907
630523,190,191,189,191,4091,12512
630524,190.7,191.4,189.5,191.4,4032,13565
630527,190.6,191.1,190.4,190.5,4845,15366
630528,190.5,191.2,190.1,191.2,1910,16000
630529,191,191.2,190.4,191,2122,16609
630531,190.7,191.3,190.5,191,1213,17070
630603,191,192.5,191,192,1391,17113
630604,192.1,192.2,191.5,192.1,2398,16902
630605,192.2,193,192,192.5,972,16959
630606,193,194,192.6,193.7,1374,16771
630607,194,195.1,193.5,194.7,2538,16809
630610,195.1,196.2,194.4,195.4,1991,16721
630611,195.5,195.6,193.7,195.2,3092,16203
630612,195.1,195.2,194.4,194.7,1494,16432
630613,194.7,195,194.2,195,1123,16746
630614,194.4,197.4,194.3,197.4,958,16481
630617,197.3,198,195.7,197.4,3047,16419
630618,197.1,197.2,196.2,196.3,2579,16461
630619,196.1,196.3,195.4,196.2,1406,16730
630620,196.2,197.2,196,197.2,1007,16767
630621,196.7,196.7,195.1,195.2,1909,16721
630624,194.6,195.2,194.2,194.5,1163,16878
630625,194.3,195,194.3,194.7,1062,16648
630626,194.7,195.4,193.6,193.6,1248,16873
630627,194,194.4,193.5,193.6,1623,16955
630628,194.1,194.1,193.2,194,950,17174
630701,194.1,196.3,193.7,196.3,1669,17090
630702,196.5,197.2,195.4,195.6,3481,17349
630703,195.4,196.4,195.2,195.3,2092,17370
630705,195.2,195.2,194.2,194.2,955,17200
630708,194,194.2,193.6,193.6,2133,17196
630709,194,194.3,193.4,193.4,1280,17272
630710,193.4,193.5,192.4,192.4,3137,18626
630711,192.4,192.4,190.4,190.4,2679,18578
630712,190.4,191.4,189,190.6,3261,18640
630715,191.6,192.4,191,192.2,6430,19225
630716,192.3,193.2,191.7,192.4,4360,20506
630717,192.3,192.4,191.4,191.5,2226,20936
630718,191.6,192.2,191.4,191.4,1763,21141
630719,191.4,191.5,190.1,190.2,1637,21502
630722,190,190.6,188.5,189.2,2391,21882
630723,188.7,190,188.1,188.1,3384,22345
630724,188,189.2,185.4,185.7,3520,22223
630725,186.5,187.3,184.4,185.3,6748,22370
630726,185.2,186,184.4,185.7,5161,22965
630729,186.2,187.5,186.2,187,3354,23288
630730,187.4,187.4,186.4,187.2,2648,23011
630731,187.3,188,187,187.5,1834,23270
630801,187.4,187.4,186.4,186.5,2230,23667
630802,186.5,187.1,186.2,187,2712,24055
630805,187.2,189,187.1,188.7,1422,24412
630806,189.2,189.5,188.2,188.3,2238,24770
630807,188.4,189.3,188,189.2,1960,24986
630808,189.4,189.6,189,189.4,1489,25240
630809,189.6,189.7,189.3,189.5,1179,25052
630812,188.7,189.1,188.4,188.5,1446,24575
630813,188.1,189,188.1,188.5,2022,24636
630814,188.5,189,187.4,188,1797,24694
630815,187.7,188.4,187,188.3,2006,24822
630816,188.5,189,188,188.7,2380,25432
630819,188.6,189.5,188.6,189.2,1159,25378
630820,189.6,189.6,189,189.4,1586,25563
630821,189.1,189.4,188.4,188.4,1785,26338
630822,188.2,188.4,187.7,188.2,990,26505
630823,188.1,188.5,187.5,188.5,1016,26732
630826,188.6,188.6,187.7,187.7,2513,27518
630827,187.7,187.7,186.6,186.6,1484,27806
630828,186.4,187.1,186.4,186.5,2210,28476
630829,186.3,186.4,185.1,185.6,1632,28903
630830,185.5,187,185.4,186.7,4462,30114
630903,187.2,188.4,187.2,188.2,2761,30279
630904,188.2,190.2,188.1,190.1,2355,30422
630905,190.5,191,190.2,191,2958,30842
630906,191,191.2,190.5,191.1,3482,31724
630909,191.3,191.4,190.4,191.3,4667,31249
630910,191.4,192,191.2,192,3719,32246
630911,192.2,193.2,191.7,192.6,4775,32056
630912,193,193.3,191.7,193.1,4919,32702
630913,192.6,195.5,192.6,195.2,4346,33013
630916,196.2,199.5,196.2,197.4,4654,33078
630917,197.2,199.4,196,198.3,8663,32759
630918,199.4,200,198,198.3,6102,32599
630919,199,201,199,200.5,7155,33173
630920,201.2,206.6,201.2,205,4526,33005
630923,207.4,207.4,203.4,204.4,11491,34664
630924,206,206.4,204.4,206.3,9363,35799
630925,208.4,209.6,206.4,208.2,7486,36291
630926,208.6,208.6,204,204.6,11732,37894
630927,202,204.4,201,204.2,9169,38370
630930,205.4,208.6,205.4,208.2,8039,38550
631001,209.4,210,207.6,209.1,8085,38369
631002,205,209.4,205,208.4,8098,38645
631003,206.4,208.5,206.4,208.2,9414,38032
631004,208.2,209.1,208,208.2,7580,38543
631007,209.7,211.2,209.2,211,5829,38080
631008,212.4,212.6,209.4,209.4,7427,37995
631009,210,212,209.6,211.5,10858,38190
631010,211,212.2,210.4,211.2,8037,37631
631011,210.4,211,208,209.2,8789,37077
631014,209.2,211,209.2,210.7,6079,37140
631015,211.2,213.6,211.1,212.7,3434,37130
631016,213,214.6,212.1,213.7,5540,38073
631017,213.4,214.3,212.6,213.6,5922,38709
631018,213.4,214,212.5,213.3,4391,39534
631021,212.4,213.1,212.2,212.4,5627,38407
631022,212.4,213.4,212.4,212.6,3314,38567
631023,213.2,213.7,212.4,212.6,1836,38731
631024,213.2,213.6,213,213.6,4662,39643
631025,213.7,218,213.7,217.6,3442,39028
631028,217.2,217.6,216.2,217.1,7339,39392
631029,217.5,218.2,215.4,216.2,5215,39122
631030,216.6,217.2,214.6,216.1,5506,39366
631031,216.1,216.4,213,215.5,4044,40025
631101,215.6,217.2,215.6,217.1,8176,41148
631104,217.3,217.5,216.2,216.3,3697,41698
631105,215.6,215.6,213.4,214.6,4830,42180
631106,214.4,216.4,214,215.6,7198,42531
631107,215.6,218.3,215.2,217.6,6810,41926
631108,218.2,219,217.6,217.7,8356,41683
631111,218.3,218.7,217.2,218,6448,41478
631112,217.7,218.2,217.5,218,3347,41633
631113,217.7,218.3,217.4,218.2,2831,41506
631114,217.7,218.1,217.3,217.4,3203,41631
631115,217,217,216,216.3,4271,41748
631118,216,216,211.4,214.4,4328,40864
631119,213.2,214.7,212.5,213.6,10251,40534
631120,213,215,212.2,214.2,3258,39814
631121,214,214,211.2,211.4,6709,39624
631122,211.6,211.6,207.2,210.2,7951,39220
631126,211.6,214.1,211.6,214,9018,40930
631127,214.6,216,214.4,215.1,7764,38850
631129,215,216.4,214.7,216.2,9888,41537
631202,215.5,217.4,215,217.3,6319,41682
631203,217.2,217.3,215.5,216,10349,43327
631204,215.6,217.7,214.6,217.7,7446,43179
631205,217.4,218,215.6,215.7,7702,42293
631206,216,217.3,216,217.1,7563,41861
631209,217,217.4,216.5,216.7,4845,41789
631210,217,217.2,216,217.1,4191,41682
631211,217,217.4,216,217.4,5565,42280
631212,217.6,219.6,217.6,219.5,4451,42776
631213,219.6,219.6,218.4,219.1,9627,42452
631216,218.3,219.1,218.1,218.3,6376,41814
631217,217,218.1,216.6,217.2,2770,41986
631218,218,218.6,217.6,218.2,8542,43344
631219,219,219.4,218.1,218.6,4537,43074
631220,219.2,219.3,218.3,218.5,4953,42407
631223,218.4,219.3,218.4,219.1,3928,41730
631224,219.4,219.6,218.6,218.7,3620,41619
631226,218.7,219.2,218.4,219.1,2184,41605
631227,219.4,220.2,219.4,219.7,1070,41640
631230,220,220,219.3,219.3,3554,41435
631231,219.2,219.6,219.2,219.4,2666,40227
640102,219.5,219.5,219.1,219.3,1929,40271
640103,220.1,222,220,221.7,2819,39276
640106,223,224,222.3,222.6,6126,37648
640107,222.5,223,221.3,222.2,4437,35842
640108,222.3,222.6,222.2,222.6,6851,32233
640109,222.4,222.6,222,222.3,2620,31719
640110,222.1,222.2,221.6,221.7,3497,30757
640113,222.2,223.6,222.1,223.1,2462,30160
640114,223.4,223.6,223,223.1,3268,30035
640115,222.6,223.1,222.1,223,2672,29131
640116,223,223.1,222.5,223,2511,29037
640117,222.6,223,222.2,222.4,994,28804
640120,222,222.4,221.5,222,2707,28387
640121,221.7,221.7,219.6,220,3325,27397
640122,219.6,220.5,219.4,219.4,5469,27020
640123,219.4,221.4,219.4,221.4,2618,26797
640124,221.4,222,221.3,221.3,4004,26187
640127,220,221,220,220.2,2281,25824
640128,220.4,221.4,220.3,221.2,1816,25412
640129,221.4,221.6,218.4,219.7,1667,25530
640130,219.4,220.2,218.7,220,4014,25035
640131,220.1,220.6,217.2,218,2060,24848
640203,220,221,219.3,220.1,2995,24660
640204,219.5,219.6,218,218.2,6057,24124
640205,218,219.7,217.6,219.5,3111,23006
640206,220,221,219.7,220.4,4476,23080
640207,220.2,221,220.2,220.6,1863,22508
640210,220.5,220.7,219.3,219.5,1175,22442
640211,219.5,220.3,219,220.2,1868,22471
640212,220.1,221,219.6,220.5,1228,22265
640213,221,222.4,221,222.3,2178,21903
640214,222.6,223.6,222.4,223.5,3745,21359
640217,221.2,222.2,220.2,222,3343,20594
640218,221,221.4,219.4,220,3365,19928
640219,220,220.4,218.5,219.3,2449,19163
640220,220,220,218.7,219.3,3943,19371
640224,218.4,218.4,214.6,216.3,1531,19043
640225,217,219,216.4,218,6573,18491
640226,219,219.4,213.2,215,3794,18206
640227,214.6,214.6,210.2,211,6155,17924
640228,211,213.4,211,211.4,9043,16238
640302,211,211,205.1,206.2,4445,16015
640303,205.7,207.2,203.4,206.4,5615,15281
640304,206.6,208,200,201.3,6735,14526
640305,203,204,199.4,200,10657,12566
640306,199,200,195.6,197.6,5767,8682
640309,197.4,198.2,194,195.4,5569,8675
640310,195.4,198,194.6,197.4,4231,7838
640311,198,200.3,197,197.2,3380,7374
640312,196.6,198.5,196.1,197.7,3635,6628
640313,198.4,202,198.4,201.6,1776,6140
640316,200.6,200.6,198.6,200,2200,5699
640317,200,200.6,195.4,196.2,1853,5160
640318,195.6,200,194,199.4,2737,4531
640319,197,202.6,195.4,199.4,3139,3778
