630603,183,186.4,183,186.4,0,0
630604,186,186.2,185.6,186.2,550,300
630605,186.1,187.2,186.1,186.5,343,452
630606,187.4,188.6,187.1,188.3,331,629
630607,188.6,189.5,188.2,189.4,478,850
630610,190,192,189.6,191.2,538,1040
630611,191.3,191.4,188.4,190.1,1142,1657
630612,189.5,190.3,189.5,190,1591,2063
630613,189.7,190.1,189.2,189.4,459,2315
630614,189.4,191.6,189.1,191.4,417,2539
630617,191.7,192.3,190.4,191.3,751,2736
630618,191,191,190,190,870,3264
630619,189.6,190.1,189.1,189.6,785,3625
630620,189.6,191.1,189,190.7,778,3801
630621,190.3,190.3,189,189.1,543,3892
630624,189,189.5,188.7,189,1038,4217
630625,189,189.6,188.7,189.4,713,4371
630626,189.4,190.6,188.2,188.4,692,4431
630627,188.4,189.5,188.1,188.3,1511,5052
630628,188.3,188.4,187.6,188.3,910,5523
630701,188.4,191.2,188.3,191.2,1237,5704
630702,191.6,192.2,190.2,190.6,1182,5853
630703,190.1,191.6,190.1,190.4,968,6039
630705,190.1,190.5,190,190,458,6208
630708,189.2,190.3,189.2,189.5,1015,6390
630709,190,190.2,188.6,188.6,492,6479
630710,188.6,188.6,186.6,187,991,7005
630711,187.1,187.2,184.6,184.6,1993,7328
630712,184.2,186,183.4,186,1399,7656
630715,186.2,187.5,186,187.4,3078,8221
630716,187.2,188.3,186.2,186.6,1171,8637
630717,186.2,186.4,185.6,186,956,8952
630718,186,186.6,185.4,185.4,632,9121
630719,185.3,185.4,182.6,183,616,9265
630722,182.4,183.3,180.5,181.4,2067,9549
630723,181.5,182.7,181.2,181.2,2144,9640
630724,181.5,182.3,178.2,178.4,1973,9878
630725,179.4,180.4,177.6,178.7,3344,9545
630726,179.4,180.2,178.1,179.7,3196,9393
630729,180.6,181.4,180.4,180.6,2309,9004
630730,181.2,181.3,180.3,181.1,1468,8909
630731,181,182,181,181.4,595,8982
630801,182,182,180.2,180.4,737,9087
630802,180.4,181.2,180.2,181.2,1363,9537
630805,181.4,183.2,181,183.1,631,9608
630806,183.7,184,183,183.2,1287,9476
630807,183.3,183.6,182.5,183.5,1311,9483
630808,183.7,184.3,183.4,184.2,753,9511
630809,184.1,184.2,183.3,183.4,1219,9577
630812,182.4,183.1,182,182.5,776,9671
630813,182.3,183.2,182.2,183,822,9923
630814,183.2,183.7,182.1,182.4,582,9865
630815,182.3,183,181.6,182.7,1072,10202
630816,182.5,183.4,182.5,183.2,780,10097
630819,183.4,185,183.3,184.7,535,9985
630820,184.5,184.7,184,184.4,1104,9993
630821,184.3,184.4,183.6,183.7,611,9997
630822,183.4,183.7,183.2,183.6,462,10130
630823,183.7,184.4,182.7,184.3,756,10265
630826,184.4,184.4,183.4,183.6,1343,10504
630827,183.5,183.6,182.6,183,667,10482
630828,183,183.3,182.5,182.7,795,10660
630829,183,183.1,182,182.7,879,10587
630830,182.7,183.6,182.6,183.6,1409,11124
630903,184,185.1,184,185,926,10926
630904,185.1,186.4,185,186.2,1151,10967
630905,186.6,187.2,186.1,187.1,1977,11490
630906,187.1,187.2,186.2,186.7,1324,11512
630909,186.6,186.7,186.2,186.5,1270,11774
630910,186.3,187,186.2,187,857,11664
630911,186.7,188,186.7,187.4,991,11512
630912,187.3,188.4,186.6,188.3,1747,11934
630913,188.6,190.3,188.3,190.2,2309,12067
630916,192,195.4,191.2,193.3,1878,11894
630917,193.3,195.3,192.1,194.4,5550,13365
630918,195.4,196.6,194.5,195.4,3537,13351
630919,196.3,198.3,196.1,197.3,2619,13760
630920,198.7,204.6,198.4,202.6,2937,14075
630923,203.4,204,200,201.2,7071,15027
630924,203,203.4,201.2,203.1,5131,16173
630925,205,207,204.2,206,3302,16438
630926,206,206,202,202.2,4940,17559
630927,199,202,199,201.3,4883,17847
630930,203.4,206,203.4,205.4,4294,17522
631001,206.4,207.4,204.4,206,4623,17369
631002,203,205.6,202.1,204.4,4641,17472
631003,202.4,204.3,202.4,203.6,2816,17637
631004,203.6,204.6,203.2,204.2,2675,17989
631007,205.2,207.2,205.2,207,1557,18068
631008,208,209,205.4,205.6,2364,18140
631009,206.4,209,206.2,208.6,4036,18595
631010,209,209,207,208.2,4445,18951
631011,206.6,207.4,204,205,3434,19286
631014,205.2,207.6,205,207,3148,18985
631015,207.4,210,207,209.1,1682,19135
631016,209.4,210.6,208.4,210.4,4526,20614
631017,210,210.4,209,209.7,3702,21567
631018,209.4,210.5,209.2,209.4,3217,21888
631021,209.2,209.4,208.6,208.7,4514,22535
631022,209,209.7,208.6,209.1,2073,22451
631023,209.2,209.6,208.4,208.5,2532,23206
631024,209.2,209.6,209.1,209.6,3725,25116
631025,210,214,209.7,213.6,3586,25454
631028,213.2,214.2,212.2,213.3,4467,25559
631029,213.6,214.4,212.3,212.5,3012,25628
631030,213,213.4,211,212.5,1875,25888
631031,212.5,212.7,209.6,212,3624,26573
631101,212.2,213.4,212.1,213.3,3202,27274
631104,214,214,212.2,212.3,2075,27433
631105,211.4,211.4,210,211.1,1781,27545
631106,211.2,212.5,210.2,211.6,3809,28354
631107,210.4,214.4,210.4,213.6,2267,28094
631108,214.6,215.4,214.2,214.2,4437,27832
631111,215,215.2,214.1,214.5,3636,28358
631112,214.3,214.5,214.2,214.4,2080,29019
631113,214.4,214.5,214,214.4,843,28928
631114,214.4,214.6,213.6,213.6,1091,28879
631115,213,213.3,212.3,212.5,2787,29359
631118,212,212,208,210.2,2427,29237
631119,210,211.3,209.2,209.6,6723,29305
631120,208.4,211,208.4,210.2,1731,29006
631121,209.4,209.6,207.6,207.7,3543,29573
631122,207.4,208.2,204,206.6,5161,29456
631126,208,211.2,208,211,5292,29537
631127,211.6,212.4,211,211.4,6330,29344
631129,211.2,212.6,211.2,212.2,5753,31778
631202,211.2,213.2,211.2,213,5463,33371
631203,213,213,211.2,211.5,7409,34871
631204,211.2,213.6,210.4,213.5,5151,35382
631205,214.4,214.4,211.7,211.7,7133,34547
631206,211.6,213.4,211.6,212.6,7439,34611
631209,213.2,213.6,213,213.3,3196,34550
631210,213.3,213.3,212.1,212.6,3651,35004
631211,212.6,213,211.7,213,4297,35246
631212,213.6,214.2,213.4,214,4621,35114
631213,213.7,214,213.1,213.2,6413,35714
631216,212.6,213.3,212.5,212.7,4001,35244
631217,212,212.4,211.4,211.5,1961,35085
631218,211.7,212.6,211.7,212.2,5155,34629
631219,213.6,213.7,212.4,213.1,2719,34746
631220,213.4,213.6,213,213.1,4166,35229
631223,212.6,213.7,212.6,213.4,2365,35091
631224,214,214.2,213.4,213.6,2463,35411
631226,213.7,214.2,213.5,214.1,1451,35622
631227,214.6,215.2,214.6,215.1,1237,35633
631230,215.1,215.3,214.4,214.6,3143,35787
631231,214.6,215,214.5,214.7,3201,34908
640102,214.7,215.1,214.5,214.7,2035,34169
640103,216.1,217.6,216,217.5,2229,33217
640106,219.2,219.3,218.3,218.5,7035,33146
640107,218.4,219,217.5,218.2,3505,32821
640108,218.2,219.5,218.2,219,5654,29989
640109,219,219,218,218.4,2653,30402
640110,218.2,218.4,218,218.2,2713,29772
640113,218.4,219.7,218.4,219.2,1755,29494
640114,219.6,219.7,219,219.1,4051,29356
640115,219,219.1,218.2,219,3151,29469
640116,218.6,219.1,218.5,219,2105,29481
640117,218.5,218.7,218.3,218.5,695,29351
640120,217.4,218.4,217.4,218,2226,29620
640121,217.3,217.7,215.6,216,3638,29456
640122,215.4,216.4,215.3,215.3,4857,29337
640123,215.3,217.5,215.3,217.4,3324,29806
640124,217.6,218.2,217.3,217.4,4126,29508
640127,216.4,217.1,216,216.3,2385,29485
640128,216.3,217.2,216.3,217.1,2319,29647
640129,217.2,217.4,214.2,215.6,1136,29262
640130,215.4,216.1,214.6,215.5,5572,29157
640131,215.4,216.1,212.6,213.4,5081,27961
640203,215,215.6,214,214,5936,28664
640204,214.1,214.1,212.4,212.7,6776,27513
640205,212.2,214.6,212.2,214.4,4193,27257
640206,215,215.5,214.5,215.2,6092,27709
640207,215.3,215.7,215.2,215.4,3410,27089
640210,215.6,215.6,214.2,214.4,1830,27247
640211,214.3,215,213.7,214.7,2726,27578
640212,214.7,215.6,214.4,214.7,2405,27445
640213,215.2,217.2,215.1,216.7,2987,27298
640214,217.2,218,216.6,217.7,4363,27614
640217,215.6,216.4,214.6,216.4,5065,26854
640218,216,216,213,214,4442,26920
640219,214.4,214.4,212.7,213.6,5671,26903
640220,213.6,214.3,213.1,213.7,5632,27336
640224,212.4,212.4,209.4,211,4162,27636
640225,211.2,213.2,210.7,212.4,12103,27337
640226,213.4,213.5,209.4,210.2,6855,27689
640227,209.6,209.6,206,206.4,13305,29432
640228,207.4,208.4,207,207.2,15716,28237
640302,206.5,206.5,201.1,201.7,9764,28692
640303,202.2,204.4,201.2,203.3,18610,27482
640304,203.5,204.1,198,200.3,15049,26106
640305,201,202.4,198.3,199,18148,24530
640306,198.6,199,194.6,195.6,11917,24197
640309,195.4,196.6,192.1,195,21495,22090
640310,194.7,196.2,192.6,195.6,22200,23005
640311,195.6,197.6,195.2,195.2,14278,24278
640312,195,196.5,194.5,195.6,16313,24217
640313,196.2,199.1,196.2,198.4,10978,24273
640316,197.6,197.6,194.2,195.5,11460,24001
640317,195.2,195.6,191.6,192,11021,24417
640318,191.4,194,189.2,193.7,16495,24246
640319,193,196.2,191.4,195.4,22002,24609
640320,195.2,197.1,194,196.2,12198,25411
640323,195.6,196.1,193,193.3,9866,25924
640324,192.6,195.6,192.2,195.4,10027,25255
640325,196,198.1,196,197.2,11880,26634
640326,198,201.2,198,201,15919,27968
640330,202,205.4,201.2,205.1,17765,26404
640331,206,206.6,203.4,204,16438,25071
640401,204,204.4,202,203.7,14647,24738
640402,203.6,203.6,201.5,203,9391,25113
640403,203,203.4,200.4,202,11039,24187
640406,201.4,201.4,198.4,201,10098,23825
640407,201,203.1,200.4,202.4,12464,22865
640408,203.4,205,202.4,203.6,11326,22657
640409,208,209.4,205.6,206,14286,21375
640410,206.6,207.2,203.7,204.4,18795,21707
640413,204,208.2,204,208,12581,21484
640414,208.2,208.7,207.3,208.2,11810,22020
640415,207.2,207.6,202.6,202.6,9302,22388
640416,202.4,204.4,201.2,204.1,17233,22596
640417,203.6,204.3,202.1,203.6,16312,22092
640420,203.2,203.2,199.2,199.3,10230,22993
640421,198.6,201.4,197.7,201.2,13754,22227
640422,201.2,202.5,200,201,13923,20935
640423,201.7,204,201.6,203.7,11220,20969
640424,204.6,206,203.5,204.7,9979,20277
640427,204,204.5,201.1,201.7,10851,19273
640428,201.4,202.1,200.5,201.3,12405,18112
640429,201.2,201.2,199,200,6738,18175
640430,199.6,202.5,199.4,200,9513,17573
640501,199.4,199.4,195.6,197.7,9500,17085
640504,198,203.2,197.4,202.4,14256,16305
640505,203.2,205,201.2,202,13305,14385
640506,201.6,204.1,200.3,203.2,11253,14466
640507,203.2,203.4,201.2,202.1,8577,14287
640508,201.7,202.3,199.5,200.1,5499,14043
640511,200.6,202,195.1,196.2,7759,13398
640512,196.4,199.4,194.2,195.2,13619,11915
640513,195.6,203,195.4,202.2,12198,11875
640514,203.4,210.2,203.4,204.4,17886,10041
640515,205,208.6,203,204.4,16635,7768
640518,206,209.4,203.4,204,8379,6814
640519,206,208,200,204.4,7520,4571
