630701,165,166,163.4,166,0,0
630702,166.2,167.4,166.2,167,65,65
630703,167,169.6,166,167.4,430,425
630705,168.6,168.6,167.2,167.2,422,647
630708,166.6,167.2,166,166,180,667
630709,166.4,166.4,164.4,165.4,68,701
630710,165.4,165.4,161,162.4,145,816
630711,162,163.4,161.2,161.2,432,1043
630712,161.4,161.4,159.1,160.2,347,1239
630715,159.5,159.7,159.2,159.6,373,1249
630716,159.7,159.7,156.6,158.2,268,1335
630717,158.4,158.4,156.6,157.2,357,1435
630718,157.4,157.6,156.4,156.4,295,1637
630719,156.2,156.2,151.6,152,193,1719
630722,150.4,153,150.4,152.2,1142,2061
630723,152.2,153.3,150.7,152,993,2409
630724,153,153.2,151,152.4,1116,2780
630725,154.6,155,152.2,154.4,1067,2894
630726,154.6,155.6,153.4,155.4,973,2903
630729,155.6,156.4,153.6,154,727,3160
630730,154.1,155,153.7,154.5,1254,3510
630731,154.7,155.3,154.2,154.5,341,3578
630801,155,155.4,154.4,155.3,729,3835
630802,155.4,156.7,155.3,156,627,3993
630805,156,158,155.6,157.4,781,4269
630806,157.7,158.2,157.1,157.6,1037,4622
630807,157.6,157.6,156,157,679,4786
630808,157,157,155.2,155.2,796,4847
630809,155.4,155.4,154.3,154.4,1815,5436
630812,154,154.6,154,154.2,957,5369
630813,154.4,155.1,154.2,155,612,5280
630814,154.6,156.2,154.4,154.5,500,5396
630815,154.4,155.3,154.2,155.2,688,5601
630816,155.4,156.1,155.3,156,461,5812
630819,156,158.4,156,158.4,900,5972
630820,158,158.4,157.2,157.6,1351,6165
630821,157.3,157.7,157,157,1252,6895
630822,156.6,157.3,156.6,157,348,7027
630823,156.6,157.7,156.5,157.6,390,7122
630826,157.6,158,157.2,157.2,409,7059
630827,157.3,157.4,156.2,156.2,406,7075
630828,156.2,156.5,155.4,155.4,495,7090
630829,155.6,156.1,155.1,156,1191,7012
630830,156.2,157.7,156.2,157.5,473,7207
630903,157.7,159.2,157.3,157.7,442,7129
630904,158,158.4,158,158.2,1135,7340
630905,158.4,159,158.3,158.4,512,7447
630906,158.4,158.6,157.5,158.2,591,7698
630909,158.2,158.3,157.5,158.2,962,7883
630910,157.5,158.6,157.5,158.3,718,7979
630911,158.6,159,158.3,158.5,968,8077
630912,158.5,160.1,158.1,160,641,8213
630913,160.2,161,160,161,1143,8304
630916,162.4,165.1,162.4,163.2,1542,8565
630917,163,165.2,162.2,164.2,3135,9134
630918,164.4,165.2,163.2,164,2455,9249
630919,164.2,166.2,164,166,1703,9593
630920,167.2,170.6,167,169.4,2351,9807
630923,170.4,171.4,167.2,168,4047,10547
630924,168.7,170,168.4,169,3940,11391
630925,170,170.6,168.4,168.6,3234,11322
630926,169,169.2,165,165.2,3334,11633
630927,162.6,165,162.4,164.3,4798,11827
630930,166,167.6,165.7,166.6,3280,12567
631001,168,168.3,166,167.6,3098,13012
631002,165,167.6,164.6,166,2781,13558
631003,165.4,166.4,164.5,165.4,2140,13441
631004,165.4,169,165.4,169,1077,13537
631007,170,175,170,175,1834,13355
631008,177.2,178.4,175.4,175.6,7543,12488
631009,178,178.4,176,177.6,6043,13477
631010,178.2,179,173,174.4,5013,14358
631011,174,174.6,171,172.4,6981,15049
631014,172.2,176,172.2,175.2,4705,15294
631015,175.5,177.3,175.5,175.6,3697,15273
631016,175.2,176,173,174.6,3504,15839
631017,174.2,174.2,172.2,172.6,4921,17331
631018,172.5,172.5,171.2,171.5,2983,17645
631021,170.2,171.4,170,170.6,3213,18521
631022,171,172,170.7,171.7,2283,18679
631023,172.1,174,172.1,172.5,1471,18837
631024,173,174.4,172.6,174.4,2538,19377
631025,174.2,177.4,174.1,177.2,3532,20090
631028,176.4,177.6,175.6,177,4517,20561
631029,177.2,177.5,176,176.1,2769,20465
631030,176.4,177.2,175.2,176.6,2104,20412
631031,176.2,176.6,174.5,175.6,1640,20567
631101,175.5,177,175.5,176.5,1688,20715
631104,176.5,176.5,174.2,174.2,1084,20690
631105,174,174.2,173,174,2558,20456
631106,173.6,174.6,172.3,174,2290,20569
631107,172.6,174.7,172.6,174,2114,20863
631108,174.4,175.1,174,174.1,2476,21124
631111,175.2,175.4,174.3,174.5,2162,21569
631112,175,175.1,174.6,175,2282,21918
631113,175,175.6,174.6,175.6,640,21912
631114,175.1,176,175,175,1148,21812
631115,174.6,175,173.4,173.4,802,21763
631118,172.4,173,171.6,172.2,1999,21927
631119,172.2,173,171.1,172.2,3045,22065
631120,171.1,172.1,170.7,171.3,2573,21766
631121,171,171.1,166.4,167.1,1668,21749
631122,165,166.4,162.5,163,3423,22033
631126,165,168.4,165,168.4,5800,21877
631127,169,170.4,168.6,168.7,5262,22211
631129,169.3,170.6,169,170.1,4787,23299
631202,169.7,170.6,169.6,170.1,1839,23371
631203,170.4,171.4,170.1,170.3,2297,23116
631204,170.3,174.6,170.3,174.4,2404,23833
631205,175,175.4,172.4,173.2,7608,23277
631206,172.6,174.3,172.5,173.4,4661,23777
631209,173.7,175,173.7,174.1,2961,23872
631210,174,174.7,173.2,174.5,3429,25251
631211,174,174,172.6,174,3845,25261
631212,173.7,175,173.7,174.3,4548,25954
631213,174.3,174.7,173.5,173.6,2723,25764
631216,173.4,174.6,173.4,174.2,2491,25433
631217,173,174.5,173,173.6,1362,25154
631218,174.3,175.2,174,174.7,2506,24445
631219,177,179.4,175.4,176.5,1865,24051
631220,177,177.2,175,175.3,6356,24726
631223,175.4,177,175.2,177,2364,24392
631224,177.3,177.4,176.2,176.7,2021,24652
631226,176.7,176.7,176.3,176.5,1417,24802
631227,177,177.2,176.6,177.1,622,24941
631230,177,177.1,176.2,176.3,1194,25143
631231,176.2,176.6,176,176.5,1709,25100
640102,176.5,176.5,176.2,176.3,1015,25027
640103,176.7,177.6,176.7,177.5,625,24997
640106,178.4,179.4,178,179.2,2202,24880
640107,179,179.1,178,178.7,2345,24877
640108,178.4,179.1,178.1,178.3,1730,24871
640109,178.1,178.4,176.2,176.7,1212,25025
640110,176.6,176.6,176.2,176.5,3170,24917
640113,176.4,178.2,176.4,177.6,1410,24701
640114,178,178,176,176.4,1196,24935
640115,176.1,176.2,174.6,175.4,1871,25255
640116,175.4,176.1,175.2,175.3,2154,25710
640117,175,175.2,174.4,174.4,932,25727
640120,174.2,174.2,173.2,173.3,1531,25759
640121,173.2,173.2,171.2,171.5,1952,25621
640122,171.1,173,171,172.1,3441,25221
640123,172.1,174.1,171.7,173.4,2200,24879
640124,174,174,172.5,172.6,2497,24549
640127,172.1,173.4,171.6,173,1280,24771
640128,172.6,174.1,172.6,174,1175,24430
640129,174.2,174.6,172.2,172.7,1636,24487
640130,172.7,174.4,172.7,174,2552,24596
640131,174.2,174.5,169.2,169.6,2818,24581
640203,171,171.2,167.2,168.4,6709,25117
640204,168,168.2,167.2,168.1,4137,25143
640205,167.4,169.2,167.2,168.4,1959,25077
640206,169.2,170.2,169,169.4,2954,25097
640207,169.2,170.2,169.2,170.2,1929,25068
640210,170.6,170.6,168,168,1734,24967
640211,168.1,168.4,166.7,168,1909,25217
640212,167.6,168,167.1,167.4,3132,25123
640213,167.3,168.5,167.2,167.7,1829,25073
640214,168,168.4,167.6,167.7,1649,25115
640217,165.4,166.7,165.4,166.4,2027,24796
640218,166,166.3,165.3,165.6,3245,24490
640219,165.3,165.5,163.5,163.6,2280,24754
640220,163.6,163.7,162.6,162.6,5303,24940
640224,161.4,163.7,161.4,163.3,3277,25079
640225,164,164.1,163,163,4135,25267
640226,164,164.2,162.4,162.4,2713,25523
640227,162.4,163.3,161.7,162.5,3684,26471
640228,163.1,163.5,162.1,162.2,4303,26554
640302,162,162.6,160.4,161.4,2664,26699
640303,161.4,163.5,161.4,162.2,4979,26514
640304,162.6,163.2,161.4,162.1,3603,26617
640305,162,163.2,161.7,162,3765,26255
640306,162,162.5,161.1,161.5,2849,26308
640309,161.7,162,157.1,157.1,5321,26553
640310,157.4,158.4,156.4,158,9353,26160
640311,158,158,155.6,156,6614,26101
640312,155.6,157,155.4,156.1,5918,25974
640313,156,158.2,156,158,2985,25897
640316,157.5,157.6,156.1,157,3272,26283
640317,156.6,157.4,156.5,156.6,4245,26487
640318,156.7,157,154.4,156.1,3418,26568
640319,155.4,156.7,154.7,156,6013,26881
640320,156.2,157.6,156,157.3,3700,27157
640323,156.4,158.6,156.4,157.6,2962,26918
640324,157.2,158.4,156.6,157.2,4039,26021
640325,157.4,158.2,155.4,156.6,4948,26640
640326,157.2,157.6,156.5,157.3,5578,27683
640330,157.2,160,157.1,160,3592,27405
640331,160,160,157.7,158.1,6617,27167
640401,158,158.3,157.2,158.1,4681,27087
640402,158,158.6,157.2,158.1,2466,27406
640403,157.6,157.6,156.2,157.1,2721,26948
640406,156.6,156.6,153.6,155.3,3072,27250
640407,154.6,155.6,154.6,155.1,6588,27805
640408,155.2,156.4,155,156.2,3789,27590
640409,155,155,151.6,151.7,3630,27681
640410,152.1,152.7,151.4,152.4,10621,27517
640413,152,152.2,150.6,151.3,4562,27358
640414,150.5,152.3,150.4,151.6,4761,26810
640415,153.1,153.4,152,152.5,0,0
640416,152.7,153.2,152.4,153,505,380
640417,153,153,150.4,151,335,450
640420,150.6,151.4,150.5,151.2,585,725
640421,151.2,152.6,151,152.4,579,1032
640422,152.3,153,152.3,152.5,1340,2052
640423,152.3,153.2,152.2,153.2,331,2233
640424,153.2,153.5,152.1,152.2,449,2268
640427,152,152.7,151.6,152.5,503,2449
640428,152.4,152.5,152.2,152.4,1412,3306
640429,152.4,152.7,152.4,152.7,1026,3958
640430,152.6,153,151.5,151.5,389,4258
640501,151.4,152.5,151.4,152.5,772,4281
640504,152,154.4,152,154.4,753,4393
640505,154.4,154.4,153,153.2,860,4538
640506,153,153.4,152.5,153.3,814,4850
640507,153.4,153.5,152.6,153.2,1185,5385
640508,152.7,153.2,152.6,153.2,586,5675
640511,153,153.6,152.5,152.5,594,5927
640512,152.4,152.4,150.4,150.4,1318,6128
640513,149.4,150.2,149.2,150.1,1984,6752
640514,150.2,150.5,149.5,149.6,1412,7240
640515,149.6,150,148.1,148.5,1843,7790
640518,148.4,149.6,148.3,148.3,3782,9586
640519,148.2,148.4,147.6,148.3,3238,11281
640520,148.2,150,148,149.6,2740,12016
640521,150.1,151.6,150.1,151.5,2819,12273
640522,151.7,152.2,150.5,151.1,4558,12830
640525,150.7,154.4,150.6,153.4,3156,13466
640526,153,153,151.5,151.7,9141,14342
640527,151.7,151.7,150.5,150.7,7444,15196
640528,150.4,150.4,149,149.2,5454,15193
640601,149,150,149,149.5,6920,16172
640602,149.7,151.1,149.6,151,3406,16654
640603,151.2,151.2,149.5,150,3251,16923
640604,150.4,150.6,149.6,150.4,2109,16985
640605,150,150.2,148.7,149.3,2395,17141
640608,149,149,146.2,146.4,3526,17460
640609,146.2,146.2,144.4,144.7,6692,17053
640610,144.5,145.2,144.1,144.1,7555,18592
640611,144.2,145.2,144.1,144.2,4779,18606
640612,144.1,144.4,143.6,144,3895,17953
640615,144.4,145.4,144.4,144.4,3421,17830
640616,144.6,145.4,144.4,145.4,3254,17664
640617,145.6,146.2,143.4,143.4,2731,17816
640618,143,143.7,142.5,143.4,6763,17687
640619,143.6,144.1,142.4,143.6,4331,17797
640622,143.3,143.3,142.3,142.4,4530,18347
640623,142.4,143.1,141.7,142.5,3841,18018
640624,142.4,143.4,142.2,142.5,6083,17569
640625,142.6,142.6,141.6,141.7,4893,16873
640626,141.4,141.6,140.2,140.2,2908,16807
640629,140,140.7,139.7,140.3,5893,16305
640630,140.6,142.2,140.5,141.6,5522,16471
640701,142.1,142.2,141,141.1,6967,15059
640702,141,141,140.1,140.6,4601,13644
640706,141.4,143.3,141.4,142.7,3492,13318
640707,143.5,143.6,143,143.6,4801,12937
640708,143.6,144.3,143.4,144.1,2276,12622
640709,144.2,144.5,143.5,144.2,4661,11950
640710,144,144,142.6,142.7,3772,10397
640713,142.2,142.4,140.7,141.4,4881,9930
640714,141.4,142.7,141.4,142.6,1809,9569
640715,142.6,143,141.3,141.3,1834,8770
640716,141,141.3,140.3,140.4,3173,7409
640717,140,141.1,139.5,140.3,4997,5096
640720,140.3,141,139.5,139.5,2736,3240
640721,139.5,140,138.6,139,870,2887
640722,139.4,140.3,139.1,139.6,1542,2123
