630702,169,169.4,168.2,169,55,40
630703,170,172.4,168.4,170,25,50
630705,170,170,170,170,90,95
630708,169.4,171,169.4,169.7,15,110
630709,170,170.3,167.2,167.2,125,190
630710,167.4,167.4,163,164,75,190
630711,163.5,164.4,162.4,162.4,150,305
630712,162.4,162.4,160.6,161.4,165,350
630715,160.5,161.4,160.5,161,105,450
630716,161,161.4,158.2,159.6,66,483
630717,159.4,159.6,158.2,159,134,567
630718,158.6,159.4,158.2,158.2,82,643
630719,157.6,157.6,153.4,154,142,685
630722,152,154.4,152,153.4,270,748
630723,153.4,155.2,152.4,153.4,220,926
630724,154.6,155,152.4,154.2,156,966
630725,156,156.4,154,156.2,205,841
630726,156,157.6,156,157.2,212,820
630729,158.2,158.4,156.1,156.4,347,945
630730,156.4,157,155.4,156.4,523,1081
630731,156.6,157.3,156.4,156.4,185,1081
630801,156.6,157.4,156.4,157.2,85,1091
630802,157.4,158.7,157,157.6,50,1106
630805,157.6,160,157.6,159.4,313,1205
630806,159.5,160.4,159.2,159.6,110,1210
630807,159,159.2,159,159,116,1229
630808,158.6,158.6,157.4,157.4,137,1209
630809,157.2,157.3,156.4,156.6,282,1249
630812,156,156.7,156,156.4,428,1205
630813,157.1,157.1,156.5,156.7,261,1210
630814,157,158,156.4,156.6,35,1165
630815,156.6,157.4,156.4,157.2,195,1210
630816,157.4,158.1,157.4,158,195,1210
630819,158,160.4,158,160.2,621,1355
630820,160.2,160.2,159.2,159.6,396,1510
630821,159.4,159.4,159,159,635,1990
630822,158.6,159.3,158.6,159,10,1995
630823,159.1,159.6,158.6,159.6,118,2087
630826,159.6,160,159.3,159.3,102,2117
630827,159.4,159.4,158.3,158.3,21,2108
630828,158.2,158.4,157.6,157.6,40,2098
630829,157.2,158,157.1,158,55,2103
630830,158.4,159.6,158.4,159.4,61,2048
630903,160,161,159.5,160,130,2078
630904,159.7,160.4,159.7,160.2,195,2133
630905,160.4,161,160.4,160.6,70,2133
630906,160.5,160.6,159.6,160.3,96,2138
630909,160.6,160.6,159.7,160.2,240,2113
630910,159.5,160.5,159.5,160.5,261,2213
630911,160.4,160.7,160.4,160.4,46,2233
630912,160.6,162,160.3,162,155,2333
630913,162.2,163.2,162.2,163.2,77,2368
630916,164.4,167.2,164.4,165.2,160,2367
630917,165,167.2,164.2,166.4,642,2333
630918,167,167.4,165.3,166,328,2398
630919,166,168,166,168,166,2419
630920,169,172.2,169,171.6,394,2600
630923,173,173.2,169.2,170.4,952,2879
630924,170.6,172,170.6,171.4,523,2974
630925,171.4,172.4,170.2,170.4,584,3160
630926,171,171,166.6,167.4,724,3389
630927,165.4,166.6,164,166.3,848,3257
630930,167.4,170,167.4,168.4,585,3134
631001,169.2,170,167.4,169.4,848,3498
631002,166.2,169.2,166.2,168.2,652,3600
631003,167.2,168.1,166.4,167.4,301,3645
631004,168,171,167.4,171,280,3590
631007,172,177,172,177,321,3626
631008,179,180,177,177.4,1514,4022
631009,180,180.2,177.6,180,2120,4522
631010,181,181,175.4,175.6,1414,5170
631011,175.2,176.2,172.2,174,1446,5491
631014,174.4,177.6,174.4,177,1019,5529
631015,177.6,179.2,177,177.4,769,5460
631016,177.3,177.6,174.4,176.2,679,5686
631017,175,175.4,174,174.2,1222,6361
631018,174,174,172.7,173,803,6374
631021,172,172.6,171.6,172,669,6546
631022,172.4,173.6,172.4,173.6,448,6557
631023,173.7,175.2,173.6,173.6,283,6577
631024,174.4,176,174,175.4,658,6824
631025,175.4,178.6,175.3,178.6,1035,7187
631028,177.2,179,177,178.2,952,7313
631029,179,179.2,177.2,177.6,776,7335
631030,178.3,179,176.6,178.2,894,7622
631031,178,178,176,177,632,7683
631101,177,178.4,177,178,784,7917
631104,178,178,175.4,175.5,119,7930
631105,174.6,175.6,174.2,175.3,1075,7874
631106,175.3,176,174,175.2,571,8089
631107,174.1,176.2,174.1,175,1273,8679
631108,175.6,176.3,174.6,175.5,987,8708
631111,176.7,177.2,175.7,176,1477,8790
631112,176.2,176.4,176.2,176.2,395,8929
631113,176.4,177,176.3,176.6,130,8955
631114,177,177.1,176.4,176.4,165,9030
631115,176.2,176.3,174.5,174.5,403,9143
631118,174.2,174.2,172.6,173.6,805,9467
631119,173.3,174.2,172.4,173.2,1181,9462
631120,172.3,173.3,172.1,173,567,9485
631121,172.1,172.3,167.4,168.4,452,9448
631122,166,168,163,164,1756,9869
631126,168,169.6,167.4,169.6,2282,10138
631127,170,171.4,169.7,170.1,983,10021
631129,170.4,171.5,170.2,171.4,818,9991
631202,171,172,171,171.3,871,10335
631203,171.4,172.6,171.4,171.6,1046,10376
631204,171.2,176.4,171.2,176,700,10227
631205,176.2,176.6,173.7,174.2,3242,9225
631206,173.6,175.7,173.6,174.6,1401,9414
631209,175.5,176.4,175.1,175.4,728,9472
631210,175.2,176.3,174.4,176,1730,10412
631211,175,175.4,174,175.4,999,10234
631212,175.3,176.2,175.3,175.5,2059,11531
631213,175.4,176.2,174.7,175,732,11655
631216,175.1,176.1,174.7,175.6,637,11668
631217,174.6,175.7,174.4,175.2,730,11547
631218,175.6,176.4,175.4,176.3,826,11326
631219,180,180.4,177,178.2,846,11371
631220,178.2,178.4,177,177,2930,11463
631223,177.2,179,177.1,178.6,1188,11283
631224,179.2,179.3,178.1,178.7,1399,11472
631226,178.7,178.7,178.2,178.2,676,11443
631227,179,179.2,178.3,178.7,323,11477
631230,178.6,178.6,178.2,178.2,294,11484
631231,178.2,178.5,178.1,178.4,699,11381
640102,178.3,178.3,178,178.2,577,11443
640103,178.5,179.3,178.4,179.1,301,11509
640106,180,181.1,179.6,180.7,736,11319
640107,180.5,180.6,179.6,180.6,1326,11631
640108,180.3,180.6,180,180,716,11401
640109,180,180.2,178,178.5,300,11484
640110,178,178.6,177.7,178.5,1418,11240
640113,178,180,178,179.4,822,11078
640114,179.5,179.5,177.7,178,533,11089
640115,177.6,177.7,176.5,177.2,792,11087
640116,177.2,177.7,177,177.1,618,11105
640117,177,177,176,176,344,11113
640120,175.7,175.7,175,175,463,11089
640121,174.7,174.7,173,173.1,1380,10931
640122,172.7,174.5,172.5,173.5,1396,10571
640123,173.4,175.6,173.4,175,1258,10429
640124,175.3,175.3,174.2,174.3,1492,10688
640127,174.2,175.4,173.6,174.6,1290,11037
640128,174.2,175.6,174.2,175.6,495,11021
640129,175.6,176.4,174.2,174.6,274,11032
640130,174.5,176.2,174.5,176,1020,11091
640131,176,176.3,170.5,171.2,1127,10997
640203,172.4,172.6,169.2,170.2,2957,11218
640204,169.6,170,169,169.5,3207,11345
640205,169.4,171,169.1,170.2,1123,11400
640206,171,172,170.6,171.4,1618,11105
640207,171.3,172.2,171.3,172,1220,10991
640210,173,173,170.2,170.4,984,11002
640211,169.4,170.2,168.6,169.7,1175,11105
640212,169.5,169.6,169,169.2,995,11132
640213,169.3,170.4,169.2,169.5,912,11326
640214,170,170.2,169.4,169.6,673,11236
640217,169.3,169.3,167.4,168.2,630,11067
640218,167.6,168.1,167.2,167.2,1326,10922
640219,166.6,167,164.6,165.2,703,10969
640220,165,165.3,164,164,3287,12127
640224,163.2,165.2,162.6,164.7,1692,11925
640225,164.7,165.5,164.5,164.5,2269,12207
640226,165.4,165.6,164.1,164.3,1366,12349
640227,164,165,163.4,164.2,1428,11988
640228,165,165.4,164,164,2090,12558
640302,163.4,164.5,162.5,163.5,960,12505
640303,163.4,165.1,163.3,164.2,2076,12084
640304,164.6,165.1,163.4,163.5,1123,11869
640305,164.3,165,163.5,164.1,891,11752
640306,163.6,164.4,163.1,163.4,352,11738
640309,163.4,163.6,159,159,1482,11850
640310,159.4,160.4,158.4,160.1,3810,12350
640311,159.6,159.7,157.5,158.3,2119,11878
640312,158.1,159.1,157.5,158.4,1707,11573
640313,158.6,160.4,158.6,160.2,757,11908
640316,160,160,158.2,159,1012,11698
640317,159,159.4,158.5,158.7,760,11701
640318,158.7,159,156.5,158.1,529,11681
640319,157,158.6,157,158,976,11681
640320,158.3,159.5,158,159.2,1803,11661
640323,159.2,160.5,158.4,160,1036,11674
640324,159.4,160.4,158.7,159.1,1133,11777
640325,159.6,160.2,158.4,158.6,2248,12274
640326,159,159.6,158.3,159.4,2003,12652
640330,159,162,159,161.7,994,12769
640331,162,162,159.5,159.7,2561,13208
640401,160.2,160.2,159.1,159.7,2297,13633
640402,159.7,160.5,159.2,160,776,13621
640403,160,160,158.4,158.6,778,13786
640406,158,158.2,156,157.1,1568,13804
640407,156.6,157.5,156.5,156.7,3368,13931
640408,156.4,158.2,156.4,157.6,1515,14129
640409,155.4,156.4,153.4,154,1937,14013
640410,154,154.4,153.2,154.2,4812,14689
640413,153.5,153.5,152.3,153,1879,14563
640414,152.4,154,152.2,153.5,2585,14158
640415,154.1,154.2,153,153.1,1342,14481
640416,153.3,154,153.2,153.7,1355,14379
640417,153.6,153.6,151.2,151.7,1615,14498
640420,151.6,152.3,151.4,152.1,2457,14315
640421,151.6,153.3,151.6,153.2,1779,14418
640422,152.7,153.6,152.6,153.3,1168,13757
640423,153.1,154.1,153,153.7,2454,12948
640424,154,154.3,153.1,153.2,1005,12729
640427,152.7,153.6,152.6,153.4,582,12677
640428,153.1,153.3,153,153.3,544,12662
640429,153.1,153.5,153.1,153.4,347,12492
640430,153.3,153.5,152.1,152.3,263,12443
640501,152.4,153.3,152.2,153.2,562,12594
640504,152.5,155.2,152.5,155.1,955,12410
640505,155.1,155.2,154,154.1,1443,12267
640506,154.1,154.2,153.4,154.2,1372,12709
640507,154.2,154.3,153.2,153.5,1780,12349
640508,153.4,153.6,153.3,153.3,752,12242
640511,153.4,154.3,153,153.1,733,12003
640512,152.7,153,150.6,150.6,926,11951
640513,150.2,150.7,150,150.5,879,11848
640514,150.5,151.5,150.2,150.2,1224,11767
640515,150,150.3,148.5,149.2,903,11721
640518,149.1,150.4,149.1,149.2,1804,11207
640519,149.2,149.4,148.6,149.3,821,10975
640520,150.3,152,150,151.7,1662,9888
640521,152.1,154,152.1,153.3,2176,10463
640522,153.6,154.4,152.6,153.2,3156,11240
640525,153.4,157.2,152.7,155.6,1898,11453
640526,155.6,155.6,154,154.2,6202,11968
640527,153.4,153.6,153.2,153.3,3363,12392
640528,152.6,153,151.5,151.6,1679,12735
640601,151.4,152.6,151.4,152.2,2634,13299
640602,152.6,153.5,152.3,153.3,1737,13455
640603,153.3,153.3,152.1,152.6,2097,13246
640604,153,153.4,152.3,153,975,13168
640605,152.5,152.5,151.2,151.5,1356,13421
640608,151.2,151.3,148.5,148.7,2866,13117
640609,148.6,148.6,147,147.2,4926,13521
640610,147,147.6,146.4,146.6,7791,14048
640611,146.7,147.7,146.6,146.6,3655,14606
640612,146.5,147.1,146.2,146.5,1591,15088
640615,147.4,148.1,147.1,147.2,2245,15939
640616,147,148.2,147,148.1,3693,16129
640617,148.2,148.4,145.6,146,2261,16060
640618,145.6,146.2,145,146,4667,17106
640619,146.2,146.4,144.7,146.2,3198,17762
640622,146.1,146.1,144.6,145,3570,18434
640623,144.6,145.5,144.4,145.1,2782,18894
640624,145.2,146.1,145.1,145.3,3123,19203
640625,145.2,145.2,144.2,144.3,3344,20003
640626,144.2,144.2,142.6,142.6,3373,20350
640629,142.4,143.2,142.2,142.5,5414,20830
640630,143,144.4,143,144.1,5343,20929
640701,144.3,144.6,143.4,143.4,4698,20967
640702,143.5,143.5,142.4,143.2,2839,21100
640706,143.3,145.5,143.3,145.3,6288,21621
640707,145.5,146,145,145.4,5957,21931
640708,145.5,146.3,145.3,146.1,5789,22644
640709,146.2,146.3,145.4,146,6809,23930
640710,145.4,145.5,144.5,144.6,6830,24425
640713,144.2,144.2,143.2,143.2,7141,25086
640714,143.4,144.6,143.4,144.5,8950,26249
640715,144.6,144.7,143.4,143.4,5931,28043
640716,143,143.3,142.3,142.5,5894,29082
640717,142,143.2,141.6,142.3,8504,30040
640720,142.4,143.2,141.6,141.7,11037,31091
640721,141.6,142,140.6,141.1,11195,32321
640722,141,142.4,140.7,142.3,9024,32110
640723,142.7,143.3,141.6,143.1,7810,33246
640724,142.6,143.3,142.3,142.5,5309,33399
640727,142.4,142.4,141.6,141.6,6448,34994
640728,141.7,141.7,140.4,140.7,3495,35308
640729,140.7,142.2,140.5,141.6,5400,34847
640730,141.5,141.7,141.2,141.2,6285,34215
640731,141.1,141.5,140.6,140.7,2005,33916
640803,141.6,142.2,141.2,142,3371,33000
640804,141.6,141.6,140.2,140.5,2804,32632
640805,142,142.7,141,142.6,4829,32481
640806,141.6,141.6,140.6,140.6,4499,31208
640807,140.5,141.7,139.7,141.3,3875,30644
640810,140.6,141,140.2,140.5,6786,29673
640811,140.3,140.6,140.1,140.2,2156,29339
640812,140,141.6,139.7,141.4,1448,29010
640813,141.2,142.2,140.6,141.4,3441,27811
640814,141.4,142.6,141.4,142.3,3976,26231
640817,142.6,143.4,142.6,143,3227,25275
640818,143,143.2,142.3,142.7,3671,24007
640819,142.7,144.2,142.6,144.1,1585,23775
640820,143.4,144,143.4,143.7,3178,22525
640821,143.3,143.7,143.2,143.6,1001,22089
640824,143.2,144.1,143.2,143.5,1943,21493
640825,143.3,143.4,143,143.3,1103,21115
640826,143.4,144.1,143.2,143.4,2209,20138
640827,143.2,145.2,143.1,144.3,1662,19936
640828,144.4,145.1,143.7,144,3210,18528
640831,144,144.1,143,143.1,3606,17264
640901,143.2,144,143,143.4,3948,14992
640902,143.3,144,143.1,143.4,2076,14089
640903,143.4,144.2,143.4,143.4,2079,13415
640904,143.4,143.5,142.5,142.5,2952,12450
640908,142.7,143.3,142.6,143.2,2235,11258
640909,143.2,143.6,143,143.3,1251,10238
640910,143.4,143.6,143.4,143.5,1098,9580
640911,143.5,144.7,143.5,144.7,1369,8921
640914,144.4,145.6,144.4,145.4,1364,8417
640915,145.5,147.7,145.5,147.7,2504,7189
640916,148.2,148.5,147.4,147.7,3084,5674
640917,147.6,149.5,147.2,149.4,1959,4638
640918,149.5,150.2,147.6,149.5,2371,3485
640921,148.5,149.4,147.4,147.4,2848,2748
