640415,162.4,162.4,161.4,161.5,0,0
640416,162,162.2,161.4,161.6,40,40
640417,161.4,161.5,159.5,160.2,173,163
640420,159.6,161,159.6,161,128,250
640421,160.4,162,160.2,162,131,331
640422,162,162.2,162,162.1,294,543
640423,162.4,163.1,162.4,162.5,30,563
640424,163,163,161.6,161.6,144,609
640427,161.6,162.1,161.3,161.5,255,644
640428,161.3,162,161.2,161.7,345,844
640429,162,162.2,161.6,162,156,964
640430,162,162.2,161,161.2,25,974
640501,161,162,161,162,705,1156
640504,161.6,164,161.6,164,101,1189
640505,164.1,164.1,162.7,163,174,1176
640506,163.1,163.1,162.5,163,120,1196
640507,163,163.1,162.2,162.4,102,1208
640508,162.2,162.4,162.2,162.2,760,1868
640511,162.2,162.6,161.7,161.7,61,1898
640512,160.6,161.4,159.4,159.4,50,1928
640513,159,159.2,158.4,159.2,214,1968
640514,159.2,160,159.2,159.2,190,2013
640515,159,159.2,157.4,158.1,301,2153
640518,158,159,158,158.2,325,2299
640519,158.2,158.3,157.5,158.2,464,2659
640520,158.2,159.7,158.1,159.6,860,3192
640521,160.1,161.6,160,161.4,621,3572
640522,162,162,160.7,160.7,1019,4004
640525,161,164.4,160.6,163.6,751,4323
640526,162.4,163.2,162,162.4,995,4722
640527,162.1,162.1,161.4,161.4,1634,4915
640528,161.2,161.2,160,160,1593,5281
640601,160,161,160,160.6,950,5504
640602,161,162,160.6,161.7,862,5798
640603,162.2,162.2,160.5,161.1,1442,6775
640604,161.1,161.6,160.6,161.4,1234,7611
640605,161.2,161.2,159.5,160.2,778,7920
640608,159.5,159.6,157.3,157.3,1263,8376
640609,157.2,157.3,155.5,156,1951,8727
640610,156,156.5,155.4,155.6,3708,10846
640611,155.5,156.7,155.5,155.6,1125,11275
640612,155.3,156.1,155.2,155.6,746,11732
640615,156,157,156,156.3,1256,12149
640616,156.2,157.4,156.1,157.2,1986,12802
640617,157,157.2,154.6,155.2,1388,13460
640618,155.1,155.3,154.3,155.2,2095,14178
640619,155.3,155.6,154.2,155.3,1505,14601
640622,155,155,154.2,154.4,2004,15298
640623,154.2,155,153.7,154.4,1158,15403
640624,154.5,155.2,154.2,154.3,1913,15897
640625,154.1,154.2,153.1,153.1,2111,16929
640626,153,153.1,151.4,151.4,2897,18236
640629,151,151.6,150.6,151.1,6126,19879
640630,151.5,153,151.4,152.3,9875,23146
640701,153.2,153.4,151.6,151.7,5152,23841
640702,151.6,152.2,151.1,152.1,4216,24977
640706,153,154.3,152.5,154,5040,27296
640707,154.2,154.4,153.4,153.6,6538,28857
640708,154,154.3,153.5,154.1,2765,29286
640709,154.4,154.4,153.5,153.7,3949,29899
640710,154,154,152.4,153,1865,30465
640713,152.4,152.4,151.5,151.7,5425,32196
640714,151.6,153.1,151.6,152,5439,33460
640715,153,153.2,151.6,151.7,3191,34803
640716,151.6,151.6,151,151.2,4407,36271
640717,151,151.4,150.3,151.1,4888,37812
640720,150.7,151.6,150,150.2,7296,41027
640721,150.1,150.2,149.2,149.2,5859,42945
640722,149.3,151,149.2,150.6,4312,43530
640723,151.1,152,150.4,151.7,6668,45832
640724,151.6,152.1,151.1,151.4,4364,47522
640727,151.5,151.5,150.5,150.5,4243,49010
640728,150.5,150.6,149.5,149.7,2730,49753
640729,149.6,151.2,149.5,150.6,6744,52145
640730,150.5,150.6,149.7,149.7,5238,53528
640731,150.1,150.3,149.4,149.6,2121,53752
640803,149.7,150.5,149.7,150.5,5188,55014
640804,150.2,150.2,148.6,148.6,2609,56066
640805,151.4,151.4,149.3,151.1,9856,56879
640806,150,150.1,149.1,149.2,8012,56973
640807,148.7,150,148.2,149.3,6167,57820
640810,149.2,149.2,148.3,149,6073,58599
640811,148.4,149,148.3,148.4,2768,59099
640812,148.3,149.7,148.1,149.6,3067,59638
640813,149.4,150.4,149,149.5,4950,59608
640814,149.6,150.6,149.6,150.4,3031,60229
640817,150.6,151.4,150.6,151.1,2372,60155
640818,151.3,151.3,150.5,151,2977,59949
640819,150.6,152.3,150.6,152.1,2657,60808
640820,151.6,152,151.4,151.7,4769,60279
640821,151.6,151.7,151.2,151.6,1729,60587
640824,151.4,152.1,151.3,151.6,1535,60920
640825,151.2,151.4,151,151.4,2382,60630
640826,151.4,152,151.3,151.3,2230,60826
640827,151.2,153.5,151,152.6,3379,61866
640828,153,153.4,152.2,152.2,3129,61350
640831,152.5,152.5,151.4,151.7,4577,62792
640901,151.5,152.1,151.4,151.6,2502,63282
640902,151.6,152.2,151.4,152,2562,55959
640903,152.1,152.3,151.6,151.7,1982,56186
640904,151.5,151.7,150.5,150.7,2951,57015
640908,151,151.2,150.5,151,4632,57033
640909,151.1,151.3,150.6,151,1763,57229
640910,151,151.2,151,151.1,2291,56931
640911,151.1,152.2,151.1,152.1,1722,56588
640914,152.1,152.6,151.7,152.6,2873,57014
640915,152.7,154.6,152.7,154.6,3375,56729
640916,155.2,155.5,154,154.1,5858,56728
640917,154.2,155.3,153.4,155.1,5769,56841
640918,154.5,155.4,154,155.4,4282,56609
640921,155,155.1,154,154.1,5008,56579
640922,154.2,154.2,153.2,153.4,2736,56998
640923,153,153,152.2,152.7,4188,57469
640924,152.7,152.7,151.3,152.2,5153,57470
640925,151.6,152.5,151.4,151.7,7462,57566
640928,151.6,152.6,151.6,152,4010,57225
640929,152.2,152.3,151.6,151.7,1543,57418
640930,151.7,152,151.3,151.4,1591,57743
641001,151.5,152.3,151.4,152.2,3727,57717
641002,152.3,153.3,152.2,152.3,3376,57138
641005,152.5,152.7,152,152.1,3499,56752
641006,152.1,152.6,152,152.4,1346,56397
641007,152.6,153.2,152.3,153.2,1459,56365
641008,153.4,153.7,153,153.2,3202,55815
641009,153.5,155.3,153.5,154.4,2075,55628
641012,154,154.1,153.5,153.6,5491,54442
641013,153.2,153.4,152.1,152.3,1763,54340
641014,152,152.2,151.4,152,5115,55004
641015,151.6,153.1,151.6,152.2,3178,55292
641016,152.1,152.7,152,152.4,1935,55103
641019,153,154.1,153,154,1128,54924
641020,154.2,154.7,154.2,154.5,2048,54750
641021,154.7,155.2,154.3,154.5,3704,53976
641022,154.3,154.5,153,153.2,4210,54230
641023,153.2,154.3,153,153.4,3406,54405
641026,153.4,154.4,153,154.1,2504,54683
641027,154.3,154.5,153.1,153.1,2109,54882
641028,153.2,153.2,152.3,152.6,2146,54917
641029,152.6,153.5,152.5,153.3,2486,55256
641030,153.6,154.3,153.6,154.2,2501,55254
641102,154.4,154.6,154.3,154.5,2603,55119
641104,155,155.3,154.2,154.5,1966,54659
641105,154.7,155.2,154.7,155.2,5387,52535
641106,155.2,155.3,154.1,154.2,2336,52147
641109,154.3,154.6,154.2,154.5,2996,52047
641110,155,156.2,155,156,1414,51799
641111,155.6,156,155.4,155.6,8734,53037
641112,155.7,156.1,155.3,156,2250,52749
641113,156.2,156.4,155.3,155.5,2940,52726
641116,155.2,155.4,154.3,155.2,3694,53317
641117,155,155.2,154.5,155.2,3516,53170
641118,155.2,155.5,154.7,155.4,2239,53485
641119,155.3,155.6,154.7,154.7,1754,53305
641120,154.6,154.6,154.2,154.3,2828,53027
641123,155,155.6,155,155.4,2476,52846
641124,155.2,155.2,154.5,155.2,2725,52360
641125,155.1,155.2,154.5,154.5,831,52332
641127,154.4,155,154.4,154.4,2043,52407
641130,154.5,155,154.4,154.4,2794,53166
641201,154.6,154.6,151.6,152.1,3855,53866
641202,151.2,152,150.2,151.4,7491,54060
641203,151.6,152.4,151.4,151.7,6842,54095
641204,152.1,152.6,152.1,152.2,3230,54211
641207,152,152.5,152,152.2,2383,54442
641208,152.3,152.4,151.6,151.7,2491,54125
641209,151.6,152.1,151.6,151.7,2431,53679
641210,151.6,151.7,151.3,151.4,2301,53668
641211,151.3,151.7,151.2,151.5,2929,53913
641214,151.6,152.4,151.6,152.1,1812,53828
641215,152.2,153.2,152,152.5,2622,53742
641216,152.3,153.1,152.3,153,3646,53284
641217,153.2,153.3,153,153.1,1788,52894
641218,153.2,154,153.2,153.7,1911,53029
641221,153.5,154.3,153.4,153.7,3973,52778
641222,153.5,153.5,152.3,152.5,3242,52325
641223,152.2,152.2,150.6,150.7,3292,52064
641224,150.6,151.2,150.5,151.2,5032,51963
641228,151.3,151.3,150,150.1,1274,51998
641229,150,150.1,148.5,148.5,2761,51950
641230,148.4,149.7,148.4,149.5,4564,50686
641231,149.5,150.1,149.5,149.7,2571,49612
650104,149.2,150.2,149,150.1,1534,49539
650105,150.2,150.7,150,150.6,2076,48940
650106,150.4,151,150.1,150.2,1821,48313
650107,150.1,150.7,150,150.6,1938,47683
650108,150.6,151.2,150.6,151.2,2507,47547
650111,150.2,151,150.2,150.6,3076,45856
650112,150.6,150.6,149.2,149.4,2702,45039
650113,149.3,150,148.5,150,4135,43036
650114,149.6,149.6,148.6,148.7,3007,42952
650115,148.6,149.2,148.3,148.5,1818,42832
650118,148.6,149,148.4,148.5,1719,40221
650119,148.4,148.4,147,147.1,1970,40587
650120,146.6,146.6,145.7,145.7,4430,38730
650121,145.7,147.4,145.7,147.1,3858,36746
650122,147.6,148,147.2,147.5,2568,35791
650125,147.3,147.5,146.3,147,3244,34543
650126,147.4,149,147.4,148.7,1659,33803
650127,151,151.6,149.7,150.7,2052,33427
650128,151.4,151.5,150.6,151.5,5922,32027
650129,151.6,152.3,151.5,151.7,2505,31720
650201,151.4,151.4,150.3,150.3,2622,32092
650202,150,150.1,149.4,149.7,2055,31540
650203,149.5,151,149.4,150.6,2636,30847
650204,151.4,151.4,151,151.3,1487,30620
650205,151,151,150.6,150.7,1535,29557
650208,151.4,151.5,150.6,151.1,744,29435
650209,150.6,150.7,150.2,150.5,1563,28950
650210,150.3,150.5,148.6,150.3,1056,28660
650211,150.4,150.6,149.6,150,2308,27659
650212,149.7,150,149,149.4,1026,27497
650215,149,149.2,148.7,149,574,27202
650216,149,150.1,148.5,149.7,1093,27248
650217,149.6,150,149,149,1944,26643
650218,149,149.4,148.5,148.6,1415,26575
650219,148.6,149,148.2,148.7,1492,26285
650223,148.7,149,148.2,148.6,2350,26293
650224,148.4,148.7,148.2,148.6,3133,24265
650225,148.4,148.7,148.3,148.7,3384,22477
650226,148.7,149.2,148.7,149.1,4311,20088
650301,148.7,149.6,148.6,149.3,3980,17852
650302,149.1,149.4,149.1,149.2,3947,15052
650303,149.2,149.4,149.1,149.3,1913,13511
650304,149.6,151.4,149.6,151,1538,12294
650305,151,151.4,150.1,150.7,3737,9749
650308,150.4,150.7,149.7,150.5,1436,8741
650309,150.4,151,150.3,150.7,1662,7840
650310,151,151.4,150.5,150.7,830,7344
650311,150.7,151.1,148.1,148.2,876,6959
650312,147.7,148.3,147.4,148.2,3017,5931
650315,148.4,148.4,147.5,148.2,1035,2815
650316,147.7,149.4,147.6,149.3,400,2506
650317,148.6,149.4,148.2,148.3,998,2588
650318,148.1,148.3,146.2,146.2,688,1862
650319,146.2,146.5,146.1,146.1,821,1351
650322,146.2,147.1,146.2,147,1191,916
