640601,161,162,161,161.4,0,0
640602,161.7,163,161.6,163,230,230
640603,163.2,163.2,161.4,161.5,1006,1051
640604,162,162.4,161.4,162.4,875,1816
640605,162.3,162.3,160.4,161.2,120,1846
640608,160.7,160.7,158.2,158.3,358,2094
640609,158.1,158.2,156.3,157,615,2385
640610,156.5,157.4,156.4,156.6,898,2831
640611,156.4,157.5,156.4,156.4,450,2950
640612,156.3,156.6,156.2,156.4,307,3116
640615,157.2,157.7,157,157.1,252,3247
640616,157,158.2,156.6,158.2,920,3555
640617,158,158.1,155.4,156,454,3950
640618,155.7,156.2,155.2,156.1,575,4143
640619,156.3,156.6,155.1,156.3,468,4420
640622,156,156,155.1,155.2,239,4537
640623,155.1,155.5,154.6,155,347,4663
640624,154.7,156,154.7,155.1,773,4995
640625,154.7,155,153.7,153.7,676,5426
640626,153.6,153.6,152.1,152.1,956,5811
640629,152,152.5,151.4,152,1593,6366
640630,152.1,153.4,152.1,153.2,3306,8257
640701,153.4,153.7,152,152,2383,8864
640702,152.2,152.2,151.4,152.2,2068,9508
640706,153.2,154.4,153.1,154.3,1808,10417
640707,154.7,155,153.6,153.6,2020,11191
640708,154.2,154.5,153.7,154.4,1533,11420
640709,154.5,154.5,154,154.2,1132,11906
640710,154,154.1,153.1,153.4,1190,12362
640713,152.7,153,152.2,152.4,2011,13335
640714,152.7,153.6,152.7,153.6,3209,14922
640715,153.7,154,152.4,152.4,1338,15318
640716,152.4,152.4,151.6,151.6,1925,16203
640717,151.6,152.3,151.1,151.7,1682,16605
640720,151.5,152.5,150.6,150.6,1747,17203
640721,150.5,151.1,150.1,150.1,2947,18196
640722,150.1,151.5,150,151.5,2268,19170
640723,151.4,152.7,151.2,152.6,2098,19753
640724,152.5,153,152,152.4,2751,21082
640727,152.3,152.5,151.4,151.5,2073,21943
640728,151.5,151.6,150.4,150.6,1325,22285
640729,150.6,152.1,150.5,151.6,2743,23588
640730,151.5,151.5,150.4,150.5,3976,24731
640731,151,151.2,150.3,150.7,2112,25263
640803,151.2,151.6,151,151.5,1655,25914
640804,150.7,150.7,148.7,149,1537,26542
640805,150.4,151.5,149.2,151.4,7874,28020
640806,150.7,151,149.6,149.7,5282,28525
640807,149.6,150.5,149,150,3718,29364
640810,150,150,148.7,149.3,2905,29691
640811,149.2,149.6,148.7,149.2,1688,29738
640812,148.7,150.7,148.6,150.2,1467,30331
640813,150.3,151.2,149.6,150,2293,30189
640814,150,151.2,150,150.6,1144,30373
640817,151,151.6,151,151.6,1620,30642
640818,151.7,151.7,151.2,151.5,1387,30645
640819,151.4,153,151.3,152.7,2472,31504
640820,152.6,153,152.4,152.7,2395,32096
640821,152.3,152.6,152.2,152.6,929,32374
640824,152.5,152.7,152.3,152.3,1197,32602
640825,151.7,152.4,151.7,152.4,986,32711
640826,152.4,152.7,152.1,152.1,2332,33166
640827,152.2,154.4,151.7,153.4,2379,33416
640828,154,154.2,153.1,153.1,1393,33332
640831,153.6,153.6,152.3,152.6,2451,34020
640901,152.5,153.1,152.3,152.5,2454,34285
640902,152.5,153.1,152.3,152.7,1709,28188
640903,153,153.2,152.5,152.5,504,28141
640904,152.4,152.6,151.4,151.5,678,28225
640908,151.4,151.7,151.4,151.6,1345,28297
640909,151.7,152,151.5,151.6,694,28219
640910,151.7,152,151.6,151.6,473,28254
640911,152.1,153,151.7,152.6,343,28323
640914,152.6,153.5,152.6,153.4,883,28116
640915,153.7,155.2,153.5,155.2,1054,28225
640916,155.6,156,154.2,154.5,3158,28563
640917,154.3,155.6,154,155.2,2847,28378
640918,155.3,156,154.3,155.6,1419,28596
640921,155.5,155.6,154.4,154.5,3779,29468
640922,154.3,154.5,154,154.2,778,29574
640923,153.7,153.7,153.1,153.5,1056,29720
640924,153.5,153.5,152.2,152.7,2215,29319
640925,152.5,153.4,152.3,152.6,3087,29689
640928,152.7,153.4,152.6,153,1966,29558
640929,152.7,153.1,152.4,152.6,915,29721
640930,152.7,152.7,152,152.2,821,29710
641001,152.4,153.2,152.3,153,2456,29622
641002,153.2,153.7,153,153,1906,29633
641005,152.7,153.2,152.6,152.6,1192,29144
641006,152.7,153.3,152.6,152.7,619,29086
641007,153.1,153.7,152.7,153.5,1216,28735
641008,153.6,154.1,153.2,153.3,1114,28156
641009,153.4,155.6,153.4,154.6,1241,27940
641012,154.6,154.6,154.1,154.2,1630,27662
641013,154,154,153,153,796,27684
641014,152.7,153,152.2,152.6,2205,28246
641015,152.7,153.7,152.6,153,1524,27896
641016,153.2,153.5,152.7,153.2,1081,27770
641019,153.7,154.6,153.7,154.5,609,27720
641020,154.7,155.2,154.7,155,721,27635
641021,155.2,155.4,154.5,154.7,1034,27586
641022,154.4,154.5,153.1,153.2,1285,27662
641023,153.3,154.4,153.2,153.6,1577,27678
641026,153.7,154.6,153.2,154.3,1099,27573
641027,154.6,154.7,153.4,153.4,843,27806
641028,153.3,153.4,152.6,153,1053,28027
641029,153.2,154.3,153.2,153.3,1002,28202
641030,153.6,154.7,153.6,154.5,1247,28346
641102,154.7,155.2,154.7,155,1235,28120
641104,155.2,156,154.6,155,1668,27908
641105,155.1,155.5,155.1,155.3,1651,27642
641106,155.2,155.3,154.1,154.5,995,27720
641109,155,155.2,154.6,155.1,1468,27799
641110,155.4,157,155.4,156.6,667,27833
641111,156.2,156.6,156.1,156.5,4354,28777
641112,156.7,157.3,156.3,156.7,2078,29317
641113,157.4,157.7,156.7,157.1,2697,29219
641116,156.3,156.7,155.5,156.4,2252,29108
641117,156,156.3,155.7,156.2,2652,28814
641118,156.2,156.6,156.1,156.5,1579,28959
641119,156.4,156.6,155.7,156,703,28971
641120,155.5,155.6,155.1,155.2,1795,28448
641123,156,156.6,156,156.3,1480,28453
641124,156.3,156.4,156.1,156.2,1491,28439
641125,156.2,156.2,155.4,155.4,934,28638
641127,155.4,156,155.3,155.4,1596,28436
641130,156,156,155.3,155.5,1062,28757
641201,155.4,155.4,152.5,153,1406,28560
641202,152.6,153.1,151.4,152.4,4242,28519
641203,152.5,153.5,152.5,152.7,4657,28350
641204,153.1,153.5,153,153.2,2450,28523
641207,153.4,153.4,153.1,153.2,1882,28548
641208,153.2,153.3,152.5,152.6,2217,28659
641209,152.5,152.7,152.4,152.4,1192,28819
641210,152.5,152.5,152,152,821,28884
641211,152.1,152.2,151.5,152.2,1038,28860
641214,152.1,152.6,152,152.4,1723,28707
641215,152.6,153.3,152.2,152.7,1782,28825
641216,152.6,153.3,152.5,153,3386,28442
641217,153.2,153.4,153,153.2,1664,28417
641218,153.1,154.1,153.1,153.7,891,28411
641221,153.6,154.3,153.5,153.7,2817,27895
641222,153.6,153.6,152.4,152.5,1850,27936
641223,152.3,152.3,150.4,150.6,3133,28547
641224,150.5,151.3,150.4,151.2,4553,28922
641228,151,151,150.2,150.2,1517,29052
641229,149.7,149.7,148.6,148.7,2291,28893
641230,148.7,150.3,148.6,148.7,3690,28179
641231,149.7,150.5,149.7,150.3,2086,27991
650104,150.2,150.6,150,150.4,1536,27723
650105,150.3,151.2,150.2,151.2,1536,27430
650106,151.2,151.5,150.4,150.5,2036,27009
650107,150.1,151.2,150.1,151,1550,27174
650108,151,151.4,151,151.4,2071,27338
650111,150.6,151.2,150.3,151,1597,27337
650112,150.4,150.7,149.6,149.6,1427,27349
650113,149.5,150.4,149,150.2,3737,25378
650114,150.1,150.2,149.1,149.2,3499,26315
650115,149,149.7,148.5,149,1993,26220
650118,149.2,149.5,149,149.2,1455,24376
650119,149.2,149.2,148,148.1,1274,24469
650120,147.6,148,147,147.1,3654,24638
650121,147.1,148.5,147,148.2,3838,23572
650122,148.5,149,148.3,148.4,2763,23117
650125,148.6,148.7,147.4,148,3464,22874
650126,148.7,150,148.5,150,1902,22564
650127,152,153,151.2,151.6,3036,22601
650128,151.7,152.4,151.5,152.2,5723,22280
650129,152.5,153,152.4,152.4,2585,22416
650201,151.5,152,151.1,151.1,2891,24331
650202,151,151,150.2,150.4,2048,24424
650203,150.4,151.5,150.3,151.3,2243,24786
650204,152.2,152.2,151.6,152,2721,24870
650205,151.7,151.7,151.3,151.6,2163,25390
650208,153,153,151.5,151.7,967,25631
650209,151.4,151.7,151.1,151.4,2428,26009
650210,151.2,151.4,149.7,151.3,1692,25901
650211,151.7,151.7,150.7,151,2938,24835
650212,151.1,151.1,150.3,150.7,1482,25029
650215,150.2,150.6,150.2,150.5,731,24915
650216,150.4,151.6,150.2,151.5,1512,25136
650217,151.6,151.7,150.7,150.7,1768,25439
650218,151,151.3,150.4,150.7,2211,26404
650219,150.6,150.7,150.2,150.6,1590,26320
650223,150.6,150.6,150.1,150.4,1949,26645
650224,150.5,150.5,150.2,150.3,2141,26510
650225,150.1,151,150.1,150.7,2292,26310
650226,151.2,151.4,151,151.3,2531,26923
650301,151.2,151.6,151.2,151.4,2312,27496
650302,151.3,151.5,151.2,151.3,2701,27883
650303,151.2,151.3,151,151.1,1618,28244
650304,151.2,152.2,151.2,151.7,1474,28103
650305,152.1,152.4,151.2,151.3,4441,27614
650308,151,152,150.6,151.3,2652,27357
650309,151.2,151.7,151,151.7,2708,27781
650310,151.5,152.1,151.4,151.6,2292,27086
650311,151.6,151.7,150.1,150.2,2219,27012
650312,149.7,150.3,149.3,150,5401,27428
650315,150,150.4,149.4,150.3,3767,27264
650316,149.7,150.6,149.4,150.5,1464,26806
650317,150.4,150.6,149.4,149.4,2188,26887
650318,149.4,149.5,148.2,148.2,2069,26891
650319,148,148.3,148,148.1,4045,26868
650322,148.2,149,148.2,148.7,2454,26886
650323,149,150,148.7,149.4,2537,27174
650324,149.4,149.6,149,149.4,2244,27669
650325,149.3,149.6,149.2,149.4,1489,27663
650326,149.2,149.4,148.7,149.4,1087,27538
650329,149.2,149.2,148.2,148.6,1418,27122
650330,148.4,149.2,148.3,149.2,893,26941
650331,148.7,149.1,148.5,148.6,1042,26846
650401,148.5,148.6,147.3,148,1304,26517
650402,147.7,149.1,147.6,148.5,3278,26226
650405,149,149.5,148.6,149.4,2476,26020
650406,149.4,149.5,148.2,148.4,2554,26124
650407,148.2,148.3,147.7,148.2,1507,25930
650408,148.1,148.1,147.4,148.1,2237,26206
650409,147.6,148.4,147.6,148.1,1832,26122
650412,148,149.2,147.7,148.7,1781,25789
650413,149,149.4,148.5,149.4,2083,25275
650414,149.5,150.4,149.2,149.4,2418,24624
650415,149.4,150.3,149.2,150.3,3362,24084
650419,150.3,151.4,150.3,151.3,2085,23864
650420,151.1,151.6,150.5,150.5,4463,22973
650421,150.7,151.2,149.1,149.4,3476,21548
650422,149.4,149.4,148.4,148.7,2456,21083
650423,148.4,148.4,147.4,147.4,1463,20869
650426,147.4,147.5,146.7,147.3,3218,19919
650427,147.2,147.3,145.4,145.4,1421,19478
650428,145.7,146.1,143.5,144,2598,18229
650429,143.4,144.1,143.4,143.7,4184,16514
650430,143.6,145.6,143.6,145.4,2857,15186
650503,145.5,145.5,144.2,144.2,2592,14269
650504,144.2,144.2,143,143.4,1982,13897
650505,143.1,143.4,143.1,143.2,1235,12117
650506,143.6,146,143.6,144.6,970,10744
650507,146.2,146.2,145.2,145.5,2603,9734
650510,145.6,147.1,145.6,147,1398,8764
650511,146.4,147.2,146.1,146.4,861,8214
650512,146.4,147.2,146.4,146.7,1225,7948
650513,147.1,147.1,146.4,146.6,837,7620
650514,146.6,148,146.6,147,370,7400
650517,147,147,145,146.1,1576,6636
650518,146,146.2,145.4,145.7,1109,5785
650519,145.2,145.6,142.6,145.6,1830,4590
