650505,149.1,149.1,149.1,149.1,60,45
650506,150,150.3,149.4,149.4,0,45
650507,150,150,150,150,49,84
650510,150.1,151,150,151,5,89
650511,150.4,150.4,150.2,150.2,252,244
650512,150.3,150.6,150,150,7,239
650513,150,150,149.3,149.4,270,377
650514,149.3,149.5,148.6,148.7,43,410
650517,148.6,148.6,147.6,148,156,527
650518,147.3,148.4,147.3,148.2,42,543
650519,148.4,148.4,148.3,148.4,134,605
650520,148.3,148.3,147.6,147.6,26,619
650521,148,148.3,148,148.3,66,648
650524,148.4,148.4,148,148,5,649
650525,148.3,149,148.3,148.7,190,756
650526,149,149.3,148.7,149.2,215,873
650527,149.3,151,149.3,151,121,956
650528,150.4,150.4,149.4,149.7,393,1206
650601,149.6,149.6,148.6,149.1,291,1221
650602,149.1,149.1,148,148,546,1591
650603,148.2,148.2,147.6,147.7,222,1736
650604,148.1,148.1,147.4,147.4,116,1801
650607,147.4,148,147.1,147.6,190,1971
650608,148.2,148.4,147.7,148.2,253,2054
650609,149,149.2,147.7,148.2,191,2220
650610,148.4,149.2,148.2,149,362,2306
650611,149.2,149.2,148.6,149,485,2486
650614,149,149.6,148.7,149.4,436,2667
650615,149.5,149.5,149,149.1,407,2891
650616,149,149,148.6,148.7,299,3028
650617,149,149.1,148.4,148.5,335,3203
650618,148.5,148.6,148,148,257,3329
650621,148,148,147.3,147.3,771,3900
650622,147.6,147.6,147,147.2,858,4463
650623,147.4,148.4,147.2,148.4,391,4739
650624,150,150.4,148.4,148.6,1098,5025
650625,149.2,149.4,148.4,148.5,1265,5797
650628,149.1,149.4,148.6,149.2,1612,6443
650629,149.5,150.4,149.3,150.3,1548,7444
650630,150.7,151.3,150.5,151.2,1458,8250
650701,151.3,151.3,150.5,151,2959,9521
650702,151,152,150.7,151.7,1256,10194
650706,151.7,152.5,151.6,152.4,2274,11078
650707,152.5,152.6,152.1,152.1,1886,12038
650708,151.7,151.7,150.6,150.6,1525,12601
650709,151,151.4,150.5,151.3,2143,12771
650712,150.4,150.4,149.5,149.6,1680,13612
650713,149.5,149.6,149,149,3860,15996
650714,149.2,150.2,149.1,149.6,2438,17035
650715,149.7,151.2,149.7,150.5,2106,17804
650716,151.2,151.6,150.4,151.3,1798,18686
650719,151.6,152.5,151.4,152.4,2398,19407
650720,153,153,151.3,151.4,2672,20120
650721,151.7,152.6,151.7,152.6,5365,22019
650722,152.6,153.5,152.6,153.4,3342,23157
650723,153.4,154.2,152.6,153.4,4414,24115
650726,154,154.6,152.7,154.6,3052,25202
650727,155,155.6,154.2,154.7,2899,26026
650728,154.5,154.7,153.7,154.4,4871,26849
650729,154,154.4,153.5,154.4,3232,27618
650730,154.4,155.5,154.3,155.4,3180,27921
650802,155.4,155.7,154.4,155.3,2823,28572
650803,155.4,156.1,155.4,155.7,3725,28908
650804,156.2,157.1,156.2,156.5,3591,30184
650805,156.4,156.7,155.7,156,5494,30806
650806,155.7,156.4,155.5,156.3,7039,31773
650809,156.4,158.1,156.4,156.4,3327,31695
650810,157.6,158,157,157.7,5261,32639
650811,157,160,157,159.7,5498,33821
650812,160,160,158.4,158.5,9446,35568
650813,158.4,159.7,158,159.6,6527,36977
650816,159.6,160.4,159.4,160.1,4718,37268
650817,160,160,159.1,159.3,6932,37926
650818,159,159,157.3,157.4,2966,38190
650819,157,158.2,156.7,157,7014,37811
650820,156.5,158.7,156.5,157.7,6341,37627
650823,159.6,159.6,158,158,5249,38380
650824,158.2,159,157.5,158.7,8122,39425
650825,159,159,157.6,157.7,5382,39622
650826,158,158.6,158,158.5,3493,40431
650827,162.4,162.4,159.7,160,3529,41642
650830,160.6,161,160.1,160.4,21928,46830
650831,161,161.5,160.5,161.2,6218,46954
650901,161.4,163,160.6,162.7,4586,47213
650902,163,163,161.3,161.5,12536,47347
650903,162.3,162.5,161.1,162.5,7821,49032
650907,163,163.4,162.2,162.3,8201,50932
650908,161.2,161.2,160.5,161,5662,51881
650909,161.3,161.6,160.2,161.4,11016,53745
650910,161.1,161.6,160.6,161.4,9500,53688
650913,161.2,161.4,160.2,160.6,4622,53925
650914,160.5,162,160.3,161.7,6018,54691
650915,162,162.2,161.4,161.4,6905,54557
650916,161.4,161.5,160.5,161.4,4939,55274
650917,161.6,162.6,161,162.4,4678,55004
650920,162.4,164,162.1,163.3,5796,54743
650921,163.4,164.4,162.7,164.2,9962,55919
650922,164.1,164.7,163.5,163.5,6067,56486
650923,162.7,164.4,162.7,163.6,6283,57310
650924,163.4,165,163.4,164,6851,56834
650927,164.4,165.6,164.3,165.5,8076,56927
650928,165.6,166,164.6,165,5476,57996
650929,165.2,165.5,164.3,164.5,5070,58248
650930,164.4,165,163.5,164,5954,58219
651001,164,164.4,163.4,164.3,5497,58999
651004,164.7,165.6,164.7,165.1,5105,59734
651005,165,165.2,164.4,164.5,5045,60291
651006,164.4,164.5,162.6,163.2,5663,60545
651007,163.1,163.4,162.5,162.7,9976,59080
651008,163.2,163.4,163.1,163.3,6985,57609
651011,163.1,163.1,162,162,2550,58434
651012,161,161.4,160.6,161,9452,56992
651013,160.4,162,160.4,161.6,9435,55270
651014,162,162,160.5,161.7,6946,56386
651015,162,162.3,161.5,161.7,5208,56266
651018,162,162.4,161.6,162.1,4629,56574
651019,162,163,162,162.6,4594,57680
651020,162.7,164,162.3,163.7,3782,57771
651021,163.5,164.3,163.5,164.1,9526,59265
651022,163.6,164.6,163.6,164.2,6595,59488
651025,164.4,164.5,163.5,163.7,6320,59950
651026,164,164.2,163.2,164,4314,58388
651027,163.6,165.6,163.5,165.3,6306,58774
651028,165.5,166.6,164.7,166.2,11270,57868
651029,166.1,166.6,165.4,166.6,13318,59515
651101,167,168,166.1,168,6517,59485
651102,168.1,168.2,167.4,167.6,11527,61055
651103,167,168.3,166.4,166.4,9248,60584
651104,166.2,168.1,166.1,168,11724,59642
651105,168.1,169.2,167.6,168.6,11360,59676
651108,168,168.5,166.6,168.2,11268,59951
651109,168.2,168.3,165.6,166.3,12660,60051
651110,166.4,167.4,165.7,166.7,12048,59576
651111,166.6,167.1,165.6,167,9737,60036
651112,167,167.2,165.7,166.6,7863,60194
651115,166.7,166.7,165.2,165.3,9464,60763
651116,165.4,166.5,165.4,166.2,8194,60139
651117,166.5,167,165,165.2,4976,60549
651118,164.6,166.2,164.4,165.6,12978,61227
651119,166,166.6,165.6,166.4,11394,61428
651122,167,168.2,166.6,168.2,8018,63018
651123,168,168.2,166.1,166.2,13553,64019
651124,165.4,165.6,164.1,164.4,15170,64495
651126,164,164,162,162,25235,63246
651129,162.4,164,162.4,163.5,24651,59260
651130,164.2,164.6,162.5,163.7,15081,58883
651201,164.3,165.4,164.2,165,16489,59621
651202,165,167,164.3,166.1,15097,61444
651203,166.1,166.7,165.3,166.4,16485,59946
651206,166.2,167.6,165.3,167.3,10156,60340
651207,166.7,167.6,166.4,167.2,10114,60233
651208,167.2,168.3,166.2,167.3,7582,61018
651209,167.4,168.6,167,168.4,10121,50771
651210,168.6,170.4,168.6,169.6,11362,54033
651213,170.3,172.6,170.1,172.5,15137,60039
651214,173,173,169.4,170.6,14487,59766
651215,171,171,168.6,168.6,16714,59049
651216,166,166.5,164,166,18689,59933
651217,166.2,167.6,166.1,167.3,26568,56691
651220,167.2,168.1,166.5,166.7,11570,56728
651221,166.7,167.1,166.2,166.5,8013,55892
651222,166.3,168.3,166.1,167.4,5207,55564
651223,168.2,169.2,168.2,169,7259,54454
651227,168.6,169.6,168.1,169.3,5549,54532
651228,169.1,169.1,168.4,168.5,4741,54856
651229,168.2,168.4,167.2,167.2,4120,54840
651230,167.1,169.1,167.1,168.5,5421,54170
660103,168.5,169.7,168.5,169.7,6748,53399
660104,170.2,170.4,168.1,168.2,4333,52643
660105,168.5,169.5,168.2,168.4,6026,51990
660106,169,169.4,168.2,168.6,5717,51155
660107,168.4,169.7,168.2,169.6,3712,50978
660110,170,170.3,168.5,168.7,4316,50079
660111,169,169.4,167.5,169,5357,49749
660112,168.5,169.1,167.6,169.1,6843,48647
660113,169.3,169.7,168.6,169,4375,48535
660114,169,169,168.2,168.3,3526,47777
660117,168.2,168.2,167.2,167.2,3741,47649
660118,167.2,169.4,167,169.2,5411,47372
660119,169.5,169.7,168.5,168.6,5878,45702
660120,168.2,168.4,168,168.3,3164,44763
660121,168.6,169.4,168.4,168.7,1824,44987
660124,169,169.6,169,169.4,2265,44326
660125,169.3,169.5,169.1,169.1,2601,43931
660126,169,169.2,168,168,1345,43586
660127,167.7,168.5,166.6,167.3,6141,43269
660128,167.4,168.4,167.3,168.3,4834,42023
660131,168,168.4,166,166.1,3709,40612
660201,166,168,166,168,8339,38411
660202,167.7,168.3,167.2,167.2,2850,38226
660203,167.2,168,166.4,167.2,2191,37886
660204,168,168.7,167.7,168.5,3524,36589
660207,169.2,169.7,169,169.1,3691,34991
660208,169.1,169.1,167.6,167.7,3703,34085
660209,168.3,168.7,168.3,168.6,3457,32504
660210,169,169,168.2,168.3,1196,32393
660211,168.1,168.6,167.2,167.5,1182,31797
660214,167.1,167.7,166.7,167.6,2371,31169
660215,168,168.4,167.6,168.1,2229,30012
660216,168,168.2,167.2,167.7,1337,29426
660217,167.4,169.2,167.4,168.1,1523,29140
660218,167.7,168,167.2,167.7,1107,28678
660221,167.7,168,167.2,167.5,2272,28007
660223,167.2,168,167.2,167.6,1352,27180
660224,167.4,167.4,166.4,166.4,2039,25668
660225,166.1,166.5,164.2,164.2,3609,23511
660228,162.3,163.7,161.2,161.2,7091,20634
660301,160.6,162.1,160.6,161.1,9124,15760
660302,161.4,163,161.4,161.6,4700,12836
660303,160.6,161.4,159,159,3963,10526
660304,159.5,160.4,159.4,159.5,4084,7967
660307,159.6,162,159.6,160.7,3513,6367
660308,160.1,160.4,158.6,159.4,1531,5200
660309,159.4,159.5,158,158.7,1550,4162
660310,159.3,160.6,159,160.6,1486,3290
660311,160.4,161.4,159.6,159.7,690,3031
660314,160,161,160,160.2,587,2531
660315,159.6,159.7,159.2,159.4,305,2296
660316,159,159.7,159,159.2,948,2557
660317,159.2,160,159.2,159.3,258,1923
660318,159.2,159.4,159,159.1,333,1801
660321,160,160.1,157.6,157.7,483,1550
660322,157.4,158.2,156.2,158,698,1239
