660401,164.4,165.3,164.4,165.2,0,0
660404,165,165.4,165,165.2,417,272
660405,165.5,166.2,164.6,166.2,57,299
660406,166.7,167.5,166.2,167.3,356,505
660407,167.4,169,167.4,168.3,841,1061
660411,168.1,168.2,167.7,168,332,1188
660412,167.6,167.6,167,167.2,141,1258
660413,167,168,166.7,168,373,1299
660414,168.1,168.4,167,167.2,317,1406
660415,167.1,167.3,167,167.1,1030,2186
660418,167.1,167.5,166.7,167.4,200,2271
660419,168.1,168.1,167.1,168,495,2576
660420,168.4,169.4,168.1,169.3,277,2691
660421,169.1,169.2,168,168.6,1057,3450
660422,168.2,168.6,168.2,168.4,892,3862
660425,168.4,169.1,168.4,169,420,4132
660426,169.4,169.5,168.3,169,471,4377
660427,168,168.2,167.3,167.3,523,4439
660428,167.4,168,166.6,167.3,482,4443
660429,168.2,169.4,168.1,168.1,641,4578
660502,168.2,168.6,168.1,168.5,765,4713
660503,168.4,168.5,168,168.4,190,4733
660504,168.4,168.4,167.2,167.6,416,4941
660505,167.3,167.4,166.4,167,820,5156
660506,166.5,167,166,167,371,5250
660509,167.4,169.1,167.4,168.6,747,5203
660510,168,168.4,167.6,168.4,1810,6163
660511,168,170.4,167.7,170.4,1153,6700
660512,170.2,170.4,169.3,169.3,1537,6806
660513,169.6,171.1,169.4,171,1246,6929
660516,171.4,171.4,170.3,170.4,1085,6985
660517,170.3,172,170,172,891,7214
660518,172.4,174,171.7,173.3,838,7421
660519,173,173.2,172.2,172.6,1803,7916
660520,172.3,173,172,172.3,1579,8484
660523,172.5,174.3,172.5,174.2,1257,8499
660524,174.4,174.5,173.3,173.3,1049,8629
660525,173.4,177,173.2,176.6,2060,9235
660526,177.1,177.5,175.4,176.4,4389,11232
660527,176.6,178,176.6,177.2,5021,13425
660531,177.7,179.7,177.6,179.5,2103,13995
660601,179.4,181.4,178.2,181.3,5456,15847
660602,180.6,181,179.3,180,6185,18322
660603,179.5,179.6,178.4,178.7,6032,19354
660606,178.6,181.6,178.5,180.4,5251,20870
660607,181.1,181.2,179.7,180.2,5837,22700
660608,180,180.1,178.6,178.7,5064,25245
660609,179.5,180.5,179.5,180.1,3673,26068
660610,180.4,180.4,179.4,180.2,4722,27032
660613,183.2,184,182.4,183,4425,27561
660614,183.4,183.4,182,182.1,11759,33717
660615,182,186.6,181.7,186,6649,35129
660616,186.4,192.6,185.5,190.2,9058,37272
660617,190,192.2,189,191,14532,39854
660620,192.5,199.4,192.5,198.6,8205,41416
660621,204.4,205.4,194,196.4,11813,41815
660622,197.4,197.4,192,194.2,14769,41804
660623,195.4,198.4,195.2,198,10057,42608
660624,199,199,195.2,196.6,11199,40351
660627,196.1,197.2,195.2,196,7674,42185
660628,196,196,190.6,191.3,6576,42731
660629,190.4,195.7,189.7,194.4,12748,43882
660630,195.4,197.6,193.2,195,14429,47470
660701,193,194.6,191.6,193.4,8817,49291
660705,191.6,194.5,191.6,192.6,7584,50276
660706,192.6,195,192.6,194.4,6580,51141
660707,196,197,194.6,195.2,5517,51473
660708,196.4,198.2,195.6,196.4,7435,51424
660711,198,198.6,197.3,197.7,9169,52758
660712,202,203,201,201.3,5783,53984
660713,202.4,204.6,201.2,204.2,12512,59963
660714,204,204.4,202.2,202.4,11752,61974
660715,201.7,202.6,199.2,201.4,9473,65128
660718,202,203.4,201.6,202.7,8719,67036
660719,203.1,204.2,201.7,203,11550,70615
660720,202,202.4,199.6,199.6,9598,72541
660721,199,199,194.6,196.6,12144,76638
660722,197.6,198,195.5,196.2,16468,77152
660725,198.6,198.7,197.5,198.7,8321,76554
660726,198.7,198.7,193.5,194.4,8280,76012
660727,193.6,197,193,195.6,13047,75875
660728,196.4,198,196.3,197.7,9617,75611
660729,197.2,199.2,196.2,198.5,5317,75431
660801,199.2,199.4,197.5,198,7494,75065
660802,197.2,198.4,196.6,198.2,5825,74371
660803,198.2,198.5,197,197.1,5001,74241
660804,196.2,196.7,195.5,195.7,2929,74186
660805,195.2,198,195,198,5162,74618
660808,196.4,197.4,196.4,196.5,6930,74725
660809,195.4,198.4,195,198.1,4077,74570
660810,198.6,200.3,198.6,199.2,10668,75329
660811,200.4,201.6,199.4,200.6,10533,77240
660812,201,201,199.6,200.2,13491,78012
660815,200.2,201,198.6,200.5,6937,78912
660816,201.2,201.4,200.1,201.3,8282,78286
660817,201,204.5,200.4,203.7,6346,77902
660818,203.4,204.3,202.5,203.1,13599,80676
660819,202.6,202.6,201.4,201.7,8660,80535
660822,201.4,203.1,201,201.2,6566,80829
660823,199,200.6,199,199.3,6781,81080
660824,198.6,200.6,198.4,200.1,9570,81008
660825,199.6,200.3,199,199,5622,80297
660826,199,199.4,197.7,198,4557,79615
660829,199.6,200,199,200,5538,79351
660830,200.2,201.2,198,198.6,5801,78773
660831,198.4,201,198.3,200.6,6817,78779
660901,201.3,202,201.1,201.2,5132,78780
660902,201.1,202.6,201,202.2,4437,78749
660906,202.6,206.6,202,206.3,5908,78431
660907,206,207.2,205.5,205.5,12107,81969
660908,205.2,206.2,203.2,203.4,15048,84475
660909,203.2,206.1,202.5,205.6,14176,85954
660912,203,204,201.2,201.5,15786,88215
660913,202.4,204.3,202.2,204.3,14808,88887
660914,204.6,205.4,204.2,205.2,9996,87432
660915,205.5,205.6,203,203.4,8942,87097
660916,203.1,204.6,202.1,203.7,6994,87954
660919,204,204.1,198.4,199,10739,89745
660920,199,199,195.4,197.2,17582,88730
660921,196.4,197.2,190.4,190.4,28181,87314
660922,189.2,191.4,185.4,188.4,25278,83454
660923,188.4,190.4,188,189.6,27522,78598
660926,189.6,190,184.2,185.2,10306,77575
660927,185.6,187.7,183.6,184.1,18704,75699
660928,184,184.4,181,181.1,13622,74520
660929,180.6,183,179.1,182,15451,74525
660930,182.2,184.2,182.2,183.4,16137,75031
661003,183.6,184.3,180.6,180.6,8787,73441
661004,179.4,179.4,172.4,174,9958,72664
661005,174,176.6,173.4,174.4,22248,71523
661006,173.4,176.6,172.6,175,12774,71239
661007,175.2,177.3,174.5,177,11572,70773
661010,177.4,178.4,176.7,178.2,8385,69718
661011,178.4,179,177.6,178.1,7080,69088
661012,176,178.3,175,176.7,7515,69618
661013,178.4,178.7,177,178.1,9937,69503
661014,178.6,181,178.6,181,8935,69311
661017,181.2,183.3,181,182,8560,69644
661018,182,182,179.6,180.2,9435,69849
661019,179.6,180.4,177.6,179.2,9305,68894
661020,179,180.7,178.4,180.5,11593,68631
661021,181.2,181.5,179.5,179.7,6745,69828
661024,179,179.5,178.2,179,6936,68874
661025,178.7,179.7,177.7,179.4,8445,68320
661026,179.4,180,177,177,10115,67700
661027,176.6,177.7,175.7,176.5,11500,67785
661028,177,177.4,175.4,176.7,12700,66460
661031,176.6,178.5,176.2,177.1,7430,66360
661101,176.4,177.2,174.5,175,10070,65745
661102,174.6,176.1,173.7,174.7,9505,65895
661103,176,178,175.1,177.5,9905,65855
661104,178.2,179.3,177.2,178.4,10340,65040
661107,178.6,181.3,178.2,180,10640,64950
661109,180,181.5,178.5,179.3,8370,63870
661110,179.5,180,177.4,178.1,8535,65015
661111,177.4,179.3,177,178.3,6000,65300
661114,179,180.4,178.7,179.3,7170,65895
661115,180,180.4,177.6,178.6,7075,66395
661116,178.6,182,177.7,181.6,7225,66700
661117,182,182.4,180.6,182,12850,66640
661118,181.4,182,180.4,181,7590,67510
661121,181.4,184.6,180.7,184,4120,67155
661122,182.5,184.3,182.2,183.3,9000,68480
661123,182.4,183.1,181.3,182.6,8550,69695
661125,183.2,184.4,182.6,184,10280,69930
661128,184.4,186.4,184,186.2,7305,70615
661129,186,186.5,184.4,184.4,11485,71580
661130,183.7,185.5,183.4,184.4,10630,72115
661201,184.2,186.6,184.2,185.5,13850,73610
661202,184,185.7,183.2,183.6,11335,73575
661205,183,184.3,182.3,183.4,10170,72735
661206,183.4,183.4,180.1,180.1,8125,72740
661207,180.4,182,180,181.6,15345,72815
661208,182.4,183,181.3,183,11120,72825
661209,182.1,182.2,181.1,181.4,8195,72280
661212,182.4,183.4,182.3,183.3,7085,72135
661213,183.6,184.4,183.1,183.2,7335,74080
661214,182.6,183,181.5,182.1,6050,74060
661215,182,184,181.7,183.4,5565,73560
661216,182.6,183.7,182.3,183.5,7025,74820
661219,183.6,184.4,183,183.3,6200,75045
661220,183.1,184.2,183.1,183.6,4955,74410
661221,183.4,183.4,182.1,182.5,4815,74155
661222,181.4,181.7,178.7,181,5715,73565
661223,179.6,180,178.2,179,15850,70175
661227,178,178.4,177.2,177.7,7670,69250
661228,177.5,179,177.5,178.6,9830,69280
661229,179.1,179.4,176.4,176.4,6285,69565
661230,176,176.4,175.2,175.6,7785,68345
670103,175.6,175.6,173.5,174.4,9720,67450
670104,173.6,175.2,173.1,174.4,10740,64740
670105,175.2,176,174.2,174.7,9375,63235
670106,174.5,175.5,173.5,175,11545,61410
670109,175.4,176.6,174.6,176.5,8630,60535
670110,177,177.1,176,176,7580,59225
670111,175.4,176.1,174.4,174.7,8535,57810
670112,174.5,175.3,172.6,172.7,6960,57525
670113,172.2,172.6,170.3,170.4,12165,55925
670116,169.4,170.1,166.7,166.7,14890,54695
670117,166.4,168.4,166.4,167.2,13085,52115
670118,168.4,169,166.6,166.6,8175,50580
670119,167,168.4,166.1,168.2,7870,49765
670120,169.7,170,168.2,168.6,6935,48910
670123,168.5,168.5,167,168,5845,48365
670124,168.2,169.2,168,168.5,7350,47735
670125,169.4,169.6,166.2,167,3655,47545
670126,166.1,166.2,164.3,166.1,7825,46145
670130,166.2,166.7,165.5,165.5,7125,45810
670131,165,165.2,160.6,160.6,3730,44730
670201,161,162.6,160.4,162,9065,43120
670202,163,164.7,163,164.3,7730,41085
670203,164.5,164.7,163.2,164.2,6920,40840
670206,164,164.6,162.4,163.4,4985,41330
670207,163.6,165.4,162.4,165.1,3915,40405
670208,165.1,165.2,163.6,163.7,5090,38565
670209,164.2,166.4,164,166.3,3325,37920
670210,166,166.1,164.6,164.7,5470,36820
670213,165,165.6,164.5,165,2335,36360
670214,164.7,165.3,163.2,163.2,2205,35515
670215,163.2,164.7,163.2,164,3190,34845
670216,165,166.3,165,165.2,2190,34505
670217,166.5,167,166,166.1,3575,33270
670220,166.7,169.6,166.7,169.5,2785,32205
670221,170,173.6,169.3,173.6,5025,31335
670223,174.6,177.6,174.6,176.7,6655,29875
670224,176.2,177.7,173.6,177.4,6745,27140
670227,177.2,177.6,174,175.4,7240,26385
670228,174.6,176.6,174,175.1,4935,24485
670301,174.2,176.2,173.2,174.5,7345,21370
670302,174.4,175.4,174.1,174.2,9265,16245
670303,174,175.6,173.6,174.5,6605,7540
670306,174.6,177.3,174.6,176.3,5435,7935
670307,176.6,178.3,176.1,177.6,4290,6035
670308,176,176.7,175.7,176,3860,5620
670309,175.4,175.5,173.3,173.4,1580,4100
670310,174,175.2,173.6,174,1765,3645
670313,176.4,177.6,175.2,176.7,610,2935
670314,177.4,179.2,177,177,915,2725
670315,178.4,180.2,178.4,180.1,925,2395
670316,181.6,186,181.4,185.1,1090,2545
670317,185.4,186.2,184.2,185.4,970,1680
670320,179.4,183.2,179.4,180,860,1305
670321,182.2,182.2,177.6,179,885,985
