670103,179.4,180,179.2,179.6,0,0
670104,178.5,180.4,178.5,179.6,65,65
670105,180,180.7,179.3,179.6,375,360
670106,178.7,179.4,178,179.4,160,440
670109,179.4,181,179.4,181,155,525
670110,180.4,180.5,179.3,179.3,146,610
670111,179.4,179.6,178.7,179.3,100,595
670112,179.2,179.6,177.2,177.4,50,615
670113,177.3,177.6,176.1,176.2,1250,1755
670116,176,176.3,173.1,173.1,490,1915
670117,172.6,174.7,172.6,174.1,450,2080
670118,175.2,175.5,174.1,174.2,905,2585
670119,174.3,175.1,174,174.7,505,2765
670120,176.2,176.7,175.4,176,1405,3600
670123,175,175.4,173.7,175.1,500,3685
670124,175.2,175.6,174.7,175.5,590,4025
670125,176.6,176.6,173.4,174.2,275,4220
670126,174,174,171.2,172.7,800,4410
670130,172.7,173.5,172.6,172.7,1100,4380
670131,172.2,172.2,168.4,168.4,555,4480
670201,169.2,170.7,168.6,170,1410,4795
670202,171,172.2,170.6,171.2,1020,4930
670203,172.2,172.4,169.4,170.6,700,4715
670206,170.2,171.2,169.4,170,1045,5000
670207,169.7,172.2,169.4,171.6,680,5405
670208,172.2,172.2,170.4,170.4,700,5530
670209,171.4,173.4,171,173.2,470,5695
670210,173.7,174,172.1,172.5,1060,6210
670213,173,173.3,172.1,172.2,1125,6975
670214,173,173,170.5,170.5,290,6995
670215,170.7,172.4,170.7,171.4,675,7230
670216,173.2,174.2,172.6,174.2,620,7480
670217,175,175.2,174.1,174.1,1330,8000
670220,174.7,176.6,174.6,176.6,1465,8730
670221,177.2,180.4,176.5,180,985,8725
670223,182.4,185,182.2,183,2735,9520
670224,182.3,184.4,181.1,184.3,3080,10445
670227,184.4,185,181.4,182.6,3330,11280
670228,183,184.2,181.6,183.1,2865,12200
670301,183,184.2,181.6,182.5,1270,12475
670302,183.2,183.4,180.4,181.2,1990,12610
670303,181.4,183.1,181.3,182.4,2530,13745
670306,184.7,187,184.2,186,3670,14540
670307,187,187.6,185.6,187.6,4150,15695
670308,185.6,186.2,185.2,185.6,3870,16425
670309,185.3,185.4,183.5,184,2520,16865
670310,184.4,185.6,184,184,5575,18135
670313,189,189,185.4,186.5,2820,18080
670314,187.6,188.6,186.6,187,5270,19355
670315,188.6,190.6,188.2,190.6,5550,20830
670316,192.2,194,191.6,193.7,5150,21550
670317,194.4,194.6,192.1,194.4,6335,22455
670320,191,191.7,188.6,188.7,6700,24195
670321,190.6,191,187.4,189.2,10745,26325
670322,187.6,188,180.4,181.2,9225,27790
670323,182.2,183,180.6,181.7,13070,29650
670327,183,188.5,183,187.3,8250,30180
670328,188.6,190.3,186.2,188,10695,30140
670329,187.2,187.2,184.4,184.4,9710,30560
670330,186.4,188.6,186.4,187.7,9690,31385
670331,185.4,186.2,183.6,186.2,8580,31265
670403,182.6,186.4,182.6,186,10070,32790
670404,187.6,188.2,186.3,186.5,9410,34640
670405,187.2,188.7,186.4,188.3,6550,35295
670406,189.4,189.7,188.5,189.3,8995,35770
670407,188.3,188.4,186,186.2,7545,36945
670410,185,187,185,185.5,9655,38530
670411,185,186.4,182.3,183.7,5010,38945
670412,178,179.7,175.6,176.5,10560,39900
670413,175.6,177.6,175.2,177.5,20535,37525
670414,177.6,178.3,176.6,177.4,11715,37510
670417,176.6,177.2,175.2,175.6,7930,36075
670418,175.3,176.6,175.3,176.4,6300,35850
670419,176.4,176.4,173.1,173.7,5155,36125
670420,173,174.7,173,174.3,14080,34740
670421,174.6,175.2,173.5,174.6,7120,35005
670424,176,176.5,174.5,175.5,6145,35905
670425,175,176.3,174.5,175.7,5835,36705
670426,176,176,172,173.2,6615,35870
670427,173,173,171.6,172.5,9180,36585
670428,172.7,174.7,171.3,174.6,7170,37450
670501,176,178,175.7,177.7,9480,37185
670502,178,178.6,176.6,177.6,11235,38005
670503,177,177,175.2,176.1,9625,39525
670504,175.6,177.7,175.6,177.4,7040,39845
670505,177,177.1,174.4,175.4,7375,40705
670508,176,176.6,174.3,176.6,8870,41970
670509,176.4,177,175.2,175.3,9000,43060
670510,174.4,175.4,174.2,174.5,7105,43785
670511,174.6,177.4,174.6,176.4,6370,44910
670512,176.6,177.4,175.6,177,12070,46210
670515,177,177.4,176,177.3,6120,46790
670516,178.2,178.3,176.5,176.7,7280,47470
670517,175.6,175.6,173.2,173.4,7415,48195
670518,172,173.5,172,172.7,12680,47290
670519,173.4,175.3,173.4,174.7,12045,47465
670522,175,175.2,173.6,174.4,8880,49035
670523,175.4,179.4,175.4,178.4,6875,49470
670524,179.2,179.4,174.6,176.5,16735,49390
670525,176,176.1,174.7,175.5,14490,48500
670526,176.2,177.4,175.7,176.5,9725,48005
670529,175.4,176.4,174.7,175.6,7550,48990
670531,175.6,177.6,175.6,177.3,6610,49440
670601,177.7,178.3,175.4,176.3,8760,50455
670602,175.5,176.6,175.4,176.2,8785,50685
670605,182,184.2,178.4,178.4,5360,50950
670606,178.3,178.6,176.3,176.6,18715,50090
670607,175.6,175.6,173.2,174.4,12215,49295
670608,174.6,175,174,174.6,12295,49635
670609,173.4,173.7,170.3,170.6,6420,49465
670612,168.4,169.4,167.2,167.6,14825,51055
670613,168.1,169,168.1,168.2,13280,51565
670614,167.5,167.5,165.4,165.6,7215,52080
670615,165.6,167,165.1,166.5,17040,53140
670616,167.4,168,166.7,167.7,11380,52510
670619,168.1,168.3,165.6,165.6,8040,52710
670620,164.2,166.2,164.2,165.1,10505,52670
670621,165.4,166.7,164.7,166.2,12820,52230
670622,165.4,165.7,164.4,165,13305,52900
670623,165.6,166.3,164.4,166.3,13090,52785
670626,166.4,166.6,164.5,164.6,10945,52190
670627,164,164.2,162.2,162.3,12780,52960
670628,162.6,163.3,162.4,163.2,20590,54545
670629,162.6,163.7,162.4,162.7,10145,54935
670630,162.4,162.5,161.4,161.6,14960,53570
670703,161.2,161.5,159.1,159.2,17515,54075
670705,160,161.3,159.3,161,19185,56305
670706,161.4,161.4,159.5,159.7,16125,57640
670707,161,161.2,159.4,160,12850,58710
670710,161,162.2,160.3,160.4,13510,59975
670711,161.2,161.4,159.6,160.5,15110,60275
670712,159,160.2,158.1,159.4,14055,61170
670713,159.4,160.1,158,158,21150,63240
670714,157.7,157.7,156,156.3,17245,64110
670717,156.4,159.4,156,159,18035,67070
670718,158.6,160.4,158.6,159.6,20300,67640
670719,160.4,161.1,159.5,160.4,22525,68965
670720,161,161.7,159.5,159.6,17780,69675
670721,160.2,162.3,159.1,162,18410,71860
670724,161.6,161.6,160.3,160.5,27200,74125
670725,160.6,161.6,159.7,161.5,21815,75200
670726,162.4,164,162.4,163,24330,78340
670727,163.2,163.2,161.7,162.1,31660,82875
670728,162,162,160.1,160.2,21485,85485
670731,160.6,161,159.2,160.1,23060,86765
670801,160.2,160.3,158.2,159.1,22230,88635
670802,159,160.7,158.3,160.2,29355,89270
670803,160.4,162.3,160.4,161.5,20295,90505
670804,161.4,162.5,160.7,161.7,24095,88545
670807,161.4,161.4,159.7,160.4,20920,89845
670808,160,160.4,158.7,159.4,21755,89870
670809,159.4,159.4,156.7,157.2,21715,91745
670810,156.6,157,155.4,155.7,29540,90120
670811,156.5,158.2,156.5,158.2,26070,91030
670814,158.4,159,154,154.2,23785,89725
670815,153.6,155,152.6,153.3,34435,89605
670816,153.6,155,153.4,154.3,29830,90380
670817,154.7,155.4,153.6,154.5,14925,90915
670818,155.4,156.5,154.7,156.5,17385,92185
670821,155.4,155.6,153.7,154.3,21965,91420
670822,154.2,155.6,153.5,155.5,24665,92270
670823,155.6,156.4,154.2,155.2,20875,93515
670824,154.4,154.4,153.4,154.1,19640,93595
670825,153.5,153.7,152.7,153,20335,94765
670828,152.1,152.1,149.6,150.1,13640,94150
670829,149.6,150.5,149.1,149.4,28235,95175
670830,149.7,150.7,149.5,150.4,26720,95755
670831,150.4,152.1,150.2,151.4,19530,97665
670901,151.1,152,150.4,151.1,21450,98745
670905,150.6,153,149.7,152.7,15745,99370
670906,151.6,153.7,151.1,153.2,25120,100895
670907,152.6,153.4,151.1,151.3,27195,101935
670908,151,152.5,151,151.7,28460,98940
670911,151.7,152.5,151.4,151.7,16575,98745
670912,151.4,153.4,151.4,152.4,9875,97900
670913,152.4,153.7,152.4,153.2,24015,99130
670914,153.2,153.4,152.5,153.2,16565,100060
670915,153.2,153.3,152.5,153.1,13205,100920
670918,153,154.5,151.7,154.4,6815,101045
670919,155.2,155.7,154.6,155,24270,101205
670920,155.2,155.2,154.3,154.5,24730,100925
670921,154.4,154.4,153.4,154,9915,98980
670922,154.4,156.1,154.4,155.6,9855,98265
670925,155.6,155.6,154.6,155.2,19330,97830
670926,155.5,156.3,155.1,155.7,9295,97650
670927,156,157.4,155.4,157.2,11305,96360
670928,157.2,157.2,156.1,156.1,15985,94140
670929,156,156.1,154.4,154.7,15385,93980
671002,154,154.4,153.2,153.4,18225,92615
671003,153.3,155,153.3,155,15405,91735
671004,154.6,155.6,154.4,155.1,10860,92910
671005,154.4,155.2,153.7,154.5,11935,90890
671006,154.5,155.6,154.5,155.5,7565,90670
671009,155.6,156,154.4,155.2,7585,89985
671010,154.6,155.3,153.4,153.6,8225,89025
671011,153,154.2,152.4,153.4,14945,89300
671012,153.4,154.4,153.2,153.3,12720,88325
671013,153.5,154.1,153.1,154,8535,88025
671016,153.7,154.4,153.5,154.2,7730,88105
671017,154.2,154.7,153.2,153.3,6620,87450
671018,153.1,153.4,152.4,153.1,9865,87770
671019,152.7,152.7,152.2,152.3,10390,85790
671020,152.2,153.7,152.2,153.2,8215,86170
671023,153.2,154.1,153.2,153.3,8395,85995
671024,153.7,154.3,153.4,153.6,4360,85735
671025,154.1,154.5,153.5,154.1,9490,84710
671026,154.1,154.4,152.6,152.6,11675,82530
671027,152.5,152.5,151.4,152,12370,81200
671030,152,152.2,151.2,151.5,17815,79100
671031,151.3,152.6,150.6,152.4,10340,77800
671101,152.3,152.3,150,150.1,17460,74845
671102,149.7,150.4,149.3,149.4,17835,74090
671103,149.5,150.5,149.5,150,12495,72350
671106,149.4,149.4,147.7,148,9180,72530
671107,148,148.3,147.6,148.1,13235,69115
671108,148,149.1,147.6,148.7,7290,68335
671109,149.3,149.4,148.4,148.6,12210,67560
671110,148.4,148.4,147.1,147.2,7875,66360
671113,146.6,147.1,146,146,9370,65405
671114,146,146.4,144.7,145.1,10575,64285
671115,144.6,145.1,143.7,144.4,11425,61935
671116,144.5,145.7,144.5,145.6,13275,59270
671117,145.6,146.4,145.4,145.6,9045,56340
671120,145.1,145.5,144.3,144.3,12285,57065
671121,144,144.4,143.1,143.3,10700,55490
671122,143.2,144.3,142.6,143.7,10635,52825
671124,144.2,147.4,144.2,146.4,10675,50695
671127,145.3,145.3,143.7,144.1,14125,47755
671128,143.7,144.7,143.5,144.3,9500,46295
671129,143.7,144,143,143.2,11145,43145
671130,143,144.3,143,144,11285,37330
671201,144.6,145.7,144.6,145.5,13885,30980
671204,145.1,146.1,144.7,145,10675,20265
671205,145,145.7,144.5,145.7,6545,17985
671206,146.1,147,146.1,146.5,5760,15620
671207,146.5,147.2,146,146.3,3935,13800
671208,145.5,146.3,145.4,145.6,4935,11835
671211,145.4,145.4,144.3,144.3,2475,10770
671212,144.6,145.4,144.6,145.3,2850,10095
671213,145.2,145.2,143.7,143.7,1950,9550
671214,143.4,145.4,143.4,145.3,3225,9010
671215,144.7,146.6,144.6,146.1,7130,6920
671218,145.4,145.7,145.1,145.6,6110,7525
671219,145.1,146.3,145.1,146.3,3115,5920
