670403,188.2,189.6,187,189.6,0,0
670404,191.4,192,190.1,190.5,80,55
670405,191.2,192.2,190.2,192.2,325,205
670406,193,193.4,192.3,193.1,605,565
670407,192.6,192.6,189.5,190.2,775,930
670410,188.5,190.7,188.5,189.3,625,1105
670411,189,190.2,186.4,187.6,885,1590
670412,182,183.6,179.7,180.4,920,1865
670413,180,181.5,179,181.4,1515,2220
670414,181.6,182.1,180.5,181.6,2985,3370
670417,180.4,181.1,178.6,179.4,830,3650
670418,179.4,180.3,179.4,179.7,980,3835
670419,179.4,179.4,177.2,177.6,900,3925
670420,177.1,178.5,177,178,1360,4010
670421,178,178.7,177.2,178.4,2155,5170
670424,179.2,179.7,178.4,179.4,1830,6690
670425,178.4,180,178.4,179.5,1730,7465
670426,179.5,179.5,175.5,175.7,850,7915
670427,176.6,176.6,175.4,176.2,780,8125
670428,176.6,178.7,175.3,178.6,1185,8545
670501,179.5,181.7,179.5,181.5,1315,9085
670502,182.4,182.5,180.5,181.5,1150,9255
670503,181,181,179,179.5,885,9485
670504,179.3,181.3,179.3,181,850,9735
670505,180.6,180.6,178.3,179.1,885,9865
670508,179.2,180.4,178.1,180.2,1770,10580
670509,180,180.4,179.1,179.1,965,11280
670510,178.7,179.2,178,178.3,1265,11540
670511,178.2,181.2,178.2,180,1270,12265
670512,180.6,181.2,179.4,180.5,1920,12515
670515,180.4,181.3,179.5,181.3,1150,12815
670516,181.4,181.7,180.5,180.5,905,13055
670517,180,180.1,177.2,177.2,1235,13735
670518,176.2,177.5,176.2,176.6,1260,13785
670519,177.4,179.2,177.3,178.6,3405,14835
670522,179.2,179.3,177.4,178.4,1605,15000
670523,179.2,183.6,179.2,182.4,680,15190
670524,183.2,183.4,178.6,180.5,3105,15215
670525,179.6,180,178.7,179.3,2305,15370
670526,180,181.4,179.7,180.4,1690,15905
670529,180,180.2,178.7,179.5,1625,16230
670531,180,181.3,180,181.2,985,16280
670601,181.4,182,179.3,180.2,3040,18075
670602,179.7,180.2,179.3,179.7,1750,18425
670605,185.4,187.2,182,182.1,1220,18865
670606,181.4,181.5,180,180.2,3930,19655
670607,178.6,179.2,177,178.1,2875,20720
670608,178.4,178.6,177.7,178.3,3715,21180
670609,177,177,174.1,174.1,1755,21670
670612,171.4,172.6,170.7,170.7,3005,21985
670613,171.2,172.4,171.2,171.7,6570,22680
670614,171.2,171.2,169.4,169.6,3345,24670
670615,169.7,171.1,169.2,170.7,5530,25660
670616,171,172,171,172,3115,25570
670619,171.6,171.7,170,170,2605,25875
670620,169,170.3,168.6,169.2,2855,26275
670621,169,171.2,169,170.4,2625,26780
670622,169,169.7,168.7,169.2,3885,26490
670623,169.5,170.6,169,170.5,3945,27380
670626,171.2,171.2,169,169.1,3330,27045
670627,168.6,168.6,167.2,167.2,4880,28685
670628,167.5,168.2,167.2,168,7450,29850
670629,168.2,168.5,167.5,167.7,3180,30475
670630,167.5,167.5,166.3,166.3,4145,30955
670703,165.7,166,164.1,164.3,6905,32450
670705,164.2,166.2,164.2,166.1,5230,33370
670706,166.2,166.2,164.4,164.6,4040,34350
670707,165.6,166.2,164.3,164.7,4200,34845
670710,166.1,167.2,165.2,165.2,4390,35545
670711,165.6,166.1,164.4,165.3,7170,35565
670712,164,165.2,163.1,164.2,4190,36065
670713,164.2,165,162.4,162.4,6610,36465
670714,162.4,162.4,160.6,161.1,8655,37105
670717,161.2,164,160.6,163.5,6410,37845
670718,164,165.4,163.6,164.6,8265,37620
670719,165,165.6,164.4,165.3,6945,37875
670720,165.6,166.5,164.3,164.3,6995,40460
670721,165,167.1,163.7,167,7570,42045
670724,166.2,166.4,165.3,165.4,10410,45105
670725,165.7,166.7,164.7,166.5,7360,46385
670726,167.6,169,167.4,167.6,8770,48335
670727,167.7,167.7,166.5,167,11840,51100
670728,166.5,166.6,165,165.1,10720,52685
670731,165.6,165.7,164.2,165,10570,52865
670801,165,165.2,163.1,163.6,9595,54160
670802,163.4,165.6,163.2,165.1,12655,56095
670803,165.4,167.2,165.4,166.3,8300,57505
670804,166.1,167.5,165.6,167,9990,56945
670807,166.4,166.4,164.7,165.4,8720,58805
670808,165,165.4,164,164.5,9315,57985
670809,164.7,164.7,162.2,162.4,11855,60665
670810,162,162.2,161,161.4,11000,60910
670811,162.2,163.6,162.1,163.6,14195,61230
670814,164,164.3,158,159.5,11795,61575
670815,159.4,160.5,158.2,159.1,17460,61810
670816,159.4,160.5,159.2,160.1,16905,62430
670817,160.3,161.1,159.3,160.1,9490,63645
670818,160.6,162.3,160.3,162.2,11085,65950
670821,161.6,161.6,159.3,160,10475,65165
670822,159.6,161.5,159.2,161.2,10135,65300
670823,161.3,162.1,160.1,160.6,9895,65680
670824,160,160.1,159,159.4,9560,65220
670825,159.1,159.4,158.4,158.5,9435,65670
670828,157.6,157.6,155.4,155.5,8060,66125
670829,155.3,156.1,154.6,155.2,18120,68125
670830,155.5,156.3,155.2,155.6,17205,69390
670831,156.2,157.3,155.6,156.7,11045,69610
670901,156.7,157.3,156.1,156.6,14130,72150
670905,156.2,158.4,155,158.4,10840,74220
670906,158,159.4,156.5,159,17235,75310
670907,158.1,159.1,156.4,157,16005,75770
670908,156.5,158.3,156.5,157.2,18270,77865
670911,157.3,158.2,157.1,157.4,10920,77970
670912,157,159.2,157,158.1,6820,77260
670913,158.4,159.4,158.4,159,11295,78405
670914,159.2,159.2,158.3,159.1,9480,80165
670915,159.1,159.1,158.3,158.7,7730,80065
670918,158.6,160.6,157.6,160.4,3945,80265
670919,161.4,161.4,160.5,161.1,15050,80995
670920,161.2,161.2,160.3,160.5,13140,81395
670921,160.2,160.3,159.4,159.7,6860,81710
670922,160.6,162.1,160.5,161.6,6425,81030
670925,161.6,161.6,160.5,161.1,13880,80360
670926,161,161.6,160.4,161.4,8550,81550
670927,162,163,161.2,162.7,7790,81380
670928,162.6,162.6,161.5,162,12225,80470
670929,161.5,161.6,160.2,160.4,8725,79805
671002,159.6,160,158.6,159.1,10085,80460
671003,159.1,160.4,159,160.3,9500,80270
671004,160.1,161.1,159.7,160.4,7125,81125
671005,160,160.6,159.4,160.2,5390,81230
671006,160.4,161.3,160.4,161.1,4465,81170
671009,160.7,161.3,160,160.6,6035,80550
671010,160.4,161,159,159.2,5530,81140
671011,159,159.7,158.3,159.3,9625,80125
671012,159.2,160.3,159.2,159.3,7600,81115
671013,159.2,159.7,158.7,159.6,4240,80770
671016,159.6,160.4,159.4,160.1,4695,80385
671017,160.2,160.6,159.1,159.3,4340,80760
671018,159,159.4,158.4,159,6250,81325
671019,158.7,158.7,158.1,158.3,6695,81590
671020,158.2,159.7,158.2,159.1,4705,81010
671023,159,160,159,159.4,4880,81635
671024,159.6,160.2,159.3,159.6,3975,81545
671025,160.2,160.4,159.4,160,3905,81735
671026,160.1,160.3,158.4,158.5,4960,82215
671027,158.6,158.6,157.1,157.6,6040,81765
671030,158,158.2,157,157.4,15155,79570
671031,157.3,158.6,156.5,158.3,5630,78255
671101,158.4,158.4,155.6,155.7,9955,77480
671102,155.4,156.2,155.1,155.2,12070,77860
671103,155.2,156.2,155.2,155.6,8005,77510
671106,155.2,155.2,153.5,153.7,5760,77305
671107,153.6,154.3,153.5,154.2,10220,76155
671108,153.7,155,153.4,154.7,5785,76150
671109,155.2,155.4,154.3,154.4,10020,76300
671110,154.1,154.2,153,153.1,9245,78025
671113,153,153,151.6,151.7,8555,78350
671114,151.7,152.3,150.6,150.7,9405,77015
671115,151,151,149.6,150.2,12205,76220
671116,150.6,151.6,150.5,151.5,13935,75985
671117,151.5,152.2,151.1,151.3,8710,76595
671120,150.6,151.4,150.3,150.4,9970,76490
671121,150.2,150.4,149.2,149.4,9600,76420
671122,149.1,150.4,149,150.1,9845,77010
671124,150.4,153.7,150.4,152.4,7735,77875
671127,151.4,151.4,150,150.2,12755,77235
671128,150.1,151.2,149.7,150.6,8840,77345
671129,150.5,150.5,149.2,149.6,9460,77975
671130,149.6,150.3,149.2,150,13840,81165
671201,150.4,151,150.2,150.3,13975,81130
671204,150.5,151.3,150.3,150.4,11520,82160
671205,150.5,151.4,150.1,151.3,11675,81095
671206,151.6,152.4,151.5,152,10855,82565
671207,151.7,152.6,151.4,151.5,12415,83310
671208,151.3,152,150.7,151.2,13440,84010
671211,151.2,151.2,149.6,149.7,9285,83270
671212,150.2,151,150.2,150.7,12700,84490
671213,150.6,151,149.6,149.6,8740,84950
671214,149.4,150.6,149.3,150.5,8810,86170
671215,150.2,152,150,151.5,13565,88370
671218,151.1,151.2,150.1,150.2,16455,88960
671219,150.3,151.4,150.1,151.3,8640,89205
671220,150.4,151.2,150.2,150.3,10095,89280
671221,149.6,150.1,149.2,149.6,7995,88630
671222,150,150.4,149.7,150.3,11310,87370
671226,150.4,150.4,149.2,149.2,3020,87300
671227,149,149,147.5,147.5,7145,86675
671228,147.4,148.6,147.2,148.4,17950,84370
671229,148.2,148.3,147.5,147.7,12900,84555
680102,147.7,148,146,146.2,7870,83650
680103,146.4,146.6,146,146.3,14805,83260
680104,147,148.1,147,148,10340,80065
680105,148.1,148.4,147.5,148.1,9290,77410
680108,148.3,148.7,148,148.1,10105,75725
680109,147.6,148,147.1,147.4,8555,72985
680110,147.5,148,147.2,147.7,8220,72150
680111,147.7,148.6,147.4,148.3,5240,71850
680112,148.7,149.1,148.1,148.3,9055,70115
680115,148.3,148.4,147.6,148.4,12995,68645
680116,148.7,149.2,148.4,148.4,7505,67690
680117,148.7,148.7,147.7,148.1,7095,67115
680118,147.7,148.1,147.3,147.4,6115,66410
680119,147.3,147.5,146.5,146.7,7140,65335
680122,146.6,147,145.7,146.1,7010,63680
680123,146.2,146.7,146.1,146.6,8205,62760
680124,147.3,147.5,146.6,147.2,4885,62600
680125,147,149.4,147,148.2,5980,62395
680126,148.5,149.3,148.3,149.2,14095,59845
680129,149,149,147.7,148,8010,58130
680130,148,148.1,146.7,147.1,5705,57645
680131,147,147.3,146.5,147.1,6495,56530
680201,147.2,148.5,147.2,148.5,5315,55815
680202,148.5,149.2,148.3,149.2,6170,55820
680205,148.6,149.2,148.4,149,12175,52995
680206,148.7,149.5,148.6,149.3,13035,51985
680207,149.2,149.7,149,149.5,10365,50350
680208,149.5,149.6,148.6,149.4,10250,49465
680209,149.4,149.5,148.7,148.7,10520,48665
680213,149.3,149.4,148.6,149.2,5425,47905
680214,149.1,149.4,149,149.2,6245,48155
680215,149,149.3,148.2,149.3,6565,46270
680216,149.2,149.6,149,149.4,7570,44265
680219,149.3,149.6,149.1,149.4,4875,43555
680220,149.4,149.6,149.2,149.4,3960,42745
680221,149.3,149.3,148.5,148.7,4235,42665
680223,148.6,148.6,147.6,148,5155,42505
680226,147.5,147.5,146.5,146.7,9705,41035
680227,146.5,146.7,145.7,145.7,10615,36325
680228,145.5,146.2,145.4,145.7,9435,33425
680229,146,146.5,145.3,145.5,11090,29405
680301,144.7,146.5,144.7,146.4,23325,19615
680304,146.4,147,146.1,146.1,15170,11915
680305,145.7,147.3,145.7,147.2,4995,7210
680306,147.4,148,147.4,147.6,3470,6045
680307,147.5,148.2,147.4,148.1,3830,5165
680308,148.1,149.2,148.1,149.1,2755,4025
680311,148.6,148.6,148.3,148.4,1855,3790
680312,148.3,149.3,148.3,149.1,1040,2840
680313,149.3,150.6,149.3,150.5,1130,2850
680314,153,153.2,151.3,151.6,1765,2740
680315,152.4,152.4,150,150.1,2205,2170
680318,148.4,148.4,147.2,147.4,830,1540
680319,147.4,147.7,146.6,147.1,535,1215
680320,146.6,147.1,146.3,146.6,1075,1120
