680801,142.75,143.25,142.75,143.25,0,845
680802,142.625,143,142.5,142.75,540,1270
680805,142.875,142.875,141,141.25,205,1275
680806,140.75,140.75,139.75,140.5,220,1480
680807,140.875,140.875,139.75,139.75,290,1690
680808,140.25,140.75,140,140.5,1085,1950
680809,140.25,140.25,139.5,139.5,5,1955
680812,137.875,138.75,136.5,136.5,200,2010
680813,136,137,136,137,130,2030
680814,137.875,138.5,137.25,137.875,215,2155
680815,138,138.125,138,138.125,220,2350
680816,137.625,137.875,137.25,137.25,25,2350
680819,137,138.875,137,138.625,25,2370
680820,138.75,139.75,138.5,138.75,100,2335
680821,139.5,139.5,139.5,139.5,35,2360
680822,138.75,139,137.375,137.375,755,2820
680823,136.5,136.875,135.375,136.25,410,2960
680826,135.5,136.125,134.875,135.5,235,2975
680827,135.25,136.375,135.125,136.25,110,3035
680828,136.25,136.75,136.25,136.5,115,3000
680829,136,136,134.75,134.875,1065,3830
680830,134.75,134.75,132.625,133.875,645,4150
680903,133.75,134.625,133.125,133.125,490,4535
680904,133,134.25,132.875,134,480,4735
680905,134.125,134.125,133,133.75,1425,5685
680906,133.625,134.25,133.5,134,280,5835
680909,134.5,134.5,133.5,133.625,655,5875
680910,133.375,133.625,132.625,133,610,6110
680911,133.25,134,132.75,134,325,6315
680912,133.875,135.875,133.875,135.625,115,6300
680913,136.125,136.125,135.25,135.75,165,6250
680916,136,136,134.75,134.75,70,6260
680917,133.75,133.75,132.125,132.25,335,6420
680918,132.25,132.75,131.25,131.25,805,6810
680919,131.875,133.125,131.625,132.75,500,7135
680920,132,132,130.25,130.375,1285,7340
680923,130.125,132.375,130.125,132.375,1590,7560
680924,132.5,134,132.5,134,540,7535
680925,133.75,133.875,133.25,133.75,1415,7545
680926,133.875,135,133.5,134.625,125,7590
680927,134.625,134.625,133,133.5,655,7675
680930,133.375,134.5,132.25,134.5,800,7680
681001,134.125,135.75,134,135.5,1235,7955
681002,135.75,135.75,134.75,134.75,555,8260
681003,134.25,135,133.875,134.5,125,8250
681004,134.5,135.625,134.125,135.375,340,8295
681007,135.625,136.25,135.375,135.5,480,8495
681008,135.5,137,135.375,136.125,1140,8950
681009,137.625,138.25,136.875,138.25,750,9130
681010,138.625,138.625,137,137.25,1310,9480
681011,137,138.5,136.5,138.5,600,9585
681014,138.25,140.25,138,139.875,2085,9910
681015,138.5,139.125,138.25,138.625,830,10200
681016,139,140,138.875,139.25,1055,10425
681017,139.5,139.625,138.375,138.75,900,10765
681018,138,139,137.875,138.625,910,10875
681021,138.75,139.5,138.125,139.125,1265,11085
681022,139.125,139.5,138.875,139.375,515,11300
681023,139,139.75,139,139.75,665,11530
681024,140.125,140.125,137.875,138.125,685,11540
681025,138,139.25,138,138.875,960,11975
681028,138.75,138.875,138,138.25,590,11750
681029,138,141,138,140.875,550,11865
681030,140.5,141.75,140.25,141.375,1770,12460
681031,141.75,141.75,140.25,140.625,335,12430
681101,141.25,141.375,139.875,140.5,1075,12595
681104,140.375,141.375,140.375,140.75,1040,12700
681106,141.625,142.5,141.5,142.25,440,12610
681107,142.875,143,142.25,142.75,1030,12835
681108,142.625,142.75,141.75,141.875,1395,13220
681111,142.75,142.75,141,141.125,810,13450
681112,141,141.625,140,141.25,605,13615
681113,142.375,142.375,141.5,142.25,310,13745
681114,143,144.125,142.25,142.5,935,13885
681115,143.25,144,142.5,144,650,14025
681118,144.25,144.75,143.5,144.625,1300,14145
681119,144,144.25,143,143.625,1070,14445
681120,143.125,143.125,140.5,140.625,2345,14825
681121,137.875,140,137,139.625,1570,14825
681122,138.75,139.875,138.375,139.25,800,15145
681125,140.25,140.625,139.5,139.75,345,15155
681126,139.25,140.375,139.25,139.75,1375,16030
681127,140,140.875,139.75,139.875,870,16280
681129,140.5,140.5,139.875,140.25,295,16310
681202,140.25,140.5,137.75,137.75,2115,17400
681203,136.875,137.625,136.5,136.75,1250,17325
681204,137.5,137.875,137.25,137.375,665,17395
681205,137.5,138.25,136.875,137.125,985,17615
681206,137,138.25,136.625,138.25,865,17870
681209,138.75,138.875,137.125,137.375,820,18175
681210,136.875,137.25,136,136.375,860,18545
681211,135,136.25,135,136.25,1580,18725
681212,136.25,137,136,136.75,810,19105
681213,137.25,137.875,136.875,137.5,2085,19450
681216,137.625,138.5,137.25,137.75,1610,19930
681217,138.625,138.625,137.5,137.75,2080,20355
681218,137.25,137.625,137,137.375,1255,20960
681219,137.875,138.75,137.75,138.25,1090,21055
681220,138.875,139.5,138.5,138.5,1710,21615
681223,138,138,136.375,136.625,1490,22095
681224,136.25,137,136.25,136.75,450,22265
681226,136.75,137.25,136.5,136.625,1475,22025
681227,136.375,137.125,136,136.25,1435,22465
681230,136.5,136.875,136.125,136.375,3350,22145
681231,136.5,136.75,136.5,136.75,815,22135
690102,137,138.125,137,137,2215,21855
690103,137,137.375,136.5,137,1080,22155
690106,137.125,137.375,136.75,136.75,1755,22225
690107,136,136.125,135.5,135.875,1180,22175
690108,135.75,137,135.625,137,1295,22410
690109,136.75,136.75,135.875,136.625,770,22380
690110,136.75,137.125,136.5,136.875,565,22505
690113,137.375,137.375,136.625,137.25,505,22560
690114,137.5,138.125,137.375,138,1040,22930
690115,138.5,138.75,137.625,137.625,1205,23330
690116,137.75,137.75,137.25,137.25,405,23365
690117,136.875,137,136.375,136.375,1040,23455
690120,136.125,136.125,135.5,135.875,745,23375
690121,134.75,136.125,134.75,135.625,1735,23505
690122,135.625,135.875,135.25,135.5,470,23590
690123,135.375,136.75,135.375,136.75,1180,23620
690124,137,137.625,137,137.375,550,23630
690127,137.5,137.5,136.75,137.375,395,23590
690128,137.25,138,136.875,138,835,23500
690129,138.125,138.125,137.75,137.875,485,23350
690130,138,138.25,137.375,138.125,675,23120
690131,138,138,137.125,137.375,1625,22225
690203,137.5,137.625,137,137.625,300,22200
690204,137.625,137.875,137.25,137.625,530,21930
690205,137.375,137.75,136.875,137.75,320,21945
690206,137.625,137.75,137.25,137.375,245,21950
690207,137.125,137.375,136.625,137.125,220,21985
690210,136.625,136.875,136.25,136.25,425,22045
690211,136,136.875,136,136.75,760,22100
690212,136.375,137.25,136.25,137.25,550,22265
690213,137.25,137.625,137.125,137.625,1400,21910
690214,137.125,137.375,137,137,445,21935
690217,137.25,137.375,136.25,136.625,895,21885
690218,136.625,136.625,135.625,135.75,1125,21800
690219,135,135.25,134.125,134.75,2240,21495
690220,134.5,134.625,133.625,134.125,970,21545
690224,133.5,134.125,133.125,133.5,1190,21490
690225,133.375,133.75,133.25,133.25,960,21115
690226,133.375,134,132.75,133.875,990,20765
690227,133.625,134.5,133.625,134.375,1045,20635
690228,134.25,134.625,133.375,133.5,2315,20635
690303,133,134.125,132.75,134,2410,21600
690304,133.75,134.5,133.625,134.375,1510,21860
690305,134.5,135,134.125,134.25,965,21595
690306,134,134.5,133.625,134.375,2005,21050
690307,134.625,135.375,134,135.125,1005,21395
690310,135.25,135.5,134,134,645,21255
690311,133.625,134.125,133.5,134.125,535,21195
690312,134,134,133.25,133.375,1450,20490
690313,133.25,133.75,133.125,133.5,535,20320
690314,133.25,134,133,133.75,1290,20440
690317,133.5,133.5,131.875,132.375,1335,20165
690318,131.75,132.375,130.875,131,1790,20285
690319,130.5,131.625,130.5,131.125,2170,20285
690320,131,131.625,130.375,130.625,1360,20295
690321,130.25,131,129.875,130,3610,19825
690324,129.375,130.5,129,130.375,2270,19935
690325,130.25,130.75,130.125,130.625,1180,19685
690326,130.5,131.125,130.5,130.875,1800,19370
690327,130.75,131.25,128.5,128.75,2325,19525
690328,128.75,129.375,128,128.625,2455,18565
690401,128.75,130.25,128.75,130,1395,18175
690402,129.875,130.75,129.375,130.5,920,18280
690403,130.875,130.875,129.875,129.875,1160,18770
690407,129.375,129.5,128.75,129.25,980,18345
690408,129.125,130,129,129.875,1085,18860
690409,129.625,130,128.75,129.375,1110,18965
690410,129.25,129.75,129,129.375,590,19090
690411,129.625,130.5,129.375,130.375,2035,19145
690414,130.75,132,130.25,131.75,2385,19505
690415,131.75,133,131.375,132.875,2835,19380
690416,132.625,133,132,132.625,1810,19585
690417,132.5,132.625,131.25,132,1475,19830
690418,131.625,132.375,131.5,131.875,1025,19850
690421,131.75,132.75,131.625,132.5,940,19980
690422,132.625,132.625,131.875,132.125,1140,20125
690423,132,132.375,131.75,131.875,395,20075
690424,131.75,132,131.375,131.5,955,20110
690425,132,134.875,130.625,134.25,4705,19755
690428,135,135.625,134.375,134.75,4340,20420
690429,134.5,134.5,132.75,133,3960,20270
690430,132.625,133.375,132.375,133,2225,19885
690501,133,133,132,132.125,2220,19340
690502,132,132.625,132,132.125,1705,19175
690505,132,133.75,132,133.5,2490,19315
690506,133.875,134.375,133.375,133.625,2900,19285
690507,133.375,133.75,133.125,133.625,2050,19240
690508,133.625,134.875,133.625,134.5,4405,19435
690509,134.625,135.25,134.25,134.875,2540,19470
690512,135.5,135.625,134.25,134.25,3265,18805
690513,134.5,134.625,133.5,134.25,1815,18670
690514,134.625,134.625,134.125,134.625,1345,18830
690515,134.5,134.625,133.875,134.375,965,18890
690516,134.375,134.875,134.375,134.625,1380,19280
690519,134.625,136.5,134.625,136.5,4460,19215
690520,136.375,136.5,135,136.375,3450,19835
690521,136.375,137.375,136.125,137,3305,20260
690522,136.875,137,135.25,135.375,3850,20505
690523,134.75,134.75,133.75,133.875,3985,20395
690526,131.25,132.875,131,131.125,6750,19630
690527,131.5,132.375,131.125,132.125,1825,19750
690528,131.75,132,131.125,131.5,1975,19795
690529,131.25,131.375,130.25,130.625,3100,19685
690602,130.25,131,130.25,130.875,2160,20340
690603,131.125,132.25,131,131.625,2135,20710
690604,131.25,133,131.25,132.75,3295,20490
690605,132.75,134,132.375,133.5,3175,20570
690606,133.375,133.375,131.75,132,1810,21075
690609,131.875,132.875,131.875,132.375,2155,20655
690610,132.125,132.625,131,131.125,2470,20645
690611,130.875,131.875,130.375,131.75,3765,20730
690612,131.625,131.75,130.5,131,3205,21400
690613,130.75,130.875,129.75,130.25,3945,21905
690616,129.875,130.375,129,129,4015,22690
690617,129.25,129.25,128.25,129.125,3915,22580
690618,129.25,129.75,128.875,129.375,2445,22710
690619,129.125,129.125,128.5,128.625,1880,22770
690620,128.625,130.75,128.625,130.25,4490,23195
690623,130.875,132.375,130.875,132.25,6350,23655
690624,132.125,132.375,131,131.625,4090,23400
690625,131.5,132.25,130.875,132.125,4895,24515
690626,132,132.125,130,130.25,7035,25580
690627,129.5,129.625,128.75,129.125,6815,27415
690630,128.875,129.375,127.375,127.75,8525,29470
690701,127.875,128.75,127.875,128.125,7690,32480
690702,127.875,129,127.625,128.75,5695,31990
690703,128.375,129.625,128.125,129.5,5000,32540
690707,130.25,131.125,130.125,131.125,7425,32950
690708,131.375,131.75,129.875,130.25,4405,33250
690709,130.375,130.75,130,130.375,3155,33690
690710,130.5,131,129.75,130.75,4080,33840
690711,131.25,131.375,130.125,130.375,4645,34330
690714,129.5,130.5,129.125,129.125,5550,35240
690715,128.75,129.25,127.75,128,6715,35995
690716,128,128.5,127.125,128.375,8315,36605
690717,129.25,129.5,128.375,129,5475,36935
690718,129.375,130.5,129.25,129.875,8010,37080
690722,130.5,130.5,125.875,129,5795,37280
690723,128.625,128.75,127.375,127.5,6475,36520
690724,127.25,127.75,125.75,126.25,7430,35380
690725,125,125.625,124.75,125.5,9040,34650
690728,125.25,125.625,119.5,121.25,9500,33110
690729,121,123,121,122.875,8005,31495
690730,122.875,124.5,122.875,124.375,4765,30760
690731,124,124.125,123.5,123.75,3165,29960
690801,124.125,124.75,123.5,123.875,6295,28050
690804,123.75,123.75,122.875,122.875,3100,27500
690805,122.75,122.75,120.75,122.125,6230,25790
690806,122,123.125,122,122.625,3280,25840
690807,122.875,124.75,122.75,123.875,5305,25365
690808,124,125.25,124,124.75,2490,25445
690811,124,125.375,124,125.125,3320,25380
690812,125.625,126,124.25,125.75,2265,24845
690813,126,126,124.375,124.5,2185,24105
690814,124,126,123.625,125.625,3130,23425
690815,125.75,126.5,125.625,126.375,2575,22560
690818,126.25,127,125.75,127,2135,22430
690819,126.875,127,125.375,125.375,3215,21670
690820,125.125,126.25,125.125,125.75,2035,21550
690821,125.375,126.125,124.875,125.625,2360,20950
690822,125,126.375,125,126,2980,20185
690825,125.875,126.875,125.625,126.875,2185,19365
690826,126.375,126.75,125.375,125.75,2960,18465
690827,126.25,126.375,125.875,126.25,2350,17790
690828,126.25,127.625,126.25,127.375,2905,17175
690829,128,128.625,127.875,128.125,6350,15710
690902,128.5,128.625,127.875,128,3055,14070
690903,127.625,128.75,127.625,128.625,2515,12550
690904,128.875,129.375,128.625,129.25,3860,10790
690905,130,131.75,130,130.875,4985,7655
690908,130.875,131,130.25,130.5,1920,6605
690909,130.5,130.875,129.75,130.75,1940,5785
690910,130.125,131.25,130.125,131.125,1655,5150
690911,131.125,131.75,130.625,131.625,1850,4025
690912,131.625,132,131.25,131.625,1035,3425
690915,131.5,131.5,130.75,130.75,910,2865
690916,131.125,131.5,131,131.375,920,2335
690917,131.25,132.375,131.25,132.25,730,1775
690918,132,132.75,132,132.375,1535,1015
690919,132.125,132.75,131.375,131.375,1670,380
