700521,144.5,144.75,144.5,144.75,5,0
700522,144.5,145.25,144.5,145.25,35,35
700525,144.875,145,144.25,144.75,10,45
700526,143.25,143.25,143.25,143.25,0,45
700527,142,142.375,142,142.375,5,50
700528,141.75,141.75,141.75,141.75,0,50
700601,141.75,141.875,141.75,141.875,5,55
700602,142.125,143.625,142.125,143.25,15,65
700603,142.5,143,142.5,143,10,75
700604,143.25,143.75,143.25,143.25,35,110
700605,143.5,143.5,142.75,143,240,350
700608,142.625,142.75,141.25,142.75,75,375
700609,142.5,143.25,142.25,143.25,85,425
700610,143.5,143.875,143.5,143.875,30,445
700611,144.5,148,144.5,146.75,530,870
700612,149,149,147,148.25,475,1295
700615,149.25,149.375,147.875,148.125,255,1295
700616,148.125,148.125,147,147.25,115,1260
700617,147.25,147.25,146.625,146.75,160,1290
700618,146.75,147,146.75,146.75,45,1310
700619,147.25,147.25,147.25,147.25,0,1310
700622,147.5,147.5,147.125,147.25,75,1330
700623,147.125,149,147.125,148,25,1325
700624,148.75,149.25,148.375,148.5,75,1320
700625,150,150.75,149.75,150.125,165,1415
700626,151.125,151.125,149.5,149.75,220,1510
700629,149.75,153.25,149.5,152,340,1625
700630,153.25,153.5,150,150.125,620,1925
700701,149.5,149.75,146.75,147,470,2080
700702,147,148.25,146.75,148,315,2260
700706,150,150,148.25,148.25,1060,2895
700707,148.625,149.5,148.5,149,275,3015
700708,150,151.375,149.75,151,590,3290
700709,151.625,151.625,150.375,150.5,290,3345
700710,150.5,150.625,149.625,149.75,425,3570
700713,152,152,150.5,151.5,550,3860
700714,151,151.125,149.25,149.25,425,3875
700715,149.25,150.875,148.75,150.5,905,3900
700716,151.375,151.5,150,150.25,560,4180
700717,151.25,151.25,150,150.375,490,4265
700720,150.25,150.625,149.75,150,440,4310
700721,150.25,150.875,150.25,150.25,120,4290
700722,150,151.25,150,151.25,680,4265
700723,151.75,154.375,151.5,154.25,1805,4895
700724,154.75,154.75,153,153.125,1005,5185
700727,153.625,156,153.5,154,990,5375
700728,154,154,152,152.25,1090,5905
700729,153.5,153.75,152.75,153.25,510,5930
700730,153.25,153.75,152.125,152.125,375,5915
700731,151.125,152.125,151,151.875,910,6110
700803,152,153,151.625,152.75,565,6300
700804,153.375,153.5,152.5,152.625,1070,6795
700805,152.125,152.375,147.625,150,1435,6635
700806,150,150.75,149.5,150.5,1250,6860
700807,150.25,151.125,150,150.5,455,6940
700810,150.875,151.375,150.375,151.125,335,7065
700811,151.125,152.5,151.125,152.375,795,7460
700812,153.5,154.5,152.25,154,1630,7885
700813,154.375,156.5,153.625,155.25,1590,8170
700814,155.375,157.25,154.75,156.625,1220,8430
700817,166.625,166.625,160,166.625,2030,8995
700818,161,166,156.625,160,2780,9470
700819,165,165.5,161.25,164.75,2270,10345
700820,164,164,161.25,162.5,1130,9845
700821,160,160.25,157.5,159.5,1135,9620
700824,159.625,162,158.5,161.25,900,9705
700825,162.125,165.375,162,165.25,2095,10905
700826,165.375,165.5,163,163.625,1340,10975
700827,163.75,166,163,164.25,1150,11185
700828,164.5,166.25,164.25,165.75,1075,11325
700831,165,167.875,165,166,1200,11525
700901,165.75,165.75,163.75,164.25,1005,11905
700902,164.5,165,162.5,164.125,1200,11620
700903,165.75,166.75,165.5,165.5,1625,11425
700904,164.5,167.5,164.5,166,1790,11675
700908,167.75,168,165.875,167.75,1145,11810
700909,167.75,170,167.75,169,1855,11815
700910,169.75,170,168.625,169.75,1700,11935
700911,169.25,169.75,168.25,169.625,1225,11760
700914,168.5,172.5,168.5,172.5,1935,11450
700915,173.5,174.75,171.75,172.25,1920,11230
700916,171.625,173,171.375,171.5,1535,11215
700917,172.25,172.25,165.5,167,3085,11940
700918,166,169.25,166,169,1240,11760
700921,168.75,168.75,166,166.5,1125,11840
700922,167.625,170.5,167.5,169.5,2320,11250
700923,169.5,171,168.75,170,1525,11570
700924,169.25,170.125,167.5,167.5,1235,11750
700925,166.25,169,166.25,169,915,11545
700928,169,170,168.5,169.625,765,11770
700929,169.625,169.75,168.75,168.75,565,11750
700930,168.125,169,166.875,168.75,1640,12005
701001,168.25,168.75,167.125,167.75,610,12290
701002,168.25,169.75,167.75,169.375,1290,12865
701005,172,172.75,171.125,171.25,2515,12830
701006,171,171.75,170.375,170.75,1620,13335
701007,170.875,171.625,170.25,171.625,950,13355
701008,171.625,173.375,171.625,172.375,1640,13860
701009,173.25,173.25,170.5,170.625,3580,16160
701012,171.375,171.75,170.875,171.375,1160,16640
701013,170,170.75,169.25,169.625,1505,16570
701014,170.25,170.5,168.375,169.5,2125,17120
701015,169.75,170.75,169.125,170.75,2970,18245
701016,170.75,171.375,170.25,170.375,2975,19335
701019,169.75,170.25,169.625,169.625,1185,19475
701020,169.5,170.25,169,170.25,1420,19615
701021,170.625,170.875,169.125,169.625,1855,19550
701022,170.875,172.5,170,172.375,1625,20140
701023,172,175.75,172,175.375,3955,20675
701026,175.625,175.875,173.75,173.75,1565,20565
701027,174.75,175.125,173.875,174.25,1675,20400
701028,175.25,175.25,172.5,172.5,1665,20375
701029,171.875,173.375,171.625,172.25,1680,20335
701030,171.625,172.875,171.625,172.25,615,20780
701102,173.5,173.875,173,173.375,910,20785
701104,173.5,177,173.25,177,1865,20390
701105,177.375,178.75,176.625,178,4515,21300
701106,178.25,178.25,176.125,176.375,2965,22020
701109,176.875,177.5,175.625,176.5,2100,21975
701110,176.25,177,175.75,176.125,835,21945
701111,176.25,177,174.875,176.375,2310,22510
701112,176.125,176.875,175.875,176.5,785,22305
701113,176.875,176.875,175.75,175.75,770,22485
701116,176.75,177.125,172.25,172.25,2315,22465
701117,172.25,173.375,170.5,172,4135,23380
701118,172.5,172.75,170.75,170.75,2425,23040
701119,170.375,171.25,169.125,171,4065,23070
701120,171.5,172,170.125,171.5,2310,22865
701123,171.5,172.125,171.125,172,1600,22705
701124,172,172.25,168.5,168.5,2075,22815
701125,169.5,169.75,168.625,169.125,2750,23920
701127,168.5,171.25,168.125,171,1870,23705
701130,171.125,173.25,169.375,171.125,2315,23710
701201,171.125,172.25,170.625,171.875,1915,23995
701202,172.375,172.625,171.25,171.5,1780,24530
701203,171.25,171.75,170.125,171.375,2385,24640
701204,171.25,172.5,171.25,172.25,2665,25495
701207,172.75,172.875,171.125,171.125,1140,25280
701208,170.5,171.125,169.25,169.875,2380,24935
701209,167.75,168.375,166.5,167.125,4085,24290
701210,166.25,166.875,165,165.75,3210,24565
701211,166.25,167.125,165.875,166.25,1715,24420
701214,164.75,165,163.625,163.75,2530,24430
701215,164.25,165.125,163.625,165,2615,24995
701216,165.5,167.75,165.5,166.75,3255,25280
701217,167.375,167.5,166.25,166.625,2200,24800
701218,166.875,167.375,166.375,166.75,2200,25495
701221,165.5,166,164.5,164.625,1990,25265
701222,164.25,167,163.25,166.375,4195,25635
701223,167.25,167.25,165.625,165.75,1510,25490
701224,167.25,168.25,166.75,168.125,3870,26450
701228,169.375,169.375,167.25,167.625,2575,26305
701229,167.75,168.5,167.375,167.625,1865,26660
701230,167.5,167.5,166.25,166.25,1370,26725
701231,166,167.25,166,167,1110,26695
710104,167.625,167.75,166.25,166.75,2010,26640
710105,166.875,167.5,166.25,167.5,2435,26330
710106,167.5,167.875,166.25,166.25,1460,26190
710107,165.25,166.75,165.25,165.5,2785,26020
710108,165.375,167.25,165.375,166.875,2335,26575
710111,167.375,169.75,166.75,168.875,3780,26695
710112,169.25,169.75,167.875,168.375,2685,26885
710113,168.375,169,168.125,168.5,1030,27010
710114,168,169,167.25,168.875,1660,26880
710115,168.875,170.375,168.625,170,3220,26520
710118,169.25,170.125,167.125,167.75,2620,26235
710119,167.5,168.25,166.75,168.125,1665,26075
710120,168.5,168.875,168.125,168.375,1070,25870
710121,168.625,168.75,167.25,167.5,1375,25975
710122,167.75,168.75,167.25,168.75,615,26020
710125,167,167.625,165,165.25,3330,27215
710126,163.75,164.625,163.125,163.5,3640,27075
710127,163.5,163.875,162.125,163.125,4630,27335
710128,163,163.5,162,162.25,1975,27505
710129,162.875,164.5,162.875,163.625,2870,27805
710201,163.875,164.5,163.25,164.375,1125,27970
710202,164.75,167.125,164.75,167,6765,27610
710203,166.75,167,165.875,166.125,2685,27635
710204,166.375,166.625,165.5,166.5,3505,28380
710205,167,167.5,166.25,167.125,2400,28190
710208,167.375,167.5,166.375,167.5,3155,27675
710209,167.75,168,166,166.125,3340,28385
710210,165.75,166.25,164.75,165.25,2665,28370
710211,165,166.75,164.75,165,3845,28335
710212,164.75,165,164.375,164.5,1430,28195
710216,165.25,165.25,163.625,163.75,1600,28400
710217,163.25,164.875,163.25,164.75,1695,28635
710218,164.875,165.625,164,164.125,2560,28540
710219,164,164.5,164,164.125,1495,28570
710222,163.75,163.75,162.625,163.125,2665,28335
710223,163.125,163.125,162.375,162.625,2425,28325
710224,162,162.125,160.25,160.75,5710,28655
710225,160.5,161.5,160.25,160.75,3305,28200
710226,161.75,162.25,161.75,162,4495,27395
710301,161.875,162.75,161.75,162.625,1210,27445
710302,162.375,164.125,162.375,163.875,3545,26840
710303,164,164.125,163.25,163.5,1620,26875
710304,163.5,163.5,162.375,162.875,1310,27105
710305,162.625,163.75,162.5,163.625,1250,27030
710308,163,163.625,162.75,163.375,985,27345
710309,163.125,163.5,162.875,163,1420,27620
710310,162.5,163,162.5,162.875,1315,27880
710311,163.125,163.125,162.5,162.625,1105,27915
710312,162,163.25,162,162.375,2100,28090
710315,161.5,162.25,161.375,161.75,3525,28950
710316,161.375,161.75,160.5,160.875,3550,28900
710317,159.75,160.375,158.125,158.25,4875,27870
710318,158.5,159.375,157.75,159.375,4005,27760
710319,159.875,160.25,158.75,159.25,2625,27605
710322,159,159.75,158.125,159.5,4385,27285
710323,159.75,161.125,159.375,160.125,2855,27165
710324,160.25,160.75,159.25,159.25,2465,27120
710325,159.25,159.625,158.625,159.125,1810,26915
710326,158.75,159.25,158.125,158.125,2135,26415
710329,158.125,158.75,157.875,158.25,1530,25985
710330,158.375,159.125,157.25,157.625,1970,25860
710331,158,158.625,157.625,158.125,2440,25795
710401,158.5,160.5,158.25,160.5,3720,25085
710402,160.25,161.625,159.625,161.375,5105,23065
710405,161.875,161.875,159.75,159.875,2375,23085
710406,160.25,161.375,159.75,161.375,1960,22830
710407,161.875,162.125,160.125,160.125,1805,22330
710408,160.875,162.875,160.75,162.25,4395,21705
710412,163.75,166.125,163.75,166,5230,20150
710413,166,166.375,165,165.5,2790,19125
710414,165.5,166.5,163.75,165,2695,18590
710415,163.5,165,163,164.5,2095,18445
710416,163,163,161,161.125,2295,17740
710419,160.375,161.5,160.25,160.375,1580,17495
710420,160.125,161.125,160,160.625,1330,17495
710421,161,161.625,160.875,161,1275,17330
710422,162.5,162.75,161.375,162,1630,17080
710423,161.5,161.625,159.375,159.5,2145,16140
710426,158.625,159.5,157.75,157.875,1925,15465
710427,157.25,158,157.125,158,2010,14600
710428,157.625,158.625,157.625,158.5,1905,14370
710429,158,159.375,158,159.25,1520,13685
710430,159.25,159.75,158.375,158.75,1930,13015
710503,158.75,159.875,157.25,157.875,1210,12675
710504,157.75,158.375,157.375,158.25,2165,11700
710505,159.25,160.75,158.625,160.625,2845,10430
710506,160.375,161.375,158.25,158.25,3360,9285
710507,159.25,159.5,158.5,158.5,550,9120
710510,158,159.875,158,158.875,1460,8490
710511,158.5,159,158,158.375,1130,8110
710512,158.75,161,158.75,160.625,755,7730
710513,160.625,161.625,158.875,159.75,2355,6595
710514,159.25,161.375,159.25,159.5,1185,5770
710517,159.25,160.75,158.75,160.75,880,5245
710518,160.625,161,159.625,160.875,1120,4770
710519,161.5,170,161.5,170,6150,275
