741002,469,474,467,474,115,110
741003,482.5,494,482.5,494,845,760
741004,488,504,483,488,280,910
741007,468,468,468,468,25,934
741008,460,485,460,485,125,970
741009,491,505,490,503,170,970
741010,500,504,496,497,145,1005
741011,500,507,482,494,65,1010
741014,484,494,484,490,115,1020
741015,496,500,488,488,65,1015
741016,493,495,484,485,280,1245
741017,492,495,480,492,30,1235
741018,497,499,494,497,50,1215
741021,500,504,497,501,105,1250
741022,505,511,505,507,290,1460
741023,506,506,502,505,30,1470
741024,506,509,501,506,55,1460
741025,498,513,498,510,100,1510
741028,505,505,497,497,20,1520
741029,495,500,493,499,75,1525
741030,497,503,491,503,100,1550
741031,505,509,499,506,205,1610
741101,503,506,500,502.5,135,1640
741104,505,505,503,503,30,1665
741106,502,507,501,501,145,1735
741107,500,506,497,500,220,1870
741108,500,502,499,499,155,1865
741111,504,504,499,500,485,2160
741112,486,499,480,480,240,2155
741113,479,488,474,486,725,2315
741114,490,492,483,486,155,2435
741115,481,482,476,477,205,2490
741118,466,468,457,457,165,2505
741119,445,473,445,472,560,2405
741120,476,484,473,479,175,2420
741121,476,476,461,461.5,890,2735
741122,458,473,458,472,80,2665
741125,474,478,473,473,50,2670
741126,472,486,472,482.5,595,3035
741127,487,487,477,477,460,3210
741129,475,483,475,481,435,3395
741202,476,477,473,476,180,3485
741203,473,486,473,482,325,3755
741204,481,481,471,472,495,3700
741205,481,481,473,473,105,3715
741206,471,473,464,464,190,3585
741209,456,460,448,456,320,3605
741210,458,462,453,453.5,760,3850
741211,451,459,451,452.5,310,3955
741212,459,460,454,455,130,3975
741213,455,455,444,444,580,4075
741216,446,448,432,432,805,4285
741217,432,436,430,431,1075,4270
741218,436,440,432,435,295,4245
741219,440,444,435,435,455,4305
741220,433,437,430,434,265,4380
741223,434,434,425,425,410,4400
741224,424,430,423,429,560,4265
741226,431,431,416,420,400,4330
741227,421,429,421,426,335,4350
741230,426,430,420,423,430,4510
741231,421,429,421,428,145,4530
750102,429,435,429,431,450,4700
750103,426.5,430,423,423,1000,4765
750106,420,421,406,416,740,4755
750107,415,415,399,399,615,4775
750108,395,403,392,401,1445,5500
750109,402,404,396,398,1390,5735
750110,400,402,399,400,1960,6575
750113,405,405,399,402,1640,7365
750114,400,406.5,398.5,405,1205,7335
750115,404,405,402,402.5,620,7555
750116,402,404.5,395,396,975,7515
750117,376,379,376,376,2460,7705
750120,370,376,359,375.5,1325,7430
750121,385,388,381,388,1545,7965
750122,382,384.5,373,373,855,7900
750123,371,393,370,391,1515,8275
750124,387,398,385,397.5,1790,9205
750127,390,395,379,379,1325,9425
750128,372,384,372,382.5,2300,10325
750129,379,391,377,384.5,1105,10450
750130,383,386,378.5,382,1275,10865
750131,379,382,376,377,2240,11425
750203,374,384,373,378,2250,11860
750204,388,392.5,384,389.5,1395,12295
750205,385,388,382,382.5,1050,12765
750206,383,386.5,381,384,460,12885
750207,385.5,391,384.5,389.5,1125,13035
750210,393,393,386,386.5,365,13075
750211,385,390,385,389.5,740,13215
750212,395,396.5,389,389.5,635,13020
750213,386,395,385,392.5,1345,13560
750214,393,393,388,391.5,330,13480
750218,389,389,378,378,945,13360
750219,374,376.5,370,372,2210,13680
750220,373,377,369,374,1350,13955
750221,375,379,372,372,875,14130
750224,369,372,367,371.5,1900,14665
750225,373,374,368,369.75,740,14765
750226,365,370,363.75,367,3260,15500
750227,366,367,361,361.5,1880,16475
750228,352,355,342,350,3020,16795
750303,346,351,331.5,350,4245,18060
750304,349,360,347,352.5,2540,18585
750305,353,361,353,358,1095,18645
750306,359,375,356,364,3630,18980
750307,368,368,355,356,2360,19370
750310,353,353,346.5,352,1955,20245
750311,353,369,353,367,4110,20115
750312,364,365,357,364,880,20055
750313,364,366,358,358.5,1090,20135
750314,352,356.5,351.5,355,1420,20180
750317,352,362.5,352,356.5,1175,19785
750318,356.5,358,352,353,980,20100
750319,348,354.5,348,353.5,2270,20990
750320,354,362,353,355,1025,21120
750321,357,366,357,363.75,1805,21090
750324,365,365.5,357,360.5,1355,21060
750325,363,365,359,364.5,1030,21020
750326,368,373,365.5,372,1965,21305
750327,369,371,366.5,367,1575,21105
750331,371,382,371,378.5,2295,21155
750401,382,382,372,375,1815,21385
750402,377.5,378.5,374,377,1600,21695
750403,377,377,371.5,371.5,1435,21725
750404,370,373,369.5,371.5,1835,21535
750407,371,371,365,368,1245,21875
750408,366,371,364.5,366.25,2095,21405
750409,367,369.5,363,366.75,1780,21395
750410,364.5,365,353.5,355.75,4085,22915
750411,352.5,357,352,352.25,3610,21865
750414,349,353.5,347,351.5,3030,22320
750415,352.5,355,341.5,342.5,4510,23790
750416,342.5,346.5,341,342.75,4785,23800
750417,344,347.5,342,346.5,3580,24300
750418,345,346,343,344,2805,25070
750421,342,343,337.5,340,3130,25225
750422,337,339,333,333.25,4230,25460
750423,332.5,338,332,336.25,4495,26385
750424,340,341.5,336.5,338,3315,26695
750425,340,344.5,339,342.25,5115,26905
750428,342,346,338.5,344,5575,28445
750429,343,344,338,339.75,4735,29085
750430,339.5,341,333,335.75,5480,29170
750501,334,334,321.5,323.25,5240,28995
750502,322,326.5,321.5,323.75,4935,30435
750505,320,320,315,315,7295,32350
750506,314,317,312.5,316.75,6130,32635
750507,318,323,317,317.25,8135,31345
750508,317.5,319.5,314.5,318.5,3105,31610
750509,317.5,324.5,317,319.25,4110,31100
750512,319,319,314.5,318.2,3115,31465
750513,318,323,317,319.25,4675,32040
750514,317,323,317,318.25,2855,31720
750515,317,318,314.5,314.75,3885,32140
750516,313.5,315,312,313,2950,32615
750519,311,329.5,311,329.25,6540,33285
750520,326,340.5,322.5,324.25,13960,32935
750521,326,330,321,329,7810,30680
750522,329,333.5,328,330.25,5860,30665
750523,332.5,332.5,324.5,327.25,5275,29805
750527,324,324,313.5,314.25,6725,30180
750528,309,318,308,315,6460,29960
750529,312,317.5,311,312.25,7575,30910
750530,314,314.25,309.5,310.5,4965,30665
750602,308,309,301,301.5,8780,30770
750603,302,307,301.5,306.25,6230,31490
750604,308,311,305.5,306.25,6915,32755
750605,305.5,306.5,302.5,302.75,4985,33950
750606,301.5,302.5,300,301.75,4055,34905
750609,302,310,302,309,5655,35915
750610,311,314,305.5,305.75,11265,34685
750611,307,308,304,304.75,7160,34710
750612,303,304,301,301.75,5380,35060
750613,300.5,304.5,298,303,9430,36650
750616,302.5,311,302.5,310.75,8875,37630
750617,315,330.75,315,330.25,21235,40005
750618,327,328,321,322.75,12725,39300
750619,323,324,317.5,318.5,10815,38930
750620,321,333.5,320,330.25,16905,40040
750623,330,330,322.5,322.75,15090,38830
750624,320,328.5,320,328.25,11910,39535
750625,330,330.5,317,317.25,16665,39775
750626,316,318,313,313.5,9630,40090
750627,315,316.5,307.5,307.75,21245,42405
750630,305,309,304,307.5,17265,45795
750701,308,309,301.5,304,16300,49190
750702,303,306.5,300.5,302.25,16740,51585
750703,302.5,311.5,302.5,305.75,19455,53820
750707,308,315,308,308.25,20640,57175
750708,310,328.25,310,328.25,31500,63920
750709,333.5,343.5,326.5,338.5,36025,67635
750710,341,358.5,339,350.5,39525,69470
750711,353,370,352,367.5,41080,68565
750714,367.5,377.5,356,359,34265,70105
750715,350,370,348,361.5,35620,72505
750716,368,380,365,376.5,24220,74655
750717,383,384,362,363,31450,74625
750718,360,364,351,351.5,20385,75260
750721,353,362,353,360.25,20235,74185
750722,365.5,369.5,358.5,363,26380,72615
750723,360,364,356,356.5,18145,71050
750724,356.5,375,356.5,368.75,30840,66640
750725,378,384,374,376,23610,65595
750728,379,395,379,390.5,21490,63885
750729,393,395.5,377.5,380.5,28850,62280
750730,376,376,361.5,364.25,20795,60235
750731,364,371.5,359,366.75,21595,60215
750801,371,371.5,365.5,369.5,11715,59485
750804,373,380,370,370.5,16175,58710
750805,368,372,365.5,369.5,11640,55975
750806,367,378,366,374.25,11410,54405
750807,380,394.25,380,394.25,20905,53345
750808,385,392,381,385.5,15535,51705
750811,382.5,386,381.5,383.5,14065,49205
750812,379,401,378.5,393.25,20690,43840
750813,396,408,396,405.5,16330,43230
750814,401,414,400.5,411.5,19505,39500
750815,414,424,413,416.75,14210,37880
750818,417,424,402,413,17295,35445
750819,414.25,425,414.25,423.25,13615,33335
750820,438,443.25,434.5,439.5,11085,30890
750821,438,450,435.5,447.5,13190,31585
750822,444,448.5,439,447.5,9540,29770
750825,448,449,438.5,440.5,15860,29845
750826,438.5,438.5,420.5,420.5,8400,29150
750827,417,425,410.5,424.5,6735,26660
750828,424,429,406,407.5,9965,22330
750829,414,416,400,406.5,7555,20015
750902,402,402,388,398.5,6910,18315
750903,404,414,398.5,413.5,6550,16945
750904,411.5,418.5,411.5,417,5175,13940
750905,417,419,414.5,418.5,6095,12535
750908,413,414,406.5,408.75,4345,11065
750909,405.5,410.5,403,406.25,4725,9365
750910,411,414,409.5,410,5980,10685
750911,411,411,404,406,3355,10505
750912,411,423.5,411,421,925,6990
750915,415,423,414.5,415,2075,5595
750916,416,422,416,419,1665,4160
750917,420,434,419,431.75,1640,2520
750918,432,434.5,425,425.25,1030,1660
750919,429,434.5,426,432.25,855,1200
