750319,363,367,363,367,25,25
750320,370,375,368,371,50,50
750321,377,377,377,377,0,50
750324,379,379,373.5,373.5,5,50
750325,375.5,380,375.5,380,5,55
750326,383,386,380,385.5,30,85
750327,383,385,381,383.5,60,145
750331,392.5,392.5,392.5,392.5,5,150
750401,389.5,392,388,390,35,180
750402,392,392,390,390.5,45,215
750403,385,387,385,386.5,120,170
750404,384.5,387.5,383.5,387.5,40,185
750407,385,386,380,381.5,80,225
750408,384,385,383,383,115,285
750409,379,381.5,379,380.75,45,305
750410,377.5,377.5,369,369,85,360
750411,369,371.5,367.5,368.5,125,460
750414,364,368.5,362,366,260,690
750415,366,368.5,358,358,325,760
750416,357,360.5,357,359,105,800
750417,359.5,363.5,357,362.75,360,1070
750418,359.5,361,359.5,361,60,1095
750421,356,358,354,356,70,1110
750422,352.5,354,349,349.25,15,1120
750423,350,354,350,353,10,1120
750424,356,358.5,353.5,356,655,1395
750425,360,361,358,358,340,1530
750428,359,361.5,354,359,650,1840
750429,356,358,354,354.25,200,1975
750430,355,356.5,349.5,351,215,2045
750501,348,348,338,339,280,2145
750502,339,344,338.5,340.5,1005,2585
750505,335,335,332,332.5,330,2640
750506,331.5,333.5,329,332,695,2705
750507,335,339,333,333.5,580,2650
750508,333.5,335.5,332,335,255,2705
750509,334,340,333,336.25,290,2655
750512,332.25,335,330.5,335,325,2720
750513,333,339,333,335,250,2910
750514,333,338,332.5,334,50,2920
750515,331.5,333,330,330,415,3055
750516,328,330,327.5,327.75,255,3140
750519,326.5,344,326,344,810,3225
750520,343,360,339,342,710,3490
750521,343,347,339.5,346.25,985,3680
750522,346,351,345,347,445,3780
750523,347.5,347.5,342.5,344,435,3960
750527,338,338,331,331.5,155,4000
750528,327,334.5,327,331,1075,4380
750529,331.5,332,328,329.5,510,4500
750530,328,330,325.5,326,710,4975
750602,324,324.5,317.5,317.5,815,5350
750603,318.5,323.5,318,323.5,815,5415
750604,325,328.5,323,324.5,1190,6130
750605,324,324.5,320.5,321,770,6415
750606,320,321,317.5,320,1930,7220
750609,319.25,328.5,319.25,327.5,1310,7895
750610,329.5,332.5,325,325,310,7860
750611,325,325.5,321.5,321.5,3285,8995
750612,319.5,322,318.5,319,1215,9205
750613,318,321.5,316.5,321.5,1145,9515
750616,321,330.5,321,330.5,2050,10175
750617,334,350.5,334,349.5,3735,11325
750618,351,351,341,341.75,4090,12105
750619,341,342.5,337,338.5,1735,12335
750620,340.5,354,340.5,352,1925,13170
750623,353,353.5,344,344.25,3855,13280
750624,341,350,341,349.5,3585,14505
750625,351.5,351.5,338,338,2545,14970
750626,336.25,337.5,333,333,1210,14730
750627,333.5,336.25,326.5,326.5,1935,14830
750630,325,327.5,323,326,1675,15050
750701,327.5,328.5,321,323.75,1680,15465
750702,322,327,322,324,2410,17130
750703,324,330.5,324,326,1800,17535
750707,327,335.5,327,329.5,4280,18575
750708,332,349.5,332,349.5,3330,19885
750709,354,363,347,356,6130,21200
750710,362,376,359.5,372,5700,21410
750711,375,391,372,389.5,6155,22855
750714,387,398,370,370.5,6655,25100
750715,376,389,376,386,4615,25560
750716,389,399.5,386,399,4500,25530
750717,402,404,381.5,386.5,4340,26070
750718,382,384,374,376,5400,26340
750721,380,385,377.5,383,3030,26735
750722,390,392.75,383,386,4030,27235
750723,385,386.5,379.5,379.5,3430,27615
750724,380.5,398.5,380.5,393.5,4065,28015
750725,399,407.5,398.5,400,5845,29695
750728,408,419,404,414.75,6230,31370
750729,419,420,404,407,4410,31410
750730,399,401,388,389.25,5450,31650
750731,389,397,385.25,391.5,4165,32440
750801,395,397,391,396.5,2380,32665
750804,399,407.5,396,398,5230,32205
750805,396,398,392.5,395,1960,32465
750806,395,404,392,400.5,1990,32420
750807,411,420.5,409,420.5,3785,32665
750808,414,419,409,412.5,3685,33095
750811,414,414.5,408,410.25,1930,33305
750812,405.5,430,405.5,423.25,5895,34880
750813,426,438,426,435.25,7810,37005
750814,429,442.5,429,438.75,5315,37125
750815,440,454.5,440,445.5,5095,37510
750818,447,454,425.5,442.75,8200,38470
750819,444,455,444,453.25,7780,39125
750820,464,473.25,464,470.25,11010,38600
750821,468,479.5,466,473.75,12130,40715
750822,472.5,478,468,476.75,7920,43220
750825,478,478,468.5,472.5,7480,42270
750826,468,469,452.5,452.5,9050,41525
750827,450,455.5,440,454.5,10260,42450
750828,455,458.5,438,438.5,9390,42300
750829,443,445,430,437,9975,43015
750902,433,433,418.25,427.75,11470,44495
750903,432,442,427.5,442,8975,45535
750904,439,446,437,444.25,9835,45560
750905,440,446,440,444.75,7685,47980
750908,438,439,432.5,433.75,7275,47705
750909,430,436,427.5,432.25,10180,46615
750910,441,442.5,434,435.25,11450,46885
750911,434,434.5,424.5,428.25,9870,46820
750912,433,446.5,432,445.25,12365,48395
750915,443,446.5,437,438.5,6960,49145
750916,441,444.5,439,441.75,8970,49495
750917,444,456.5,441,455.75,12055,51905
750918,459,459,448.5,449.75,9325,52420
750919,452,459,449,450.5,9645,53410
750922,448,449,435,446.5,16720,54255
750923,448,448,437.5,439,8150,56110
750924,436.5,443.5,436,440,7650,57115
750925,443,452,442.5,451.5,9410,59950
750926,452,453.5,448,449.75,7950,61395
750929,447,447,440.5,443.25,6495,61820
750930,441,446,440.25,444.25,8505,63475
751001,445.5,447.5,442.5,443.75,7025,65105
751002,442,442,424,424.5,18135,63970
751003,424,430,424,425.75,14575,65635
751006,431,432.5,425,432.25,9890,65745
751007,435,439,433.5,435.5,9120,66520
751008,436,438.5,424,428.25,18445,65375
751009,427,430,421,429.5,12210,65495
751010,431,434,428,433.5,9045,66965
751013,427,427,419,420.5,12735,68900
751014,420,431,416,427.25,14675,67710
751015,426,428.5,417,418.25,14370,68225
751016,420,426.5,419,423.75,13880,69010
751017,426.5,426.5,417.5,419.25,10270,70200
751020,419,431,419,425.5,16360,70665
751021,427,430.5,407.5,410.5,26835,71600
751022,413,414,406,411.5,11825,70780
751023,411,411,403,407.25,11380,70615
751024,408.5,414.5,405,405.5,15640,72190
751027,404,404,392.5,393.25,15450,73635
751028,395,399.5,392,399,14215,72525
751029,403,406.5,399,404.5,15605,74210
751030,402.5,412,402.5,409.25,13760,75310
751031,407.5,409.5,400,400.5,12310,74770
751103,398,398,388.5,389.25,16260,73835
751104,392,395.5,387.5,393.75,12365,73590
751105,392.5,399,392,394.75,11225,73795
751106,394.5,394.75,384.5,387.25,17775,74865
751107,388,390,384,384.75,12170,76125
751110,382,382,375,378,12360,76060
751111,380,383,368,368.5,17650,78535
751112,369,369,356.5,363.5,23830,78300
751113,362,365,356,360.25,22825,77865
751114,361,367,360.5,363.5,15135,79515
751117,364,369,364,365,15550,79760
751118,364,364,355,355.75,19655,80875
751119,350,353,345,346.25,19720,82525
751120,347,349,341.5,344.5,19180,83065
751121,346,350,345.5,349.75,15105,81740
751124,352,369.75,352,369.5,32730,81000
751125,374,376,359,361.75,40030,81695
751126,361.5,362.5,357,360.5,24175,84335
751128,362.5,365.5,353.25,355.5,30265,87745
751201,354.5,358,350,355.5,23665,89870
751202,358,362,352,358.25,30400,92715
751203,357.5,360.5,355.5,356.5,19935,94175
751204,368.5,368.5,361.5,362.25,34255,97040
751205,361,362,356.5,357.75,25540,94435
751208,355,355,344,344.5,38820,91740
751209,346,349,340.5,347.25,31880,90920
751210,349,350.5,345.5,346.75,21135,90845
751211,345.75,349,344.25,347.75,15660,88580
751212,341,342,334,334.75,28920,85540
751215,329,333.5,328,332.5,27360,86985
751216,335,339.25,333,336.75,22635,88000
751217,336,340,334.75,337.75,16635,88590
751218,340,340,335,339.25,18300,89515
751219,339.5,343.5,336.5,343,21520,87960
751222,343.5,343.5,339.5,340.75,13370,86450
751223,341,341.5,337,337.75,10145,86380
751224,336,338,335,337.5,7900,85120
751229,337.5,337.5,330,330.5,11035,84250
751230,330,335,329,333.75,12395,82795
751231,334.5,337.25,332.5,335.75,8915,81205
760102,337,338.5,335.5,338,8650,80375
760105,339,353,338,350.25,39100,71925
760106,349.75,351.5,346,347.25,30765,67855
760107,349,361.5,349,356,35885,68965
760108,358,360,353.5,354,24030,68220
760109,353.5,353.5,350,351.75,14080,68995
760112,352,362,349,361.75,26110,68460
760113,359,361.5,356.5,359.5,24930,67960
760114,358.5,360,355.25,359.75,14940,68000
760115,361,364.5,356,356.25,25450,69445
760116,359,359,352.5,355.75,22470,70250
760119,356.5,361,356.5,359.25,16030,68450
760120,358,364,358,358.25,24560,68250
760121,356,356.5,353.75,355.75,15280,67330
760122,353,354,346,348.75,29310,66105
760123,349,352,348,350,14850,64945
760126,337,338,330,334.25,30345,63980
760127,336,340,333.5,338.75,29865,60860
760128,339,342,335.5,340.75,22470,61190
760129,340.5,345,340,343.25,19365,58470
760130,345,350,344.5,349.75,20305,58795
760202,353,360,353,357.25,32295,57345
760203,353,359,349.5,358.5,24075,55310
760204,361,361,351,351.75,22930,56210
760205,349.5,354,348.75,351,17565,55265
760206,351,356.5,350.5,353.25,23620,54020
760209,356,356.5,351.5,353.25,12925,54335
760210,355,369.5,355,368.75,37060,54355
760211,372,381,369,375.25,38415,50685
760212,378,392.5,378,387.5,34035,48615
760213,383,383,378,382.5,18475,46465
760217,391,392.5,386,391.25,14150,46905
760218,390,390.5,371.5,378.5,16560,44935
760219,385,386,380.5,383.25,11335,43065
760220,376,380,372.5,376.5,13415,41550
760223,381,385.5,380,380.25,8655,38465
760224,382,385.5,378,385,12340,34480
760225,386,392,385,390.5,14610,29325
760226,389,392,370.5,370.5,25435,18620
760227,388,390.5,387,390.5,9515,17195
760301,390,392,381,384,5500,13615
760302,375,379,367.5,371.5,6310,10680
760303,369,374.5,369,374.25,3380,8670
760304,373,381,368.5,380.5,3660,7245
760305,381,382.5,377,378.75,1965,6205
760308,373,374.5,371,372.5,1755,4625
760309,375,376,373,373.5,1475,3085
760310,371,372,367,368.25,935,2620
760311,365.5,367.5,360.5,363.5,2265,2390
760312,363,366.5,360.5,364.5,955,2295
760315,363.5,366,363,363.5,880,2250
760316,362,363.5,359,359.5,1555,2470
760317,359.5,367,359.5,364.25,530,2280
760318,365,369.5,365,368.25,335,1370
760319,367,368,365.5,368,410,1015
760322,371,373,370,371,305,895
