760102,360,360,359.5,360,5,5
760105,369.5,376,368.5,374,60,40
760106,370,374,369,370,440,315
760107,374.5,380.5,374.5,378.5,555,740
760108,380,381,376,376,325,915
760109,375,375,372,374,295,1110
760112,373.5,385,373.5,384.5,765,1535
760113,385,385,381.5,383.75,190,1565
760114,382,382,382,382,0,1565
760115,384.5,385,380.5,380.5,135,1585
760116,378,379,377,379,30,1575
760119,382,384,382,383,90,1660
760120,384,386,382.5,382.5,230,1775
760121,379.5,380,378,380,55,1760
760122,375,375.5,373,373.5,75,1720
760123,373.5,375,373.5,374.5,50,1730
760126,354.5,361,354.5,357.5,155,1755
760127,363,363.5,359,363.5,135,1780
760128,364,367,361,367,305,1965
760129,366.5,370.5,366.5,368,620,2230
760130,370.5,373,369.5,373,290,2355
760202,379,383,378.5,381.5,865,2800
760203,379,382,374.75,382,495,2985
760204,386,386,376,378,535,3050
760205,376,379.5,374,376,1835,3805
760206,376,380.5,376,378,975,4590
760209,382,382.5,377.25,379,350,4780
760210,382,395,382,395,1385,5110
760211,396,405,396,402,1120,5305
760212,408,416,407,413,1725,6000
760213,407,408.5,404,408.5,1170,6610
760217,415,418,412.75,416.5,1475,6850
760218,415,416.5,400,404,1880,7050
760219,411,411,406,409,555,7225
760220,403,406,401,403,1395,6975
760223,408,411.5,408,409,1150,7305
760224,409,412.5,406,412.25,1190,7575
760225,415,420.5,413.5,420.5,2300,8265
760226,420,421.5,405,406.75,1430,8650
760227,420,423,417,423,2095,9085
760301,419,420.5,412,413.25,2040,9370
760302,408,408,399,399,1820,9725
760303,399,402.5,399,401,980,9630
760304,397.5,408.5,396,408,1080,9640
760305,408.5,411,405.75,407.5,875,9700
760308,402,403.5,399,400.5,1000,9865
760309,401,405,401,402.5,1460,10400
760310,401,401.5,396.5,399,1885,10640
760311,397,397.5,391.5,392,2295,10625
760312,392,396.5,389.5,393.5,1025,10480
760315,393.5,396,393,393,680,10560
760316,391,393,386,388,1460,10715
760317,386.5,394,386.5,392.25,950,10630
760318,393,397.5,393,395.75,1070,10705
760319,394,396,393,394.25,835,10865
760322,398.5,400.5,398,399,765,11110
760323,399,399,391.5,391.5,1185,10995
760324,390.5,392.5,388.5,389,1705,11300
760325,391,391.5,380,380.5,2770,11590
760326,380,381.75,375,376.25,4950,12250
760329,372,372.5,367.5,369,1850,12535
760330,370,377,370,376,2080,12570
760331,376,376,367.5,368.5,2410,12915
760401,366,373,365.25,371.25,2320,12635
760402,372,374.75,370,373.25,2910,13865
760405,371,377.5,370,376.5,1565,14095
760406,378,383,378,381,3150,15020
760407,380,384.25,378,378,2010,15045
760408,377.5,381.75,375,379,2085,15480
760409,379,381,377.5,379.5,1045,15675
760412,372,378.25,372,376.25,2690,16105
760413,374,375.5,372,373,1580,16080
760414,370,377.25,370,374,2210,16815
760415,373.5,385.25,373.5,385,3640,17780
760419,378,381,376.25,379.75,2910,17910
760420,380,384,377.5,377.75,3335,17855
760421,377,377,374.5,375,3440,17775
760422,375,376.25,373.5,373.75,3085,18430
760423,376,376,362.5,362.75,6985,18395
760426,361,363.75,360,362,4660,19540
760427,363,363,355.5,355.75,7560,19250
760428,357,361.5,356.5,360.5,2715,19735
760429,363,363,355,356.5,4535,20375
760430,354.75,359,354.75,356.5,4945,20060
760503,358,361.5,357,359.5,3455,20440
760504,360,362.25,358.75,358.75,3740,20510
760505,356.75,361.25,356.75,357.75,2585,20380
760506,356.5,360,355.5,360,4605,22495
760507,363,363.5,357.5,358,4580,23035
760510,359,365,359,362.5,4555,22395
760511,365,365,360.5,364.25,4240,22950
760512,365,369.75,364.5,369.25,5025,22565
760513,367.5,379.5,367.5,379.25,6895,23620
760514,382,383,374,377.5,6560,24805
760517,378.5,381,374.5,375.25,5790,25445
760518,373,373.5,367.5,368.75,5095,25680
760519,367,368,363,367,6690,26400
760520,369,369,363,363.25,6350,26855
760521,362,364.5,360.5,363.25,4465,28085
760524,365.5,381.5,365.5,378.5,11070,30060
760525,378,378.5,367.75,368.75,9670,31310
760526,370.5,375,370.25,372,6030,31985
760527,374,380.5,372.75,376.75,8350,32530
760528,374,377,371.5,376,5810,32720
760601,376,392,374,387.75,11550,34430
760602,389.5,394.25,384.5,385.25,12435,34690
760603,385,390,383.5,385.5,9075,34755
760604,387,389.75,381,381.25,10125,35420
760607,387,395,387,389,10345,37110
760608,392,406,392,395.5,17095,37370
760609,400,401.5,393,398.5,11335,37330
760610,411,412,401,401.5,16745,40210
760611,401,401,389,391.5,15520,42300
760614,389,397.5,389,390.25,13890,44815
760615,389,389,378.25,380.25,21270,43880
760616,381,388.5,378.5,383.5,11910,44795
760617,387,389,379.5,380.25,11545,45350
760618,384,384,378.5,381.5,9440,45905
760621,382,394.5,380.5,392,14350,47370
760622,395,400,388,390.5,19010,48860
760623,388,388,380.5,385.75,18240,48340
760624,386,395,383,393.5,18610,51220
760625,396,397.5,388.25,390.75,19600,53685
760628,392,396.5,390.5,393,19000,56920
760629,392,394.5,390,391.5,24120,60885
760630,391,393,387,387.25,26655,65515
760701,384,407,383.5,405,64645,78405
760702,415,417.5,403.5,404.5,64945,90980
760706,415,420,411,415.25,62480,102205
760707,405,409,395.25,395.25,62130,96735
760708,399,403.5,391,399.75,47040,96790
760709,402,402,392,392.75,41160,97900
760712,390,393,375,377,69925,91090
760713,378,384,377.5,380,41555,90390
760714,381.5,395,381.5,392.75,41510,97305
760715,392,392,377.5,382,51435,96955
760716,380,383,377.25,379.5,30320,95530
760719,380,381.5,366,370.5,57750,88305
760720,367,378,366.5,374.5,35550,87680
760721,378.5,379.5,371.5,372.25,27770,87275
760722,368,369,354,362.5,62970,81935
760723,362,371,362,368.5,25150,81120
760726,367,367,360,361.75,27535,82975
760727,360,366,357.5,362.75,32780,86695
760728,364,368.5,362.5,363,21840,87330
760729,360,364,358.5,359.5,20515,87965
760730,359,362,355,355.5,28095,91265
760802,355,355,342,343,44305,91490
760803,344,350.5,342.5,346.75,30185,90730
760804,349.5,354.5,349.5,352,27925,93285
760805,350.5,352,348.25,350.25,21435,92700
760806,348.5,348.5,344.25,345,20825,93485
760809,344.5,345,337,337.75,35205,95210
760810,340.5,342,334.5,339.25,43230,101580
760811,337,338.75,335,338.25,20480,102575
760812,339,341,337,339.25,17345,101265
760813,341,345,337.5,340.5,33805,105160
760816,341,342,338.5,339.25,23690,106310
760817,338.5,338.5,330.5,331,34075,108760
760818,329.5,335,329.5,333.25,29800,109540
760819,336,344,336,338.75,39820,111325
760820,340.5,342,336,336.25,30550,113605
760823,341,342.5,338.5,339.5,32690,116725
760824,340,340,332.5,333.75,42300,119415
760825,331,332.75,326,327.25,37780,121255
760826,326,327.5,322.5,326.5,32770,123455
760827,325.5,328,321.5,325,40020,128035
760830,325,326,318.25,319.75,42530,131150
760831,321,325.5,320.5,323.5,41240,135150
760901,324,327,323,326.75,44130,138875
760902,330.5,337,330.5,333.25,59535,138170
760903,331.5,333,327.5,331.75,30000,139845
760907,336,344,335.75,341.5,53785,140405
760908,340,340,329,331.75,53315,140355
760909,330.5,334.75,329.75,333.75,30120,137635
760910,335,336,330.5,330.75,23540,135295
760913,326,328.5,316,318.75,53995,138475
760914,319,323,315.5,317,39055,137810
760915,319,323.75,316,322.25,30030,136595
760916,323,325.5,319,319.25,20330,136565
760917,320,320.5,310,310.5,41740,135980
760920,308.5,310,303.5,309,34075,133505
760921,311,314,306.25,307.75,38585,133205
760922,306,309,304.5,308.75,22270,132155
760923,307,316,306.5,312.75,35470,132710
760924,312,313,307,307.25,25915,132200
760927,307.5,308,298,302.5,35830,132670
760928,302.5,304.5,300,301,23835,133710
760929,300,300.5,292,292.25,35955,132460
760930,290,291.5,286.5,288.5,33710,128215
761001,289.5,290,282.5,284.25,29395,128695
761004,282.5,293.5,280.75,289.5,25965,128265
761005,290,294.5,285.5,291.5,35785,125460
761006,291,296,289.75,295.5,38630,124210
761007,294.5,300.5,293.5,297.5,33335,123185
761008,298.5,299,293.25,295.25,22175,123000
761011,293.5,293.75,288.5,291.25,23510,121530
761012,291,295,288.5,294.75,21750,120530
761013,302,310,300,308.75,50545,118300
761014,304,305,291,295,39555,115985
761015,294,294,286,289.25,29380,117200
761018,289,293.25,287,288.75,18305,117325
761019,290.5,293,290.25,291.75,15280,115625
761020,291.25,292,288.5,291,14500,114615
761021,291.5,292.75,286.25,286.75,27120,116305
761022,282,284.75,280,284.5,29525,115210
761025,285,285.75,279,280.75,19015,113885
761026,281.5,282.5,276.75,278.5,25640,111950
761027,279,280,271.75,275,31295,109320
761028,273,275,268.75,271.5,26265,105420
761029,270,276.25,269.5,275,31695,101145
761101,275.75,278.5,272,277,20960,95310
761103,278,279,270.25,272.25,20505,94890
761104,272.5,276,272.5,274,16540,93920
761105,274.5,275.5,270,271.5,21425,93185
761108,270.5,275.5,268.5,269.75,19410,89825
761109,267,269,264.75,265.25,17300,87405
761110,266,267.5,264.25,265,13035,85780
761111,258,259,250.5,255.75,25690,82975
761112,256,258.5,255.75,257.25,17245,81465
761115,257.5,262,255.5,261.5,25630,73630
761116,263,263.5,258.75,263,20580,70165
761117,262,265.75,258.5,260.25,23300,70400
761118,258.75,261,256.75,259,15425,68185
761119,258,261.5,257.75,259.5,7670,65135
761122,260,265,260,263.75,8355,61900
761123,263,264.25,261.25,261.75,11915,55315
761124,262.5,263,260.5,261.5,9170,51320
761126,260,260,257.5,257.75,12345,44190
761129,257,257,251,251.75,32475,31840
761130,249,254.25,249,254.25,20350,26920
761201,254.75,256.75,253.75,256,6735,19295
761202,256,258.75,256,256.75,2395,12225
761203,257.5,261,257.5,259.5,2665,10355
761206,261.5,265,261,264.75,2110,10445
761207,265.5,265.5,262,262.25,1585,7730
761208,262.5,266.5,260.5,266.5,1345,6800
761209,265.5,265.5,263.25,264.75,1075,6070
761210,264,264,262.25,263.25,440,5565
761213,262.75,266,262.5,264.5,1895,5575
761214,265.5,266,264,264.75,1715,5755
761215,265.5,265.5,260,260.25,970,5340
761216,260,261.5,258.5,261.25,1100,4135
761217,260,260,256.25,256.75,685,2840
761220,257,258,256.5,257.5,1275,3075
