760706,437,437,435,435,135,235
760707,433,433,415,415,290,505
760708,424,424,408,415,195,565
760709,419,419,407,408.5,1055,1330
760712,405,408.5,391,391,440,1500
760713,394,399.5,394,396.5,595,1590
760714,398,412,397.5,411,1110,2420
760715,408,408,396,399,1155,2400
760716,397.5,401.5,397,399,340,2380
760719,399,399,384.5,387.5,1070,2815
760720,384,395,384,394,920,2730
760721,396.5,397.5,390,390,815,3270
760722,385.5,385.5,372.5,379.5,2310,3910
760723,379.5,388.5,379.5,384,1015,4100
760726,386,386,377,379,300,4215
760727,378,382,375.5,381,1740,4490
760728,381,385,380,380.5,290,4505
760729,378.5,381,376,377,865,4830
760730,376,378.5,372,372,1190,5030
760802,371,371,359.5,360,1300,5140
760803,361.5,368,361,365.5,1010,5060
760804,366.5,372.5,366.5,371,1160,5000
760805,370,371,368,369.5,520,5080
760806,366,367.5,363,363.5,735,5185
760809,363.5,364.5,355.5,355.5,1270,5420
760810,359,360.5,354,358.5,1630,5370
760811,356,358.5,355.5,358,1190,5435
760812,358,360,356.5,358.5,385,5450
760813,360,364,357.5,359.5,1075,5450
760816,362,362,357.5,358,620,5425
760817,357,357.5,349,349,1735,6065
760818,349,354,349,351.5,745,6225
760819,353.5,362,353.5,358,1020,6070
760820,360,361,355.5,356,1415,6810
760823,361,361,358,358.5,590,6750
760824,359,359,352,353.25,1325,6770
760825,349,351.75,345.5,345.5,1590,7080
760826,344,346.25,342,346,1530,7250
760827,345,347,341.5,344.25,1315,7420
760830,344,345,337.75,338.5,1930,7745
760831,341,343.5,340.5,342.25,2825,7495
760901,344.25,345.75,342,345.75,1895,7835
760902,348.5,354.25,348.5,351,3235,9015
760903,350,350.5,345.5,349,740,9155
760907,355,361.25,354,359.5,4035,9990
760908,357.5,357.5,348,349.5,1820,10015
760909,349,352,348,350.75,2150,10180
760910,352.5,352.5,348.25,348.25,1600,10570
760913,341.5,345.5,335,337.75,3545,10610
760914,337,341,333.5,335.5,1795,11215
760915,337,341,334,340.75,910,11585
760916,342.5,343.5,337.75,337.75,2955,12480
760917,337.75,337.75,328.25,328.75,2855,12480
760920,327,327.5,320.75,326.75,1565,13175
760921,330.5,330.75,324.5,325.5,1985,13830
760922,325,326,323,326,3020,15130
760923,325,332.5,324,330,1745,15240
760924,331,331,324,325,1290,15315
760927,325,325,316,320,2780,15145
760928,319,322,317.75,318.25,1300,15015
760929,317.75,318,310,310,3475,15635
760930,307.5,308.5,304.25,306.25,4015,16465
761001,307.5,308,300.75,302.25,2785,16620
761004,301,311.5,299,308.5,2215,16420
761005,309,313,304,309.75,3595,16345
761006,309,315,308,315,4370,17055
761007,313.5,318.5,312.5,316.5,2765,16960
761008,317,317,311.75,313.25,2755,17525
761011,312,312,307,308.5,1630,17475
761012,308.5,313.5,306.25,313.5,3615,18325
761013,324,327.5,318,326.75,4670,19005
761014,325,325,309,312.25,5495,19365
761015,309.5,312,306,308,3690,19370
761018,307.5,310.5,305.25,306,2875,19905
761019,308.5,310.5,308.25,309,2480,18670
761020,309,309.75,306.5,308.75,3845,19860
761021,309.75,310.5,304.75,305.5,2660,19555
761022,300.5,303,299,302.5,5025,20080
761025,304,304,297.75,298.75,2275,19850
761026,299,300.25,294.5,296.25,5720,20220
761027,296.25,297.5,289,292.25,7580,22735
761028,291,291.5,285,288.25,4060,22870
761029,287,291.25,286,290.75,5570,24285
761101,290,294.5,288,293.25,1770,23760
761103,294,295.25,286.5,287.75,2270,24130
761104,288.5,292,288.5,290,3170,24885
761105,291.5,291.5,285.75,286.75,3450,25340
761108,286,290,284.25,285,5625,27065
761109,282.75,283.5,277.25,277.75,6950,28425
761110,277.75,280,276.25,278,5080,28665
761111,269,272.25,263,266.75,5990,28810
761112,268.5,269.5,266.25,267.5,5750,29115
761115,268,273,266,272.75,5335,28720
761116,274,275.75,271,275.25,4375,28815
761117,275.5,277.5,270.75,271.75,4230,28060
761118,269,273,269,271.5,5475,27545
761119,271.5,277,271.5,273.75,4240,26380
761122,274,279.5,274,279.25,4690,28755
761123,278.5,279.75,276,276.75,6605,30005
761124,277.5,278,275.5,277,2790,30235
761126,274.75,275,272.75,273.5,2650,30690
761129,273,273,267,268,8215,32805
761130,265,270.5,265,270.25,8935,35140
761201,270.75,271.25,269,271,4565,34720
761202,271,272.5,270.5,270.75,3405,34550
761203,271.5,274,271.25,273.75,3205,35750
761206,275,278.5,274.25,278,4590,36045
761207,280,282,275,275.25,4300,35740
761208,275.5,278.5,273.25,278.5,3735,36625
761209,277,278.25,276,277.25,2440,36455
761210,277,277.5,275.25,277.25,2510,36560
761213,275.5,279.25,275.5,279,3550,37040
761214,278.5,280,277.75,278.5,3460,36810
761215,279.5,279.5,273.5,274,8240,39410
761216,274,274.5,272,273.25,4155,40375
761217,272.5,273,270.25,270.5,4670,40315
761220,269,272.25,269,271.75,2690,39890
761221,271.75,274,270,273.75,4585,39620
761222,273.25,275.5,272.75,274.75,2905,39630
761223,276,278.75,275,278.5,4270,40530
761227,280,285.5,278.75,284.25,9060,41905
761228,285,285.75,282.5,285.75,7065,41935
761229,286.5,287,283.5,285,6395,41790
761230,284,285,282.75,283.25,5175,41700
770103,283,283,279.25,280,5685,42145
770104,279,280.75,277.75,280.75,6945,44265
770105,280.75,284.5,280.5,283,6415,44400
770106,283,286.75,282.5,286.5,6375,44875
770107,287,288,283.5,283.75,7725,45995
770110,285,288.5,284.25,288,6150,46170
770111,288,288,285.5,287,3075,45870
770112,287.5,288.75,287.25,288.5,3265,45810
770113,291.5,291.5,283,285,8495,45915
770114,284.25,285,281.25,282.5,5170,45720
770117,283,285.25,282.5,284.5,3705,45785
770118,283,286.5,282.25,284,6670,46595
770119,284,284.75,282.75,284.5,3775,47120
770120,284.75,285,282.5,284.75,3275,46725
770121,283.5,285,283.25,284,4185,46475
770124,284.5,287.5,282.75,287,5495,46715
770125,287.5,287.5,285,285.5,4695,47435
770126,282,284,280,282.5,8960,46510
770127,282.5,284.25,280,280,7155,46060
770128,280.5,281.25,277.25,278.75,10740,46510
770131,279.5,281.75,279.5,281.25,5360,46235
770201,280.5,281.25,280,281,4995,46475
770202,280.5,280.5,279.25,280,3815,47055
770203,281,284.25,280.5,283,8840,47370
770204,282.5,288,282,288,8700,48450
770207,289,290.75,286.25,286.5,14350,49460
770208,287.5,289,285.5,286.5,11390,52510
770209,286.5,289.25,286.5,288.75,8585,53375
770210,290,290.5,288.75,289,9025,55415
770211,289,289.5,285.5,285.75,7245,55980
770214,285.75,285.75,284,284.25,4435,56260
770215,284,288.25,283.75,288,12275,57810
770216,288.25,291,288.25,288.75,13770,57980
770217,290.5,291.75,290.25,291,10265,59170
770218,291,296,289.75,295.5,15570,61710
770222,293,293,290.25,290.75,15915,65175
770223,291,294.25,290.25,292.25,18980,65760
770224,293.5,295,293.25,293.75,23040,68790
770225,293,293,289,289.75,26435,73240
770228,289,292,273,275,51120,81375
770301,278.5,283,278.5,282.25,30705,79590
770302,282,283,277.5,277.5,29150,81095
770303,277.5,281.25,276.5,278.25,19100,79695
770304,277,282,277,281.25,18070,79015
770307,283,286,280.5,280.75,22465,82415
770308,284.5,285.75,281.25,284,19085,82465
770309,284.5,284.5,282,283.75,13255,82730
770310,283,283,278.5,280.5,17580,81945
770311,281,281.25,278.75,280.5,17875,78580
770314,279,280,277,277.25,14765,78520
770315,278,278.5,275.75,277.25,15070,77195
770316,278,280.75,277.75,279.75,13090,77550
770317,281,281,277.75,278.25,13270,76680
770318,278,279,277.25,278.5,6405,76290
770321,278.5,281.75,277.5,281,14380,75910
770322,280,280.25,279,279.5,13970,73710
770323,278,280.25,277.75,278.25,10125,75705
770324,277.5,279,277.25,279,9745,75200
770325,278,280.5,278,280.25,9690,74735
770328,277.5,278.75,275,275.25,19935,81115
770329,275.5,276.25,274.5,275.25,28025,69425
770330,275.5,275.5,271.25,271.5,14580,66325
770331,271.25,273,270,272.75,13505,60260
770401,274.5,275,273,273.25,9480,59185
770404,271.5,271.5,268.25,268.5,6740,59345
770405,268.25,269.25,265,265,10260,58995
770406,265.5,266.75,264.5,266.5,6475,58340
770407,266,268.25,265,267.75,7015,58420
770411,267,269.5,265.5,269,4570,57690
770412,270.5,272,269,271.5,5060,57230
770413,272,275,267,267.5,9320,55915
770414,267,269.25,267,267.5,4455,54870
770415,269,270.5,267.25,270,5735,53715
770418,270.5,272,267.5,269.25,4990,52640
770419,269.25,270,268.25,269.75,4710,51020
770420,269.5,269.5,266.5,268.25,4395,49275
770421,266.5,268.25,265.5,265.5,5120,47215
770422,266.5,266.5,261.5,262.25,6160,43475
770425,260.5,260.5,256.25,256.25,8805,40475
770426,255,258.25,254.25,258,7130,36355
770427,257,259,255,255,13770,29710
770428,254,259.25,254,258.25,25090,20040
770429,259,260.5,257.25,257.25,9555,19240
770503,257.75,257.75,252.5,254,10100,10490
770504,251.5,252.25,250.25,251,5715,11105
770505,249,250.5,248.5,248.75,3850,7325
770506,249.25,252,249,251,2740,4490
770509,248,249,247.5,248.5,1675,2675
770510,246,247,243,243,680,1350
770511,244.75,246.25,244,244,250,1120
770512,245,252,245,252,295,900
770513,255,255,249,250.5,410,850
770516,249,249.25,248,248,35,565
770517,248,249,246.5,247,85,240
770518,244,246.5,242.5,246,240,230
770519,247,247.5,245.5,246.75,90,225
