770323,318,318,318,318,5,5
770324,318,318.5,318,318.5,5,10
770325,320,320.75,320,320.75,10,20
770328,318.25,318.75,315.5,316,160,170
770329,315.25,316.25,314.75,315.5,75,235
770330,312.25,313,310.75,310.75,1605,1765
770331,310.5,311.75,309.75,311.75,285,1930
770401,312.5,314,312.5,313,310,2140
770404,310,310,308.25,308.75,25,2145
770405,309,310,305,305,595,2505
770406,305.5,306.25,304,306.25,305,2785
770407,304.5,307.75,304.5,307.5,40,2825
770411,307.75,309.25,306.75,309,155,2860
770412,310.25,312.25,309.75,312,125,2945
770413,313,316,309.5,309.5,130,2975
770414,309,310.5,308.75,308.75,135,3100
770415,310,311.5,308.25,311.5,535,2940
770418,311.5,312,309.5,311,160,3000
770419,311.5,311.5,310.5,311,110,3055
770420,311,311,308,308.25,130,3160
770421,307,308.5,306.25,306.25,340,3315
770422,305,305.75,302.75,302.75,130,3375
770425,300,300,297.5,297.75,1040,3430
770426,296,299.5,296,299,345,3545
770427,299,299.75,296.25,296.25,220,3715
770428,299.75,299.75,297.5,299.25,45,3710
770429,300.5,300.5,294.5,294.5,290,3600
770503,295,295,290,291,135,3680
770504,289,289,284,284,175,3620
770505,283.5,284,281.5,281.5,1440,3845
770506,282,284,282,282.25,335,3950
770509,279.5,280.5,277,277.5,490,3990
770510,276.5,276.5,271.5,271.5,400,4195
770511,273.5,274.5,272.75,273.5,95,4125
770512,275,283,275,283,270,4140
770513,284,284,275.5,277.75,1340,5285
770516,277,281,275.75,279,235,5155
770517,279,280.25,278.5,278.5,85,5160
770518,277.75,280,277.75,279.75,35,5165
770519,279,281,278.25,278.25,490,5150
770520,278.25,278.25,275,275,260,5160
770523,275,278.25,275,277.75,195,5280
770524,283,283,279.75,280.75,645,5390
770525,280.5,280.5,276.75,276.75,280,5575
770526,275,276,274.5,275.5,100,5600
770527,275.5,276.5,273.25,273.5,210,5680
770531,273.5,279,273.5,275.5,365,5925
770601,277,278.5,276.5,277,845,6265
770602,276.25,278.25,275.25,275.25,1760,6760
770603,275.5,277,273.5,273.75,1085,7055
770606,275,276,272.75,274.5,570,7220
770607,274.25,275,273.75,274.75,345,7335
770608,274,275,272.5,274.75,105,7315
770609,273.5,273.5,271.25,271.5,475,7420
770610,270.5,270.5,267.25,268,520,7545
770613,266.5,266.5,263.25,263.5,1365,7900
770614,263.5,266.5,263.5,266.5,880,8335
770615,267,273,267,269.75,1520,9310
770616,268.75,271.5,268.75,271.5,2265,10025
770617,271.75,271.75,270,270,1655,10915
770620,270.5,274.5,270.5,273,2390,12700
770621,272.75,272.75,268,269.5,1020,12945
770622,266,268.5,266,268.5,790,13170
770623,271,272.75,270.75,271.5,430,13255
770624,269.5,270.75,269.25,269.75,895,13610
770627,272,278,271.75,277.75,900,13845
770628,282,282.5,278,281.25,1310,14055
770629,281,281.5,277,277,660,14345
770630,276,276,274,274.25,610,14820
770701,269,272,269,271,530,15010
770705,270.5,274.25,268,268,350,15200
770706,270.5,271,268.25,270.5,180,15235
770707,269.75,269.75,267,267.25,545,15085
770708,266,269.25,266,267.5,1180,15510
770711,265,265.25,259,259,790,15555
770712,258,261.5,257.75,258,3645,17460
770713,259,263.5,259,261.75,505,17670
770714,264.5,264.5,262,262,155,17685
770715,262,262,254.5,254.5,830,17765
770718,252,254.25,251.75,254,440,17645
770719,257,258.75,257,257.5,850,18005
770720,257,258.5,255,255.75,1925,17805
770721,255,258,254.75,255.25,1365,18370
770722,256.5,257.75,255.75,257.5,1550,18845
770725,256.25,257,255.75,256.75,1480,18765
770726,257.5,258,255,255.25,960,18715
770727,256.5,257,250.75,250.75,1370,18810
770728,251,251.25,245.25,248,2025,19020
770729,247.75,249.25,246.75,248.75,715,19065
770801,249.75,251,247,250.5,760,18820
770802,251,252.5,248,248,780,18590
770803,249,251,247.5,250,1760,19050
770804,251.5,251.5,250,250.5,1355,18500
770805,250.75,252.5,249.75,252.5,875,18160
770808,249,250.25,247.75,249.5,1635,17835
770809,249.75,250,248.5,248.5,1025,18390
770810,248.5,250,248.5,249.5,305,18395
770811,249.25,249.25,248,248.25,870,19270
770812,247.5,247.75,246.25,246.25,800,19410
770815,246.5,246.75,240.5,241.75,1685,20000
770816,240.25,244.25,239.75,243.75,2065,20695
770817,244.75,245.25,242.75,243,1180,21125
770818,242.75,244,242,243.5,1035,21440
770819,243.75,243.75,242,242,340,21360
770822,241,241,238.75,239.5,660,21540
770823,240,240.75,239.5,240.25,600,21735
770824,241.75,244,241.75,243.75,1545,21870
770825,245.25,246,243,243.75,1880,21565
770826,244.25,244.25,241.75,242.5,1070,21810
770829,242,243,241,242,600,21655
770830,243.5,243.5,242,242.25,340,21755
770831,243.5,244.25,241,242.25,1205,22015
770901,242.5,243,241.5,242.5,520,22000
770902,243,245.75,243,245.75,870,22100
770906,246.25,250,245.5,250,1270,22760
770907,250,250,248.75,250,1845,22745
770908,250.5,252.5,250.25,252.5,1030,22595
770909,253,257.25,253,256.5,2610,22660
770912,255,260.75,255,260.25,1020,22750
770913,258.25,264,258.25,264,1365,23015
770914,263,263,259.5,259.5,5575,25780
770915,261,261.25,257.75,259,2085,25625
770916,259.25,259.75,258.5,259.25,910,26260
770919,259.25,263,259,262,645,26110
770920,262.25,264.25,262.25,263.25,4335,27545
770921,264.5,270.75,264.5,270.75,4675,26815
770922,269.5,269.5,265,265.75,1370,26380
770923,265.75,268.5,265.75,268.5,1240,26855
770926,267.5,270.75,264.75,270.25,2175,26935
770927,269,269.25,267.5,267.75,1885,27230
770928,268,269,264.75,265,2065,27740
770929,265.25,267.75,265,266.75,490,27930
770930,268,268.75,267.5,267.75,845,28040
771003,268.5,273.5,267.5,273.5,1465,28420
771004,275,277.5,272.75,274.75,3160,29305
771005,274.25,275.5,272.25,272.75,1095,29450
771006,272.75,274.75,272.5,273,2135,30490
771007,272,274,269.25,270,4175,30455
771010,270.5,270.5,267,267,1105,30300
771011,266.5,267,265.75,265.75,1685,30435
771012,265,265,262,262,1905,30360
771013,259.5,262.75,258,262.5,3330,31840
771014,262.75,265.5,261.75,265,1560,31735
771017,265.75,267.5,264.75,266.5,1650,31650
771018,267.25,267.5,265.5,266.75,2140,31165
771019,266.75,267,264.5,264.5,1270,31020
771020,263.75,266,263.25,263.5,2220,31405
771021,263.5,266,263.5,265,1720,31510
771024,266,269,266,267.5,1415,31780
771025,267.75,267.75,265.75,266.25,1020,31880
771026,267.25,271.5,266.25,271,2005,32000
771027,272,275.25,272,272.75,2210,31625
771028,273,276.5,272.5,273,2695,31990
771031,274.75,275.75,273.25,274,1910,32265
771101,275,276.5,272.5,276,2985,32835
771102,283,283,279.5,281.5,7210,34535
771103,281,281.25,277.75,279.75,3350,35120
771104,280.5,284.5,279.75,282.5,6015,35020
771107,283.5,286,282.5,285.25,3195,34975
771108,285.5,286.75,282.5,282.75,2905,35570
771109,284.5,284.75,283,283.25,2525,35535
771110,284.25,285,283.75,284.5,1385,35500
771111,285,285,282.75,284.75,3715,36315
771114,285.5,287.75,283,286.5,3945,36080
771115,288.5,293,288.5,293,4330,36170
771116,295,297,294,296,4550,37230
771117,292.5,293.25,290.25,290.5,4585,38105
771118,290.5,294.5,289.5,294.5,4960,38300
771121,295.5,295.75,290.25,290.75,4960,38485
771122,290.5,290.5,284.5,284.75,8865,39425
771123,284.5,287,283.75,285.25,5195,39000
771125,286.75,289.5,286.75,289,4620,38825
771128,290.5,291.5,282.75,282.75,9990,41115
771129,284,284.75,280.5,284,6340,41380
771130,283,285,280,280,6820,41475
771201,279.5,283,278,282.5,8295,42490
771202,284,284,280.25,280.25,5805,41525
771205,280.25,281,268.5,268.75,8995,43570
771206,270.5,272.5,269.5,271.75,7060,44765
771207,273.25,276.5,273,274.5,6375,44245
771208,275.5,276.75,274,274.25,5490,43030
771209,275,275.25,272.5,273.75,3915,42335
771212,272.25,272.25,267,267.25,5610,42035
771213,267.5,270.75,267.25,270.75,4545,41410
771214,272.5,272.5,269,269.5,3115,41295
771215,269,270.5,267.75,270.25,2030,40295
771216,271,271,268.5,268.75,6390,43275
771219,269,270,267,269.5,4905,44490
771220,270,273,269.25,272.25,5110,45200
771221,272.75,275,272.75,274.5,5280,44505
771222,275,276.25,274.25,276,2820,44505
771223,280,281.25,278,280,3500,44785
771227,284,293,282.75,285.25,7360,44270
771228,287.5,288,282.5,288,7285,43390
771229,288,288,284.25,285.25,5565,43705
771230,284.75,285.5,283.5,284.75,4825,44210
780103,285.25,286.5,280.25,280.5,7090,43385
780104,279,284,278.25,283.75,5630,42900
780105,284.75,284.75,279.5,279.75,6310,42335
780106,280.5,284,278.25,282.75,6035,43055
780109,283,283.75,280.5,282.25,4770,42605
780110,284,286.25,283,286,8470,42470
780111,287,287.75,285,285.75,7900,42285
780112,284,286,283.5,284.25,4540,41690
780113,284.25,286,283,283.25,3680,41925
780116,281.5,282.25,273,275.5,9370,40755
780117,273,278.5,273,277.5,11070,40915
780118,278,279.75,277,277.5,6725,41530
780119,277.5,278.75,276.75,277.25,3845,42335
780120,277.75,280,277.5,279.5,4490,42080
780123,279.75,283.25,279,281.5,5870,42615
780124,282.5,282.5,279.5,280,4460,43225
780125,280,281,279.25,280.25,3015,43320
780126,279,280,275.25,276.25,8175,43820
780127,276.5,278.5,276.5,278,3590,43675
780130,279,279.5,276.5,276.75,3080,43605
780131,276,276,272,272.75,11865,44565
780201,272,275.25,271.75,273.25,5960,44985
780202,273.5,275,273,274.25,6555,46840
780203,274,274.25,272,273.25,4640,47555
780206,273.5,276,273.5,274,5370,47220
780207,274.5,274.75,272.5,272.5,6915,47560
780208,272.5,272.75,269.5,270,10005,48295
780209,269,271.75,268.5,271,11245,50755
780210,271.5,273,271.5,272.75,9125,52525
780213,274.75,274.75,270,270.75,13175,54640
780214,271.5,273,269.5,271.75,8770,55680
780215,271.75,272.75,269.75,269.75,7470,55960
780216,269.75,270,267.75,268.5,14700,56890
780217,268.5,270,268.25,268.75,9615,57115
780221,268.25,271.75,266.75,268.25,14505,58445
780222,269,269.75,267.5,267.75,10505,55600
780223,267.5,267.75,263,263,19490,56520
780224,263.25,264.75,262.75,263.75,13660,55830
780227,263.5,263.5,260.5,261,21500,58360
780228,260,261,259.25,260.75,21530,58055
780301,261.5,265.5,261.25,265.5,16130,56670
780302,264.5,267.25,264,266.75,15670,56520
780303,267.75,275,267.75,271,35360,53685
780306,272,274.25,271.5,272.5,16770,51625
780307,274,280.75,273,280.5,30940,50145
780308,281.5,285,279.75,282.75,24620,51185
780309,285.5,286,278.25,280.25,23205,52710
780310,276.5,278,274.25,276.5,17235,55740
780313,275.75,284,275.75,283.75,20925,55875
780314,283.75,286.75,280.75,283.75,26830,52800
780315,282.75,293,281.25,288.25,19745,52025
780316,287,292,286,288,14595,51475
780317,291.5,304,291.5,301,26415,51955
780320,300,305.5,292,295.5,23990,52215
780321,296,297.5,287,291.25,21985,53060
780322,294,298.5,293,295,16115,53790
780323,295.5,297,292.25,295,8395,54305
780327,297,305,297,303,13495,54740
780328,301,304,299,302.25,10605,54915
780329,299.5,300.5,286,292.5,22010,53655
780330,294,304,294,303.5,16005,53130
780331,309,314.5,307.5,313.5,17065,51610
780403,311.5,314.5,307,311.25,18070,51990
780404,312,321,309,318,14680,49405
780405,321,326,317.25,321.75,18980,48860
780406,321,322,317.5,319.75,14765,46435
780407,320.5,327,317.25,326.5,15005,46270
780410,329.75,335,327.5,331.75,15320,44885
780411,335,335,325.5,330.75,15420,42425
780412,327,328.5,322,322.5,12885,40130
780413,320,320,312.5,313.25,15325,37525
780414,314,325.5,310.5,322.25,10880,38770
780417,323.5,330,322,326.25,8805,38460
780418,326.5,327,318,324.5,8155,38545
780419,326,326.5,318.5,322.25,5710,37235
780420,320,320,315,317.75,5845,34200
780421,320.5,320.5,311.5,315,7960,31255
780424,311.5,311.5,296,296.5,14220,28410
780425,297,305.5,297,304.75,8730,26270
780426,305.5,307,298,300,7970,23565
780427,299,305,299,303.25,11210,20000
780428,305,309.5,304.5,309,4575,18980
780501,307,308.5,300.5,301,6315,16490
780502,300,301,296,296,9020,13665
780503,294,294.75,291.5,294,3595,11895
780504,297,299,295.75,297,3795,9275
780505,298.5,300.5,298.5,300,1350,8690
780508,302.5,303,299,299,4085,6395
780509,299,302.5,297.5,301.5,1075,5625
780510,304,304,300,303.25,785,4640
780511,305.25,308,304.75,307.5,1970,3925
780512,308,312.5,307,312.25,845,3555
780515,314.25,322.25,313.5,321.5,980,3240
780516,323,326,320,321,1450,2940
780517,320,325,319,320,555,2140
780518,322.5,324.5,317,324.5,740,1610
780519,324.5,326,321.5,325.75,945,1125
