770607,278,279.5,278,278.25,70,50
770608,277,278.25,276.5,278.25,30,50
770609,276,276,275.5,275.5,30,80
770610,274,274,271,271,80,155
770613,269.5,271,268,268.25,100,225
770614,270,271,268.5,271,1220,1435
770615,271.5,277,271.25,275.25,530,1825
770616,274,276.25,274,276,610,2255
770617,273.5,276,273.5,274,865,2395
770620,275.75,278,275.75,276,50,2415
770621,275,275.75,272.5,273,95,2490
770622,270.5,272,270.5,272,170,2605
770623,275,276.25,274.75,274.75,55,2625
770624,274,274.5,273.5,273.75,50,2665
770627,276,281.5,276,281.5,115,2705
770628,285,286,281.5,285,570,2945
770629,284.5,284.5,280.5,280.5,145,2935
770630,278.5,278.5,277.5,277.5,75,2950
770701,272.5,275.5,272.5,274,810,3190
770705,273.75,277,271.5,271.5,100,3215
770706,274.5,274.5,272.25,274,90,3180
770707,273,273,270.75,270.75,85,3195
770708,270.5,272.75,270.5,271.25,115,3240
770711,269,269.5,263.5,263.5,200,3310
770712,263,265.25,262.25,262.25,510,3585
770713,263.25,267,263.25,265.25,475,3735
770714,268.5,268.5,265.5,265.5,100,3790
770715,265.25,265.25,258,258,370,3930
770718,256,257.75,254.75,257.25,165,4050
770719,260,262,260,261,230,4195
770720,261.25,261.5,259,259.75,600,4715
770721,260,262.25,259,259.25,1245,5210
770722,260.75,262,259.75,262,1125,5395
770725,260.75,261.75,260.75,261.25,1175,5295
770726,261.5,261.5,259.25,259.25,230,5265
770727,260.25,260.5,255.5,255.75,320,5055
770728,255.5,255.75,249,252.5,1750,5015
770729,251.25,253,250.25,253,1605,6045
770801,254,254.5,250.5,253.5,455,6220
770802,253.75,255.5,252,252,810,6145
770803,252.75,255,251.75,254,395,6445
770804,255,255.5,254,254.25,310,6425
770805,254.75,256.5,253.75,256.5,1025,6280
770808,253,254.5,253,253.5,260,6320
770809,254,254.5,252.5,252.75,515,6495
770810,252.5,253.5,252.5,253.5,55,6475
770811,252,252.25,252,252.25,65,6525
770812,251.5,251.75,250.5,250.5,180,6505
770815,250,250,244.25,245.5,1000,7220
770816,243.5,248.25,243.5,247.75,800,7865
770817,248.75,249,247,247.25,170,7780
770818,246.25,248.5,246,248.5,820,8310
770819,247.5,247.5,246.25,246.25,200,8140
770822,246.25,246.25,243.5,244,140,8210
770823,244,245,244,244.5,825,8495
770824,246.25,247.75,246,247,1965,9595
770825,249,249,246,247,1790,9625
770826,247,247,245.25,246,710,9640
770829,246,246.75,244.5,246,1105,9220
770830,247,247,245.5,245.75,1855,9520
770831,246.5,247.5,244,246.25,585,9770
770901,246.25,246.25,244.75,245.5,715,9610
770902,246.75,247.75,246,247.75,855,9630
770906,248.5,252,248,252,1665,9905
770907,251.5,252.5,251,252.5,985,10050
770908,252.75,255.5,252.75,255.25,715,10235
770909,255.75,260,255.75,259.5,1775,10650
770912,257.75,264.5,257.5,263.75,1550,10830
770913,262.5,269,261.5,269,2515,11775
770914,267,267,264.25,264.5,4365,12300
770915,266,266,262,263.5,3675,12880
770916,263.5,264,262.5,263.5,555,13215
770919,263.5,267.25,263.25,266,1130,13945
770920,266.25,268.75,266.25,268.5,1750,14530
770921,269,274.75,269,274.75,4220,17005
770922,273.5,273.5,270,270,2170,17245
770923,270,274.5,270,274,2215,17230
770926,271,276.5,270.75,275.75,3245,17910
770927,274.75,275,272.75,272.75,4360,18170
770928,273,274,270,270.25,2235,18665
770929,270.5,272.75,270.5,272.25,2790,19495
770930,274,274,272.75,273,1490,20135
771003,273,278.5,272.5,278.5,790,20265
771004,280,281.75,277,279.5,1265,20025
771005,279,280.75,277.25,277.25,790,20310
771006,277.25,279.75,277.25,278.5,865,20605
771007,278.25,279.5,274.25,275.5,4050,22880
771010,275.5,276,272,272.25,700,22565
771011,271.75,272,270.75,271,1405,22930
771012,269.25,269.25,267,267.5,1980,22370
771013,265,267.5,263,267.5,2390,22995
771014,267.75,270.75,267,270.25,865,23255
771017,271.25,272.75,270,272.25,805,23350
771018,273.25,273.25,270.75,272.25,765,23675
771019,272.75,272.75,270,270,1240,23660
771020,269.5,271.5,268.5,269.5,1470,23930
771021,268.75,270.75,268.75,269.5,2785,24860
771024,271.25,273.75,270.75,271.75,2165,24750
771025,272,272,270,270.75,435,24655
771026,271,276,270.5,276,865,24840
771027,276.5,279.5,276.5,277.5,5425,25635
771028,277.25,280,276.25,277.25,2260,26085
771031,279,279.75,277.5,278.5,2660,27515
771101,279.5,280.5,277,280.25,2010,27330
771102,284.5,286.5,283.5,285.5,3265,26735
771103,284,284.75,281.25,283.5,2215,26780
771104,283.25,288.5,283.25,286.5,6140,28800
771107,287,290,286.5,288.75,2950,29435
771108,288.5,290.75,286.5,286.75,3810,30765
771109,288,289,287,287,1845,30805
771110,288,288.75,287.75,288.25,2380,30800
771111,288.5,288.5,286.5,288.25,920,30835
771114,288,290.5,286.25,289.25,3005,30465
771115,291.5,294.75,291.5,294.5,3440,30640
771116,296.75,299,295.25,297.5,3200,31040
771117,295,295,292,292.5,3060,31385
771118,292,295.25,291.25,295.25,2205,31530
771121,296.5,297.5,290.25,290.25,3920,32325
771122,290.5,290.5,285,285.5,4795,33070
771123,285,288.25,285,287.25,2865,33180
771125,288.5,292.5,288.5,292,3100,33750
771128,293.5,293.5,285.75,286,5515,35060
771129,286,287.75,283.75,287.25,6810,37665
771130,285.5,288,283.25,283.75,5620,37580
771201,283,286.25,282,285.75,5145,37785
771202,286,286.25,282.5,282.5,3570,37980
771205,282.25,282.75,272,272.5,9245,39495
771206,273.5,275,272,274.5,9965,43125
771207,275.25,278.5,275.25,277.25,6815,43850
771208,278.5,279.25,276.5,277,4455,46510
771209,278,278,275.5,277,2915,45660
771212,275.25,275.5,270.5,270.75,4895,46905
771213,272,274.5,271.5,274.25,4630,48510
771214,275.5,276,273.25,273.25,3640,48985
771215,272,274.5,272,273.75,2075,49550
771216,274.5,275,273,273.25,3730,51400
771219,273.5,273.75,271.5,273.25,2830,51800
771220,274,277.75,273.75,277.25,4525,52850
771221,278.5,280,278,279,7370,56590
771222,279.5,281.5,279,280.25,4580,57220
771223,283.5,285.5,282.5,284.75,8065,59585
771227,290,299,286,290,9575,61005
771228,290,293.5,288,292.75,10355,63775
771229,292.5,293,289,290,7265,63075
771230,289,290,288.5,288.5,2940,63770
780103,290,290.5,284.5,284.5,9675,64600
780104,284.5,288.5,283,287.75,7830,65525
780105,289,289,284,284.25,8350,62925
780106,284.5,288,282.5,287,7125,64725
780109,288,288,285.25,286.75,3860,64760
780110,287.5,290.5,287.25,290.25,9010,65295
780111,290.5,291.75,289.5,290.5,12310,65435
780112,289,290.5,288,289.25,5495,66120
780113,288.75,290.75,288,288.25,1980,66475
780116,287.5,287.5,281,281.5,6165,66170
780117,279.75,284.75,279.75,284.5,11130,67300
780118,284.5,286.25,283.75,284.25,8005,69135
780119,284,285,283,283.25,4210,69815
780120,283.5,286,283.5,286,3705,69130
780123,285.25,288.5,285,286.75,9065,70255
780124,287.25,287.25,284.5,285.25,10210,70845
780125,285,286.5,284.5,285.75,4920,70225
780126,284.5,286,281,281.75,5590,69585
780127,282.25,284,282.25,283.5,5075,69155
780130,283.75,284.25,281.5,281.5,3915,69760
780131,281,281,276.5,277.25,13620,69070
780201,276.75,279.25,276,277.5,7890,69640
780202,278.5,279.25,277.5,278.5,4350,70125
780203,278,279,276.5,278.5,4910,70600
780206,278.75,280.75,278.5,278.75,3700,71085
780207,279,279,276,276.25,5565,71065
780208,275.5,276.25,273.25,273.75,9925,73030
780209,272.75,275.5,272.5,274.75,7150,74710
780210,275,276.25,274.75,275.5,8085,74725
780213,275.5,276.25,272.75,273.25,9280,75510
780214,273.5,275,271.5,274.25,10705,74880
780215,274.5,275.5,272.5,272.75,6130,75610
780216,272.5,272.75,270.75,271.25,11405,74810
780217,271.5,272.75,271,271.5,7885,76225
780221,271.25,274.5,269.75,270.75,15445,78225
780222,271.25,271.75,269.75,270,13805,76015
780223,270.25,270.25,265.25,265.25,13940,75980
780224,266.75,267.5,265.75,266,9295,76475
780227,265.75,266,263.5,263.75,12495,75555
780228,263.75,264,262.5,263.75,11480,76045
780301,264.5,267.5,264.5,267.5,15455,73950
780302,266.75,269.25,266.5,268.75,10120,74500
780303,269,273.5,269,270.25,23390,72450
780306,271.5,272.5,270.25,271.25,13130,72865
780307,273,279.25,271.75,279.25,22410,70880
780308,282,282.5,278.5,281.75,27220,68695
780309,284,284.5,276.25,278,25445,68110
780310,277,277,274.5,276.25,12645,71535
780313,276.5,288,276.25,287.5,20360,72340
780314,287,290.5,284,287.75,24730,69165
780315,286.5,296,285,292.25,21215,68910
780316,290.5,294.25,289,291.5,12840,68205
780317,295,307,295,303,28720,73270
780320,303,307,295,298.25,28250,69050
780321,299.5,300,288,292.75,23900,70170
780322,297,299,295,296.25,20765,71235
780323,297.5,298.5,294,296.75,11550,70525
780327,301,307.5,299.5,304.75,20145,72030
780328,302,305.5,300.75,304.25,20435,74310
780329,302.5,303,290.5,295.75,38385,70845
780330,297,305,296,304.5,32985,69065
780331,311,316,309,315.25,37830,69830
780403,313,315,308,313,35135,70835
780404,315,322.5,311,320.5,33830,69540
780405,322.5,326,318,321.5,40810,67275
780406,319.5,321.5,317,319.75,27270,65005
780407,321,327.5,317.5,326.5,28155,67565
780410,329.5,335.5,327.5,332.25,43360,71960
780411,335,337,327.5,334.25,40420,74615
780412,330,332,325,326.25,30640,78530
780413,323,323,316,317.25,38450,79255
780414,320,329,314,324.5,36365,82520
780417,326.5,334,324.5,329.75,39790,81055
780418,330,331,322,328.75,37140,80695
780419,330.75,331,323,326.25,32055,80010
780420,323,324.5,320,321.75,28710,76945
780421,324.5,324.5,316,318.75,35695,79275
780424,316.5,316.5,302,302.75,54710,77745
780425,303.5,309,303.5,307.75,33045,77155
780426,310,310.5,300,303.75,37475,79600
780427,303,309,303,307.25,32805,78265
780428,308.5,312.75,308,312,24840,78210
780501,311,311,303.25,304.5,32275,79590
780502,302,304,297.5,298.5,42385,78275
780503,296.5,298.75,295.5,297.75,25565,77505
780504,300,302.5,299.5,300.25,18905,76910
780505,302.5,304,302,303.25,15310,77320
780508,305,305.25,299.5,300.25,31850,76765
780509,299,303,298,302.5,24840,77235
780510,305.5,305.5,300.5,303.75,25530,78215
780511,305.75,309.5,305.5,308,32600,77585
780512,309.5,312.25,306,312.25,24995,78005
780515,314.75,322,313,321,38980,75895
780516,323,327.5,319,321,49190,77525
780517,319.5,325,319.5,322,34825,79815
780518,322.5,324.5,316.5,322.25,29655,78905
780519,323.5,324.75,321,321.75,24830,77360
780522,321.5,323.5,318,323.25,19280,77035
780523,328,334,326,333.5,41045,78725
780524,331.5,336.75,328.5,329.5,38335,77735
780525,328,334,326.5,333.25,24710,79545
780526,334.5,334.5,330.25,332.75,21600,78350
780530,333,341,330.75,339.25,30225,77035
780531,339,340,331.75,332,33185,77790
780601,331,331,325.25,326.25,29270,73165
780602,324,329,319,323.5,35120,69820
780605,323,330,320,329.5,22665,69995
780606,330.5,331,326.5,329,23590,71105
780607,328.5,329,322.75,324.75,28310,71800
780608,324.5,326.75,321.5,324.5,21315,68685
780609,324.25,325.5,316,317.5,34640,65150
780612,316,317,310,310.5,31050,62800
780613,311,313,309,310.25,15735,59385
780614,310,311.75,308.25,309.5,18810,56635
780615,311.25,316.5,310.5,312.75,18255,53505
780616,313,321.5,311.75,321.25,18605,50505
780619,324,328,321,324.25,15510,47035
780620,324.5,324.5,320,322.5,9505,45895
780621,323,324,319.25,319.5,12505,44480
780622,317.25,324,316.5,322.5,15375,40890
780623,322,323.75,319.5,321.25,10710,38625
780626,323.5,324,320.25,321,5830,36640
780627,321,323,315.5,315.75,17620,32015
780628,313,315,310.5,310.75,12525,25995
780629,310,313.25,309.5,310.25,13840,22340
780630,312,316.25,312,314.75,11670,19470
780703,312.5,321,311.25,317.5,6945,18770
780705,319,327.5,318.5,326.75,12125,15295
780706,326,329,323,325.25,9115,12970
780707,326,326.75,324.5,324.5,3480,11695
780710,324,326.75,320.5,321,3630,11095
780711,319.5,321.25,317,320.5,5940,10405
780712,318.5,319.75,315.25,315.5,2935,8705
780713,313.75,315.5,312,313,3925,7990
780714,312.75,315.25,311,312,2865,7375
780717,311.5,311.5,307,308.25,4540,5500
780718,307,309.75,303.75,304.25,3460,2535
780719,303,307,301.5,306.75,2330,2005
780720,307,308.5,306.5,306.5,1175,1560
