790108,343.5,344,343.5,344,5,5
790109,344,344,344,344,0,5
790110,343,343,343,343,0,5
790111,343.75,343.75,343.75,343.75,0,5
790112,343.25,343.25,343.25,343.25,0,5
790115,343.25,343.25,343.25,343.25,0,5
790116,341,341,341,341,0,5
790117,342,342,342,342,0,5
790118,340.5,340.5,340.5,340.5,0,5
790119,340.5,343,340.5,343,30,35
790122,342,342,342,342,0,35
790123,342,342,340.5,340.5,5,40
790124,342,342,342,342,0,40
790125,341.5,341.5,341.5,341.5,0,40
790126,340.5,340.5,340.5,340.5,0,40
790129,337,337,337,337,0,40
790130,338.5,338.5,338.5,338.5,0,40
790131,339,339,339,339,0,40
790201,337,337,337,337,5,45
790202,336,337,335,337,60,95
790205,340,342,340,341.75,90,160
790206,341.5,342,339.25,340,55,180
790207,343,343,343,343,0,180
790208,343,344,342,343,50,215
790209,344,346.75,344,346.25,45,235
790212,344.5,344.5,344.5,344.5,0,235
790213,343,343,343,343,0,235
790214,344.5,344.5,344.5,344.5,0,235
790215,345,345.5,345,345,25,235
790216,343.5,345.75,343.5,345.75,40,270
790220,344,345.5,344,345.5,40,300
790221,345,352,344.5,352,55,355
790222,352,354,350.5,350.5,380,575
790223,350,351,349,350,380,895
790226,348,348,346.5,348,45,920
790227,349,350.5,348,350,15,930
790228,350.5,352,349,350,250,1160
790301,349,352,349,352,10,1160
790302,352,352.5,350,350,185,1235
790305,346,349,346,348.5,950,1770
790306,348.5,351,348,351,60,1770
790307,349.5,350,349,349,15,1770
790308,351,351,348,348,65,1735
790309,348,349,348,348.5,10,1730
790312,349,349,343.5,346.5,320,1880
790313,346,347,345,345,15,1880
790314,344,345.75,343.5,344.75,65,1875
790315,345,346.5,344.5,346.5,55,1850
790316,347.25,347.25,347.25,347.25,5,1855
790319,347,347,345,345.5,120,1925
790320,347.5,348.5,347,347.5,45,1935
790321,347.5,348,347.5,348,5,1935
790322,349.25,349.25,346.5,346.5,45,1950
790323,345.75,346.5,344.75,345.5,65,1965
790326,346.5,347.5,346.5,347.5,355,2185
790327,347.5,347.5,347.5,347.5,0,2185
790328,348,349.5,347.5,348.5,440,2515
790329,346,346.25,344.5,345.25,485,2635
790330,344,346.5,344,346,50,2665
790402,346,346,343.5,344.5,25,2670
790403,344,345,342.5,342.5,90,2685
790404,341.5,344,341.5,343.25,250,2725
790405,343.25,344.25,343,344,75,2790
790406,344.25,345,344.25,345,200,2805
790409,345,345,344,344.5,250,2815
790410,343.25,346,342.5,346,455,3110
790411,347,349.25,346.5,349.25,115,3120
790412,350,351.5,348.75,350,330,3195
790416,347,350.75,346.5,349.75,245,3205
790417,351,351.25,350.5,351,195,3185
790418,351.25,351.25,348.5,348.75,870,3575
790419,347.5,349.25,347.5,348.25,145,3565
790420,346.25,349,346.25,349,95,3580
790423,348.25,349.75,348,348.75,155,3610
790424,351,356.5,349,356.25,485,3715
790425,354,360.5,354,359,340,3920
790426,361,361.5,359,360.25,145,3885
790427,362,368,362,367.5,395,4025
790430,367.25,368.5,365,365.75,745,4380
790501,365,368.25,364.25,365,895,4795
790502,367.5,384,367.5,379,710,5275
790503,379,383,375,380,1635,6510
790504,380,380.75,377,380.5,545,6700
790507,378,378,375.5,376,470,6560
790508,374.5,376,370.5,376,960,6640
790509,377.25,385,375.25,384,1075,7180
790510,385.5,390.5,379,379.5,600,7530
790511,384.5,387.5,380,387.5,660,7735
790514,385,398,385,398,1415,8280
790515,396.5,396.5,390,393,855,8370
790516,388.5,389.75,384.5,388,755,8570
790517,380,384,380,382.5,2284,9975
790518,383,384,377.25,380,1745,10825
790521,380.25,384,380,383,835,11270
790522,384.5,387,384,386.5,1070,11970
790523,385,392,384.5,389,2155,12610
790524,388.5,388.5,383,383,705,12845
790525,384,384,378.25,379,1245,13495
790529,379,385.5,378.75,385.5,980,13185
790530,384.5,388.25,383.25,386.5,575,13595
790531,390,392.5,388.75,391.25,590,13670
790601,391,393.5,390,392.5,720,13760
790604,396,401,396,397,1195,14270
790605,396.5,399,396.5,398.5,1495,14360
790606,397.5,415,396.5,409,2690,15125
790607,410.75,412.5,404.75,407,2685,15275
790608,406,423,406,422,3995,16505
790611,437,442,429.5,442,4330,17840
790612,437,440.5,429,429.25,4900,17805
790613,432,449,431.25,447.5,4655,18800
790614,467.5,467.5,458,467.5,4325,19320
790615,468,475,451,475,6180,21110
790618,468,472,465,465,4120,21600
790619,463.5,474,462.5,471.5,5080,22350
790620,473,489.75,473,486,6905,23410
790621,496,500.5,496,500.25,7415,26130
790622,520,520,506,514,10210,28170
790625,506,506,494,501,3805,28770
790626,503,506,491,501.75,6040,29880
790627,503,503,487,490,7775,32835
790628,486,493,472,472,5465,32695
790629,460,474.5,455,455.5,6060,33140
790702,459,471.5,459,467.5,4650,33040
790703,471.5,473,461.5,463.75,4870,33465
790705,465,482.5,465,481,7280,32845
790706,489,496,484,487.25,7850,32825
790709,483.5,490,483.5,487,6685,34825
790710,490,491.5,475,475.25,8055,34915
790711,475,480,466,478,6530,35480
790712,466,473.5,458,458,9965,37935
790713,449,462,449,456,5985,38390
790716,461,467,455,457.25,7325,38915
790717,461,469.5,459,468.75,7405,39390
790718,474,474,469.25,471,7095,41255
790719,466,466,454,456,8515,41590
790720,458,464,455.5,458.25,9760,43110
790723,462,464,438.25,448.5,12640,41170
790724,446,447.5,435,440.25,12790,39510
790725,436,443,434.5,437.75,6470,40030
790726,438,445,437,443.75,5650,40265
790727,445,448,425,429,8335,40545
790730,421,427.5,413,423,13605,41000
790731,428,430.5,417,417.5,14200,37480
790801,422,430.5,419,430.25,8845,38710
790802,436,436,420,422.75,11590,40065
790803,421,428,413,428,10385,41775
790806,422,425.5,418.5,423.5,5065,42020
790807,424,430,423,424.75,7890,42080
790808,424,435.5,423,432,8130,43035
790809,436,436,430,433.75,5040,43435
790810,433,434,431,433.5,4150,43455
790813,425,431.5,422,430.25,7670,44140
790814,447,450.25,440.5,450.25,8525,43875
790815,455,461.5,449,456.5,16115,45860
790816,453,462.5,451,459.5,9520,46800
790817,459.5,465,456,461.25,6385,47185
790820,465,465,457.5,460.75,8790,48630
790821,462,474,460,473.5,12695,50115
790822,477,477,463,465.25,17340,52695
790823,463.5,463.5,455,458.75,12535,54455
790824,459.5,466,456.25,462.75,9730,55110
790827,462,467.5,458,462.5,10115,55595
790828,460,462.5,451.5,460.5,11760,56340
790829,458,470,455.5,467.25,15540,58115
790830,472,475,468,469.25,10535,58545
790831,467,469,464.5,466.25,10905,61805
790904,466.5,468,446.25,446.25,16415,61105
790905,442,452,432.5,451.75,26395,60595
790906,451,451,438,440.25,16465,58465
790907,438,446,437,442.5,9325,59090
790910,443.5,452.5,440,451.25,11645,59260
790911,450,453.5,446,446.5,9175,58975
790912,445,451.5,445,447,11715,61975
790913,458,467,454,466.25,21695,65820
790914,467,472,458.5,459.5,29315,73320
790917,458,470,457,463.5,15995,77280
790918,470,479,461,461.75,21450,78825
790919,457,467.5,455,459,22955,79980
790920,465,468,460.25,462.75,18360,82090
790921,462,463.5,458,461.25,15110,84480
790924,464,467,461,465.5,11135,86475
790925,463,464.75,456,458.25,18275,87220
790926,456,461,452,458,16150,87910
790927,467,472.5,463.5,469.75,29205,93065
790928,474,474,464.5,466.5,20580,97430
791001,478,486.5,475,483.5,35765,104765
791002,495,495,471,478,37055,105265
791003,475,489,472.5,488.25,31635,105270
791004,489,494,481,482.5,38315,106595
791005,486,486,475,475.25,30930,106695
791008,471,476,470,470.25,21750,113025
791009,475,477,450.25,450.25,48745,109955
791010,452,459,442,451.25,53535,105490
791011,451,458,451,452.75,21620,107480
791012,454,457,452.5,454.25,16630,106675
791015,456,459.5,447,449.25,39040,109560
791016,449.25,455,444,454.25,39140,109300
791017,458,463,454.5,462.5,27015,110875
791018,464,466.5,460.5,463.5,34240,110830
791019,461,473.5,461,473,39315,108280
791022,472,472,465,470.75,29230,111360
791023,472,472,462,463.75,31305,111835
791024,460.5,460.5,448.5,454,39280,108830
791025,454,454,447,450.5,27555,108665
791026,448,448,434,434.5,51865,103810
791029,430,439.5,428,435.75,35905,101140
791030,437,441,435.75,437.25,28860,102295
791031,439,444.5,438,441.5,31425,101950
791101,440,440,429,429.5,49625,107970
791102,430,434.5,424,431.5,43700,106635
791105,434,441,433.5,437.5,26010,106820
791106,439,442,437,439.25,31790,108840
791107,439,442.5,434.5,441,31765,109315
791108,443,444,438,440.75,20695,109855
791109,441,443,439.5,442,12865,112020
791112,445,452,444,451.5,41025,110820
791113,453,460,451,459.75,45085,110970
791114,462,465,456,462.75,46000,113335
791115,460,460,452.5,454.5,42425,118255
791116,456,458,452,457,28160,118405
791119,454.5,456,452.25,452.75,20705,121110
791120,454,461,452,458,57675,124635
791121,462,465,457.5,460.25,37805,123265
791123,461,461,456.5,457.75,19505,123120
791126,456,457,447,448.25,63765,123785
791127,449,452,446.5,448,42040,123655
791128,451,451.5,443,448,67335,129035
791129,447,449.5,444,447.5,54635,131165
791130,450,457.5,448,456,69970,133420
791203,458,459,450,451.25,53715,132550
791204,450,450,440,445.5,73710,126230
791205,442,445,439,440.5,54690,126165
791206,438,442.5,435,435.75,66015,127160
791207,436,441.5,436,440.5,42850,124610
791210,440.5,445.5,438,445,42135,123920
791211,448,450,446.5,448.75,53175,123600
791212,447,452,445,450.5,48345,128105
791213,451,455.5,446,446.5,64785,129065
791214,445,451.5,444,450.25,46050,131020
791217,451,451,444,444.5,38005,127510
791218,443.5,447,442,442.5,31735,123980
791219,444,447,442,445.5,32205,124875
791220,445,452,443.75,451.75,41770,124815
791221,453,455,451,454.25,33810,125925
791226,458.5,465,456.75,464.25,58525,126225
791227,463,467.75,457,459,66495,125410
791228,459,462.25,456,458.5,36780,123125
791231,459,461,453,454.25,29375,117285
800102,453.5,456,444.5,445.5,57545,112040
800103,445.5,448,438,446.25,73930,110355
800104,446,449.5,442.5,445.5,45345,106045
800109,425.5,425.5,425.5,425.5,3380,105450
800110,405.5,417,405.5,415.25,72000,97550
800111,416,425.5,415,424.75,48440,96565
800114,423,427,419,426.75,44380,96415
800115,427,433.75,427,432.75,34555,95830
800116,431,440,430,435.25,47445,97545
800117,435,455.25,434.5,453.75,66405,95595
800118,455,457.5,446.5,451.25,49540,94625
800121,451,455.5,444.5,446.5,40630,89650
800122,444,451.5,442,450.5,48650,93130
800123,450.5,463,450,457,53625,92135
800124,456.5,457.5,449.5,450.75,35215,90485
800125,451,454,446,448.5,35755,90870
800128,448,457.5,446.5,456.5,44825,91555
800129,457.5,459.5,451.5,452,35260,92240
800130,453,465.5,453,462,57630,93225
800131,460,469,456.5,467.75,47115,95895
800201,471,474,464,472.75,58230,94680
800204,475,482.5,470.5,477.5,52920,98645
800205,478.5,478.5,467.5,471,38075,97635
800206,472,480.5,453,460.75,69665,95090
800207,461,464.5,456,457.75,34730,90540
800208,460,460.5,456,456.5,15390,86450
800211,457.5,464,455,463.25,18395,85635
800212,459,460,455,456.25,16515,83755
800213,456,456,449.5,450.25,26560,78490
800214,451,454,445,446.25,22660,71825
800215,446.5,448,444,446.25,18675,67305
800219,448,448,439.5,439.75,22600,62350
800220,440,444,440,443.25,10210,58225
800221,445,448,444.5,445.25,10975,56050
800222,444,446,442.5,443.75,12210,53610
800225,446,449,445.5,447.75,16690,46890
800226,446,448,440,441,14920,43400
800227,440.5,442,435,436.25,16525,37390
800228,435,438.5,435,435.75,20095,28365
800229,435,437,433.25,433.5,14480,24650
800303,433,437,431.5,433,7550,17155
800304,435,445.5,435,445.25,6095,13145
800305,445.25,446,440,443.5,5210,9890
800306,442.5,443.5,437,437.75,3845,8500
800307,437,439,436.5,436.75,1655,8040
800310,435.5,435.5,424,429.75,4255,6815
800311,428.5,432,428.5,429.25,2380,5275
800312,432,432,425,429.25,1025,4535
800313,429.5,429.5,422,426,810,4210
800314,424.5,426,423,426,405,4090
800317,423.5,423.5,417,419.25,965,3735
800318,419,420,415,416.25,670,3630
800319,415.25,419,415.25,416.5,750,3715
800320,417.5,419.5,413,413,535,3820
