791219,494,494,494,494,5,5
791220,497,502,497,502,125,115
791221,503,510,503,509,275,370
791226,513,519,512,519,160,510
791227,520,523,511,514.5,210,710
791228,513.5,515.5,511,514.5,245,740
791231,515,520,515,518.5,175,865
800102,512,513,509,510,145,940
800103,509,510,499,508.5,515,1125
800104,509.5,514.5,508,512.75,135,1115
800109,492.75,492.75,492.75,492.75,20,1125
800110,472.75,486,472.75,486,1025,860
800111,486,491,484,491,975,1090
800114,490,495,489,495,1050,1615
800115,497,501,496,497,370,1855
800116,495,504,495,499.5,795,2410
800117,499.5,515,499.5,513,380,2630
800118,510,514,509,512,395,2740
800121,512,518.25,506,506,1135,3810
800122,505.5,515,504,511,325,3945
800123,512,519,512,516,345,4035
800124,513.5,514,508.5,508.5,575,4050
800125,508,511.75,506,507,1035,4460
800128,506.5,512,503.5,507.5,890,4785
800129,510,512,505.5,507.25,535,5170
800130,511.5,515,511,511.75,650,5505
800131,510,515,508.5,514.5,420,5535
800201,515,523,513,522,505,5475
800204,522,537.5,521.5,533,510,5650
800205,531.5,531.5,523,523,755,5830
800206,526,535.5,513,515.5,1415,6310
800207,517,524,515,521,950,6685
800208,521,523,517,517,600,7255
800211,521,527,519,525.5,295,7440
800212,523.5,523.5,516,518,230,7605
800213,514,516,511,512.5,965,7895
800214,514,517.5,509,509,1310,7440
800215,509,511.5,508,511,140,7445
800219,511,511.5,502,503,605,7320
800220,504.5,507,504,507,405,7445
800221,509,511.5,509,510,370,7460
800222,509,511.5,508,511.5,1295,7880
800225,512,517,512,515,230,7960
800226,515,515,509,509,180,7960
800227,508.5,509,504.5,505,1000,8285
800228,505.5,508,502.5,502.5,795,8530
800229,502.5,503,498.5,498.5,950,8545
800303,496,498,492,492,1615,8850
800304,493,502,493,501,2550,7815
800305,501,506,500.5,505.5,760,7530
800306,504,504.5,497.5,497.5,975,7065
800307,496.5,500,496.5,498,260,7090
800310,495.5,495.5,480,484.5,4245,5035
800311,484.5,487,483.5,483.75,625,4990
800312,485.5,487.5,481,485.5,1490,5375
800313,485,485,479.5,481,400,5330
800314,480,482,478,481.5,2020,5095
800317,479.5,479.5,475.5,476,675,5270
800318,477,480,476.5,480,530,5525
800319,480,485.5,480,485.5,420,5650
800320,487,491,481,482.5,1345,5595
800321,480,484.5,479.5,482,630,5360
800324,480,486.5,477,485,670,5850
800325,482.5,488.5,482.5,484,990,5990
800326,482.5,482.5,474,475,1560,6050
800327,470,470,458,467,2945,7395
800328,466.5,467,457.5,460.5,1350,7285
800331,456,460,443,443,1585,7870
800401,441,447,437.5,446,1600,8640
800402,445.5,453,445,451,1220,8830
800403,453,463,453,459.75,970,8760
800407,462.5,464,456.5,456.5,500,8765
800408,463,466,459,462,295,8725
800409,465.5,473,462.5,471,425,8820
800410,466,468,462,463.5,230,8750
800411,460.5,461.5,457,459,380,8840
800414,458.5,458.5,441.5,445,990,9005
800415,442,449,437,445.5,715,9210
800416,449.5,452.5,445,451,510,9240
800417,448.5,448.5,442.5,443,740,8975
800418,435,438.5,435,437.25,535,9025
800421,434.5,450,433,450,1905,9815
800422,448.5,457,445.5,456,1115,10055
800423,452.5,456,446,447,495,9950
800424,448.5,450,445,450,255,9940
800425,465,465,453,454,1405,10365
800428,449.5,449.5,442,442,1480,10835
800429,444,445.5,439,441,1955,11455
800430,440,445,437.5,443.5,1715,11960
800501,443.5,450.5,442,445.25,2105,11895
800502,444,452.5,444,451,1215,12175
800505,467,471,459.5,471,3510,13360
800506,472,477,466.5,470.25,3280,13435
800507,466.5,483,466.5,478,2350,13385
800508,480,485,476,478.5,1855,13460
800509,475.5,476,470,471.5,2580,14770
800512,455,464.5,455,455.5,1105,15250
800513,458.5,463.5,457,463,520,15245
800514,466.5,469,460,461.5,1490,15480
800515,459,468.5,459,466,1255,16075
800516,463,465,456,457,855,15890
800519,463,470.5,462.5,468.5,950,16140
800520,470,472,465,466.25,950,16305
800521,468,469.5,460.5,465,1120,16275
800522,467.5,470.5,466,466.5,1870,16270
800523,463.5,464,462,462.5,500,16315
800527,461,468,461,465.75,1650,16230
800528,466,467,455,456.5,1470,16510
800529,451,453,447,447,1975,16530
800530,445.5,447.5,444.5,447.25,1360,16530
800602,447,449,440.5,440.75,1650,16655
800603,441,451,440,449.25,8795,15480
800604,448.5,451.5,445,445.5,1745,15480
800605,447,448,441,443,2580,16110
800606,440.5,443.5,438,440.5,1950,16645
800609,440.5,446,440.5,444.25,1385,16760
800610,443,447.5,441.5,443.25,1400,16500
800611,443,447.5,443,446.75,1765,16615
800612,446.5,450,445.5,449.25,1490,16845
800613,449,450,447.5,448,1290,17335
800616,449.5,453,447,451.75,2885,18555
800617,452.5,453.5,449.5,449.5,1590,19255
800618,452,453.5,449.5,453,705,19465
800619,453,457,451,451,2245,19795
800620,455.5,456.5,452.5,456.25,1560,20235
800623,460,472,460,471.75,2570,20390
800624,472,472,466.5,468,3170,21195
800625,469,477,466.5,475.75,2950,21960
800626,476.5,476.5,467.5,467.75,4010,22815
800627,468.5,469.5,464,464.5,6755,24760
800630,461,465,460,464.5,4575,25845
800701,465.5,479,465,471.25,6380,28020
800702,478.5,487,477,481.5,4625,29630
800703,480.5,484,475.5,482.5,3980,30555
800707,487.5,496,476,476.75,4940,31825
800708,477,477.5,469,474,4535,31980
800709,470,471.5,459,461.25,8650,33070
800710,464.5,469.5,463,464.5,3540,33330
800711,470.5,472.5,465.5,465.75,4315,33840
800714,485.75,485.75,479,485.75,7320,35140
800715,483,486.5,467,468,9045,36830
800716,475,477.75,470,472,5675,37750
800717,479.5,480.5,471,476,14970,41520
800718,471,476,467.5,470.5,9305,43545
800721,468,469,458.5,467,8150,43800
800722,469,470.5,467,469.75,7435,45260
800723,474,489,474,486.5,13985,47700
800724,497,497,476,479,13330,49965
800725,479.5,485.5,475,477.5,8035,50485
800728,477,487.5,477,484.75,8670,51320
800729,488.5,489,480,484.25,10290,51765
800730,486,491,481,481.75,11060,51855
800731,489,500.5,486,499.75,19405,54525
800801,500,500,495,495.75,14550,53195
800804,486,490.5,481,490.25,10795,52595
800805,490.25,495,488,493.5,10005,51700
800806,494.5,497.5,493,494.5,7355,52950
800807,493,496,491,491.5,13890,58050
800808,491.5,492,488,490.25,10355,60250
800811,485,488.5,485,486.5,8670,61505
800812,489.5,503,489.5,495.5,14185,62280
800813,493,494.5,489.5,490.25,8940,64010
800814,489,493.5,487,487.25,18880,69835
800815,485,486.5,482.5,485,25105,74875
800818,483.5,489,482.5,488.75,11650,76140
800819,487.5,492.5,487.5,490.25,15010,76835
800820,490.5,491.5,485.5,488.25,11400,77600
800821,487.5,489,484.5,485.25,14130,80470
800822,484,486,481,482.75,16210,79935
800825,478,486,477,485.5,15775,82555
800826,488,490,486,486.5,14820,83640
800827,488,493,486.5,490.25,19795,84355
800828,489.5,491.5,488,488.75,14765,83340
800829,490,498,490,496.5,17335,83845
800902,500,512,497.5,511.5,28555,84920
800903,510,514,505.5,511.75,23060,88885
800904,511,511,502.5,505.25,26990,90690
800905,505,511,505,510,20280,90900
800908,514,519.5,512,512.25,21620,92360
800909,511,514,508,511.75,20935,93185
800910,512,513,506.5,508.75,12620,94840
800911,507,512,506,510.75,9010,94600
800912,507.5,515,498.5,503.5,32765,96185
800915,505.5,506,502,504.75,9255,96445
800916,505,509,501.5,508,19510,97015
800917,511,517,508.5,513.25,34020,97935
800918,513,514.25,511.5,513.75,9725,99020
800919,515,525,515,524.75,28555,101270
800922,527,529,522.5,523.75,28395,101465
800923,525,531,520,530,37485,105000
800924,531.5,534.5,526,531.25,49285,110240
800925,528,530.5,525.5,528.25,23180,111970
800926,526,526,515,516.25,50390,109950
800929,513.5,519.5,510,518.25,33765,109645
800930,519.5,524.5,518.5,523.75,22395,110515
801001,525,526,521,524,21330,113545
801002,521,521,513.5,513.75,26450,114540
801003,512,519,510,518.75,39785,116510
801006,520.5,529,520,528.75,28240,119820
801007,527,528,522.5,523.25,20540,120930
801008,530,530,523.5,523.75,23820,120890
801009,525,529,522,525.25,20420,124200
801010,533,534.5,529,533.75,42135,125775
801013,553.75,553.75,546,547.75,47000,132000
801014,542,547,539,541.75,34675,133375
801015,544,545,537,541,40305,134645
801016,538.5,543,536,540.75,37840,134925
801017,539,548,537.5,547.25,28740,134940
801020,549.5,550,542.5,543,37530,137475
801021,542,551.5,541,550.5,31900,139840
801022,562,566.5,556.5,562,72510,150975
801023,560,562.75,556.5,557.25,43540,151155
801024,563,564.75,558.5,559.25,47760,155395
801027,555,556,550,550.75,41890,156150
801028,552.5,562.5,551,562,45500,156325
801029,564,564,555.5,556.5,44095,158485
801030,556,561.25,550,552.25,54245,156585
801031,556,556,546.5,549.75,46410,158330
801103,550,555,549,554.25,24315,158175
801105,559,559,548.5,557.75,45480,160280
801106,555,555,542,546.25,67105,165045
801107,543,549,541.5,548.25,46215,164180
801110,550,550,540,540.5,51465,162990
801111,542,545,537.5,538,60090,162175
801112,541,548,540.5,547.5,42975,162780
801113,547,547.5,539.5,539.75,39845,167095
801114,538.5,544.5,537.5,543.75,40490,169940
801117,540,543.75,537,541.25,52765,174395
801118,546,550,545,549,59195,182720
801119,549,549.5,544,547.25,57705,191650
801120,547,555,544,553,91685,199640
801121,551,552.5,549,550,42765,204655
801124,549.5,550.5,530,534.5,124505,196185
801125,536.5,538.5,529,535.75,95430,193945
801126,536,538.5,535,537.25,53460,198085
801128,538,542.5,538,540.75,35445,200915
801201,540.5,542,524,526,98580,202550
801202,525,526,515.5,524.5,90245,196620
801203,525.5,527,517,518,62115,196820
801204,519,522.5,516.5,518.25,58995,190390
801205,515,517,507,515,80460,189520
801208,513,514.5,505,505.25,48075,182710
801209,502,502,485.25,485.25,75010,180975
801210,480,487,475,476.5,92045,179560
801211,471,473.25,456.5,456.5,41690,167650
801212,436.5,476.5,436.5,476.5,64410,169820
801215,490,496.5,489,496.5,48055,167535
801216,487.5,501,484,496.5,78215,168070
801217,495.5,503.5,490,493.5,57290,171985
801218,497,497,484.5,488.5,38340,171060
801219,488.25,491,482.5,490.5,40730,169360
801222,491.5,491.5,486,486.75,17505,169190
801223,487.75,489,484.5,487.75,17145,168180
801224,479,483.5,476.5,481.75,14815,169260
801229,478.5,489,477,486.5,20790,168015
801230,486,488.5,482,486.25,21125,166730
801231,486,506.25,482,501,43670,158940
810102,498,515,496.5,508.5,40290,156925
810105,514,517.5,502,505.5,50650,152580
810106,505.5,508,499,506.75,40960,150630
810107,505,507.5,500,506.25,52440,149720
810108,503,503,496,497.25,39755,147200
810109,495,497,490.5,492.25,39905,143165
810112,492,499,492,498.5,34190,140635
810113,497,502,495.5,498.75,31495,138760
810114,498,511.5,498,504.75,51740,136870
810115,499,505,494.5,504,55695,135575
810116,506.5,507.5,500,502.5,43175,134640
810119,500.5,504.5,492,493.25,52535,123535
810120,491,496,487.5,494,40260,122075
810121,494,495.5,491.5,492.25,25825,120800
810122,489,489,472.25,481.5,71735,119460
810123,481.5,482.5,470.5,470.75,37500,118855
810126,470,480.5,465.5,478.75,48915,114665
810127,479,479.5,468,470.25,47190,119160
810128,468,475,467,470.5,33475,116970
810129,466,467,458.5,463.75,46835,113825
810130,465,470,463.5,465.75,46465,111115
810202,465,471.5,465,468.75,25750,107975
810203,473,479,473,478.75,31735,105830
810204,480,480,471,471.75,32210,105535
810205,471,473,466.5,471.25,28250,100635
810206,470.5,475,469,472,23105,99880
810209,462,464,452,452.25,50200,94970
810210,453,457.5,446.5,457,33575,93225
810211,457,460,455,456.75,21000,91685
810212,453,453,447,452.25,29350,88115
810213,450,457.5,448.5,455.75,26315,85915
810217,457.5,470,456.5,463.75,29565,81980
810218,460,463,457.5,459.75,16100,79245
810219,460,464,460,461.5,22750,73835
810220,462.5,464.5,460.5,461.25,14425,70520
810223,454,463,453.5,461.75,14625,66300
810224,463,467,457.75,457.75,17830,59790
810225,457,460,453.5,456.75,12710,53290
810226,454.5,455,451,451.25,25900,39975
810227,452,457,447,447.25,18445,30820
810302,441,445,434,435.75,14000,23305
810303,437,439.5,431.75,432,11890,19535
810304,432.25,432.25,421.75,421.75,15145,13330
810305,429,430,425,427,4865,12395
810306,428.5,433.5,425.5,428.5,3475,10850
810309,431,436.5,430,432.5,4950,8330
810310,434,435.5,426,426.25,2820,7100
810311,421,424,420.5,422.25,2520,5715
810312,428,431,424.5,431,2980,5770
810313,434,435,431.5,432,1150,5265
810316,431,433.75,429,429.5,3500,2670
810317,429,433.5,427,430.5,1305,2525
810318,433,433,429.5,432,385,2075
810319,432.5,432.5,427,427,660,1700
810320,421,421,409,414.5,255,1740
