810122,532.5,534.5,532.5,532.5,25,25
810123,524,524,524,524,0,25
810126,530,530,530,530,0,25
810127,525,528,524,524,110,90
810128,520,526,520,524,15,105
810129,517,517,506,509.25,100,200
810130,505.5,511,505.5,509.5,25,210
810202,514.5,515,514.5,515,5,210
810203,521,525,521,525,5,215
810204,522,522,518,518,15,215
810205,517.5,517.5,517.5,517.5,0,215
810206,515,523,515,523,10,220
810209,510,515,508,508,30,230
810210,509.5,516,501.5,516,50,255
810211,517.5,518,516.5,516.5,30,260
810212,509.5,509.5,509.5,509.5,0,260
810213,509.5,514,509.5,514,105,360
810217,524.5,524.5,524.5,524.5,5,365
810218,523,523,523,523,0,365
810219,527,536,527,536,150,495
810220,538,538,532,536,120,530
810223,530,533,530,533,10,520
810224,529.5,536,526,526,295,640
810225,525,526.5,522,522,30,620
810226,518,518,516,517,230,575
810227,519.5,522,517,517,135,525
810302,506,508,497,498,140,565
810303,499,500,494.5,496.75,545,885
810304,494.5,494.5,484,484.5,375,1180
810305,486.5,488,483,483.5,285,1375
810306,487,488,482,483,295,1605
810309,486,487.5,483,485.5,65,1540
810310,486.5,486.5,482,482,195,1405
810311,476,480.5,475,480.5,250,1525
810312,484,487,480,487,95,1490
810313,489.5,491,489,489,50,1495
810316,484,488,483.5,485.5,75,1545
810317,494.75,494.75,494.75,494.75,0,1545
810318,495,496.5,493,496.5,40,1530
810319,494.5,494.5,491,492.5,45,1545
810320,484.5,487,481,487,115,1575
810323,487.5,507,487.5,497.5,625,1555
810324,497.5,500,495,499,85,1590
810325,495,497,494,497,50,1540
810326,494,497,490,490,110,1515
810327,487.5,489,486.5,488,110,1485
810330,483,486.5,483,486,455,1630
810331,486,491,485,491,280,1690
810401,490.5,495.5,489.5,489.5,715,1975
810402,489,496,489,496,20,1975
810403,491.5,492.5,491,492,295,1930
810406,492,497,492,495.5,200,2010
810407,499,509,499,509,430,2250
810408,506.5,508,504.5,506,330,2270
810409,505,506,502.5,506,170,2315
810410,502,502,499.5,500.5,595,2385
810413,486.5,496,486.5,495,160,2370
810414,495,498,495,495.75,880,2910
810415,495,499.5,495,497.5,1810,4580
810416,502,503,499,502.75,260,4680
810420,507.5,508.5,504,507.25,545,4915
810421,507,516,506.5,512.5,1040,5460
810422,510.5,513.5,510,511,775,5880
810423,515,517,508,509,710,6035
810424,507,514,506.5,509.25,460,6245
810427,509.5,510,508,508,200,6240
810428,506,507,499,499,745,6385
810429,497,498,495,496,1670,7290
810430,498.5,500.5,496.5,499.5,1380,7915
810501,501.5,503,501.5,502,735,8105
810504,497,497,494,495.5,1220,8490
810505,493,497.5,493,496,2315,9485
810506,500.5,501,499,500.75,1485,10190
810507,502,502,496.5,498.75,930,10210
810508,497,499.5,493,493.5,985,10550
810511,494.5,496.5,491,491.25,1140,10440
810512,484,485,475,479.25,3355,11385
810513,481,481,476,479.5,1965,11805
810514,479.5,483.5,477,480.5,3830,13875
810515,482.5,484.5,479.5,480,3530,15195
810518,482.5,484.5,481,482.75,1020,15270
810519,482.5,482.5,477,479.25,1135,14995
810520,479,480.5,475.75,480.25,4960,17085
810521,478.5,478.5,472.5,473,2115,17155
810522,474,475,470.25,470.5,1030,17190
810526,469,476,468,475.75,4540,16895
810527,478,481.5,476.5,481,4870,17865
810528,484,486,476,476.25,2660,18415
810529,476.5,478.5,476,477.5,3610,18060
810601,477,478,467.5,468.25,1765,18465
810602,466,470.5,465,465.5,5560,19795
810603,466,466.5,460.5,462.5,7880,22770
810604,463,466.5,460.5,465,6105,24505
810605,466.5,471.75,465,468.5,2905,24505
810608,472,473.5,465,465,2945,23770
810609,463,470,463,469.75,2645,24280
810610,472,479,472,477.25,3270,24625
810611,474,475.5,470,470.5,3025,25620
810612,470.5,476.5,469,473,4350,26005
810615,473.5,479,472.5,473.5,3460,26110
810616,472.5,473,467.25,468.5,4630,27285
810617,466.5,468.75,465.5,468.75,4495,27480
810618,466,467.75,464.25,465,8480,28135
810619,464.5,466,461.5,461.75,3500,29060
810622,463.25,465,456.5,456.75,3160,29505
810623,457.5,459,453.5,453.5,2465,30120
810624,453.5,457,451,451.25,5550,31130
810625,449.5,451.25,443,443,7375,32040
810626,443.5,446.25,441.5,442,3885,32955
810629,439.5,442,436.5,437.5,6855,32315
810630,436,447,436,441.75,6805,33035
810701,443,450,443,449.5,3520,32990
810702,450,451,445.25,450.5,6030,33220
810706,449,463.5,445.5,461.5,3810,34455
810707,460,466,459,459.75,5270,34785
810708,465.5,478.5,465.5,473.75,5685,36310
810709,471,471,461.5,461.75,4965,36985
810710,462.5,468,461,462.5,6640,38980
810713,463.5,463.5,456.25,458.25,5200,39575
810714,457,457,451.5,453.25,4815,39575
810715,451,456,451,455,3290,40030
810716,456,459,455,455.5,3010,40595
810717,456,460,456,457.5,4140,41415
810720,451,454.5,450,451,5560,41440
810721,452.5,458,451,456.75,6340,43190
810722,458,465,457.25,461.25,4625,44320
810723,460.5,469,458,466,4865,43535
810724,468.5,469.5,464.25,467,4345,43875
810727,467,470.5,464.5,465.75,6515,44570
810728,464,471,462.75,469.75,9580,47300
810729,471,471,465.5,466,10230,46065
810730,466.5,467.5,461.25,461.5,7565,46180
810731,461.5,465.5,461.5,462.75,2845,46160
810803,459,464,458,462.75,6745,47760
810804,463,467,461.5,466.25,9495,46550
810805,466,468.5,461,461.5,8685,46020
810806,463.5,465,462.5,464.75,5800,45450
810807,466.5,468.5,465.25,466.25,3925,45260
810810,462,463,451.5,454.25,9580,45500
810811,456.5,458,455.25,456.75,8155,44990
810812,457.5,462.5,457.5,459.5,8495,47270
810813,452,456,451,456,6880,47025
810814,459.5,464.5,458,463.25,9110,48135
810817,465,466,460.5,462,7425,48980
810818,463.5,464.5,459,459.25,6330,49200
810819,460,461.5,456.5,459.25,6820,49695
810820,461.5,461.5,452.75,453,11005,49855
810821,451.5,455,447,450.25,12750,50690
810824,447.5,448.25,441,441.25,23290,51490
810825,440.5,445,436.25,441,18900,52460
810826,444.5,446.25,442,444.5,13295,53415
810827,443,443.5,439.5,441.5,11115,54325
810828,444,447,442.5,443.5,14840,54905
810831,444.5,444.5,439,441.75,16955,56425
810901,441.5,449.5,440,446.75,24065,56005
810902,447,448.5,444,444.75,15665,52165
810903,445,452,445,451.75,18865,50460
810904,451,451.5,446.5,447.25,16015,52015
810908,446,447.75,440,442.5,14585,51580
810909,443,446,440.5,444.75,8780,52265
810910,449,450.5,446,447.5,11425,52925
810911,446,449,444.5,447.25,9450,54620
810914,446.5,454,446,453.5,12525,57950
810915,453,459,451.5,454.5,20335,61370
810916,455,457,452,452.25,11065,61515
810917,451.5,453,445.5,449,16280,62200
810918,448,451.25,447.25,450.75,8790,64000
810921,450,454,448.75,453.75,11470,63035
810922,455,457,454,456.25,13110,63155
810923,454.5,455.5,452.75,453.75,14085,64915
810924,452.25,454.75,450.25,452.5,20480,67470
810925,451.5,451.5,447.5,449,17600,69420
810928,445.5,452,442.5,450,30140,72040
810929,451,454,451,452.75,19870,77030
810930,452,452.25,449.5,450,10215,78870
811001,451,452.5,447.25,447.75,12055,79670
811002,447.5,452.5,447.5,452.25,15380,83435
811005,458,459.25,454,454.25,26310,83670
811006,454.5,456.75,451.25,456.25,24900,85420
811007,455.5,457,454.5,455.75,11285,86035
811008,454.5,456.25,453.75,455,8290,88130
811009,455,455.75,453,454,11375,91265
811012,453.25,462,453.25,461.75,31005,97555
811013,461.5,467,459.5,466.5,21875,99255
811014,466,466.5,462.25,464.25,15555,101270
811015,464.5,464.5,458.5,458.75,26865,105985
811016,455.5,458.75,455.5,457.5,19320,109475
811019,456.5,459.25,455.5,457.5,14740,111235
811020,459.5,460,453,454.5,32865,107615
811021,453,459.5,453,458,32655,107770
811022,459,459,456,457,11120,107905
811023,460,465,460,464.75,43800,111915
811026,461,464,460,463.75,19355,111965
811027,466,467.75,462.25,463.75,43080,109440
811028,463,464.5,461.25,461.75,19395,112165
811029,463,464,459.5,461.5,25885,114280
811030,461.25,466,460,464.5,21730,116985
811102,466,469.5,465.5,467,30415,121275
811103,466.5,466.5,464,464.25,16255,122285
811104,464.5,464.75,462.25,462.75,33060,125320
811105,462.5,466,461.5,464.25,25125,131055
811106,464,467,462.5,464.5,38180,139845
811109,465.25,466,460,461.25,41180,147290
811110,460.5,461,456.75,456.75,55200,153410
811111,456,457.5,453,456.75,50805,158045
811112,458,461.75,457.25,461.5,32275,158430
811113,463,465,459.5,460,39940,164870
811116,458.5,464,457.5,461.75,59160,167270
811117,462,463,455.5,455.75,53900,173195
811118,456.5,457,448,449,96350,178290
811119,447,451,442.5,446.75,99515,176925
811120,447.5,448.5,442.75,443,53035,180570
811123,441.5,444,437,439,88285,177940
811124,439.5,440.75,433.5,434,74170,179455
811125,436,439.75,436,436.5,70100,190370
811127,436.5,441,436.25,441,71305,199150
811130,443,443,437,439.5,77010,202975
811201,438.5,443.5,435.25,438.75,90270,203925
811202,439.5,440.75,437.75,438.5,59765,204470
811203,438,441.5,436,440.75,77795,198780
811204,444,445,437.5,437.5,80940,194435
811207,433,433,421,421.5,122490,191065
811208,418,423,409.5,411.75,96840,187365
811209,415,418,411.75,412.75,84450,189675
811210,414,415.25,402,412,84315,182715
811211,414,416,410.5,413.75,53350,182440
811214,408.75,411.5,401,401.5,70290,183940
811215,403.5,404.75,391.5,395.5,86940,179960
811216,392,402,378.5,398.25,106150,175185
811217,397,406,397,401.5,50510,177155
811218,399.5,399.5,388.5,392.5,52375,174540
811221,390.5,390.5,382.5,382.75,44655,173900
811222,382,387,378.75,383.5,51090,170915
811223,378.5,381,376,376.25,46945,169855
811224,379,383.5,378,379.5,23475,170735
811228,380.5,394,380,393.25,37355,168780
811229,390,392,386.25,391,38805,166290
811230,390,391,386,390.75,24485,167305
811231,394,399,391,391.5,27405,161910
820104,392,395.5,389,390.75,32870,160330
820105,390,393,386,391,33760,160745
820106,392.5,402,392.5,401.5,53920,156735
820107,400.5,403.5,398.25,400.25,45510,155590
820108,401,405,397,402,56290,159705
820111,403,403.5,393.25,394,61800,159355
820112,392,393,383.75,389.5,70395,158185
820113,390,393,386.5,388.5,56665,159230
820114,390,391,386,389.75,35575,161595
820115,390.5,395,389.5,394,41740,160735
820118,394,395.75,390.25,391.5,35195,158545
820119,388.5,389.5,382,382.75,57600,154530
820120,385,385.75,379.25,385,46910,152285
820121,385.5,387.5,380,381.75,57580,155825
820122,381,382,377.5,378.75,39905,153365
820125,376.5,376.5,372.5,373.25,36870,154980
820126,372,374.5,368.75,373.5,82780,154805
820127,373.5,379.5,373,379.25,57350,151170
820128,378.5,381.5,374.5,375,43425,146495
820129,375,379,374.5,377,32370,144320
820201,376,385,372.75,381,67215,136835
820202,381,383.5,379,381.5,40750,133185
820203,380,381,377.25,378.25,28445,130490
820204,377,379.75,370,371.75,54015,125325
820205,371,371.75,368.75,370.5,32860,123590
820208,369,371.5,366,366.75,40755,123580
820209,366.5,370,365.5,365.5,44290,121630
820210,367,369,366.5,368.5,32690,116600
820211,370,374.75,369,369.75,45585,110425
820212,369,372,365.5,366.5,33755,106170
820216,366.5,366.5,359,362.25,37040,100490
820217,362.75,364.5,361.25,364,17445,91185
820218,364,365.5,361.5,361.75,21295,86240
820219,360,363.25,359,359,18355,83575
820222,362,362.5,354.5,355.25,21425,78900
820223,353.5,353.5,348.5,349.75,19495,72945
820224,349.75,352.5,348.5,348.5,28295,63935
820225,348.5,351,347,349,43380,50390
820226,348,356,348,356,24275,40020
820301,356.5,362.5,356.5,362.5,16890,34495
820302,363.25,365.75,359.25,364.75,14550,27740
820303,366,366,360,360,10170,22915
820304,358.75,360,357,359.25,5195,20130
820305,360,362,355.25,355.25,7045,17245
820308,353,354,350,350.75,6035,14120
820309,351,353,349,351.5,2455,12495
820310,353,355,350,350,6240,9180
820311,349,349,340,340.5,2005,7395
820312,339.5,340.75,337.5,337.5,2320,6005
820315,336.5,343,336.5,342.75,845,5495
820316,342.75,348.5,342.75,345,1405,4525
820317,349.5,352,348.5,350.75,1085,3900
820318,351,353,350.5,351,545,1660
820319,350,357,350,356,1345,825
820322,356,361.5,356,361.5,905,675
