810520,488.5,493,488.5,493,50,40
810521,490.5,491,485,486,145,190
810522,487,487,483.5,483.5,50,190
810526,482,489,482,489,535,510
810527,489.5,494.5,489.5,494.5,275,610
810528,497.5,497.5,489,489,435,860
810529,491,491,489,489,70,900
810601,490,490,481,481,70,940
810602,481.5,482.5,479,479,100,915
810603,479,479,473.5,476,660,1535
810604,476,479.5,474,477.5,1750,2320
810605,479,483,479,480.5,1140,3260
810608,485,486,478,478,35,3255
810609,480,483,478,483,75,3265
810610,487.5,493,487.5,490,430,3295
810611,488,488,484.5,485,435,3540
810612,485.5,490,484,486.5,140,3585
810615,488.5,493.5,488.5,488.5,855,3850
810616,487,488,485.5,486,440,4085
810617,483.5,486,483.5,486,205,4205
810618,483.5,486,483,483,265,4395
810619,482,483.5,480,480,495,4830
810622,480.5,484,475.5,475.5,105,4815
810623,475.5,476,470.5,470.5,670,5080
810624,470.5,472,468.5,468.5,630,5170
810625,467.5,468.5,462,462,800,5560
810626,461.5,465.5,461.5,463,1135,6160
810629,460,460.5,458,458.25,1020,6510
810630,457,467.5,457,463,295,6595
810701,463.5,470,463.5,469.5,230,6625
810702,471,472,468,472,510,6860
810706,469,483.5,467.5,483.5,445,7050
810707,482.5,486.5,480,481,440,7200
810708,489,497,486,493,1030,7675
810709,490,490.5,482,482,465,7855
810710,482,487.5,478,480.75,3470,9430
810713,482,482.5,475,477.5,790,9805
810714,472.5,475,471.5,474,385,9860
810715,473,477,471.75,476,725,10000
810716,476,477,475.25,476,120,10050
810717,476.5,480,476.5,478.75,315,10100
810720,471.5,474.5,470.5,471.5,1035,10550
810721,473.5,478.5,472,478.5,310,10650
810722,478,485.5,478,481,790,10755
810723,479.5,490.5,479.5,487.5,615,11135
810724,488.5,490.5,484,487,1095,11485
810727,487,490,480,486.75,825,11790
810728,485.5,491,484,488.75,3835,14175
810729,490.5,490.75,485.5,485.75,1145,14690
810730,485.5,487.5,482,482,720,14900
810731,483,485,482,482.75,715,15225
810803,479,485,478,485,980,15615
810804,485.5,489.5,484.5,489.25,2605,16550
810805,487.5,490,483.5,484,1375,16840
810806,486.5,488.5,485,488.5,4355,15600
810807,489.5,491.5,488,488.25,1500,15950
810810,485,485.5,473,476.5,1715,16450
810811,478.5,480,476.75,478.5,1470,16525
810812,479,483,479,480.75,2535,17685
810813,471,475,471,474.25,2860,18635
810814,479.5,480,474,479.75,3590,19855
810817,483.5,484,476,477.5,3510,20730
810818,477.5,478.5,473,474,2580,21000
810819,473,473,468.5,470,4695,22090
810820,471.5,471.5,465.5,466.25,3070,21960
810821,463.5,467,458,462,4515,22595
810824,459,459.5,451.5,451.75,3535,23630
810825,451,454.5,445.5,450.25,3035,23980
810826,453.5,454,450,453,3050,25130
810827,451.5,452,448,451,2360,25030
810828,452,455.25,450,450.5,4265,26140
810831,452.5,454,447.5,449.5,4165,26655
810901,449,455,449,451.75,5875,25940
810902,452,453.5,449,451,1665,25815
810903,452,457,452,457,2380,25655
810904,456.5,457,452,453,6155,27810
810908,452,453.5,447,450,4360,27455
810909,451.5,452.5,449,452.25,3520,28505
810910,455.5,456,452.75,454.25,1805,28725
810911,453,456.5,452,455,4515,29825
810914,454,460,454,458,8255,32905
810915,457.5,462,456.5,460,4425,33570
810916,460.5,461.5,457,457.75,3845,34555
810917,457,457.75,452.25,456,3465,34805
810918,455,457,453.25,456.5,1560,34875
810921,455,460,455,460,1590,35360
810922,461,463.75,459.5,462,2750,35585
810923,461.5,461.5,459,460,1420,36015
810924,456.5,459.75,455.5,457.5,2985,36495
810925,456,456.25,450.75,452.75,5635,37015
810928,446,453,445,451.5,6965,36280
810929,452.5,456.5,452.5,456.5,9480,38685
810930,455.5,456,454.5,455.5,2600,39425
811001,457,457.5,453,454.5,4190,39170
811002,454,457.5,454,457.5,2875,40370
811005,459.5,462.5,457.5,458.75,5845,40270
811006,458,460.5,455,458.75,3120,40265
811007,458,459,457.25,458.5,1695,40395
811008,457,458.5,456,457.25,1085,40560
811009,456.75,459,456.25,457.75,3565,41360
811012,459,466,459,465,7300,41530
811013,463,470,463,470,6540,41075
811014,470,470.5,467,470,7710,39715
811015,469.5,470,465,465,8610,43265
811016,463,464.75,462,463.5,1835,42945
811019,460.5,465.75,460.5,463.5,2440,42890
811020,465.5,466,460.5,462.75,5655,41930
811021,461.5,467.75,461.5,466.5,9265,44510
811022,466.5,467.75,464.75,467,1570,44895
811023,469,472.5,469,472.5,7950,44305
811026,469,470.5,466.75,468.75,4260,46465
811027,470,471,468.5,469.25,6220,45760
811028,469,470,466.75,467,3350,47735
811029,469,469,465.5,468,3785,47590
811030,467.5,471,467,470,2925,47740
811102,470,473,469.5,470.75,6650,48270
811103,469,470.25,468.5,469,2490,48940
811104,468.5,469,466.75,467.25,3320,50010
811105,466,469.5,466,467.75,8545,53100
811106,466,470,466,468.25,15640,54170
811109,469,470,464.5,464.75,3090,54995
811110,463,464.25,461.25,463,9650,55350
811111,461.5,463.75,460,463.25,13980,55320
811112,464,466.75,463,465.5,7190,56885
811113,468,468,463.5,463.75,7150,57030
811116,462.5,467.75,461.75,465.25,8425,59065
811117,465.5,466,460.25,460.25,8060,60450
811118,460,461.25,453.5,453.5,12635,62080
811119,454.5,456,448.75,453.25,15835,62730
811120,455,455,449.25,449.5,7925,62035
811123,448,449.75,443.5,445.75,15820,61330
811124,446,447.75,442,442.25,17460,63455
811125,443.5,448,443,443.75,18210,63055
811127,443.5,445,442.25,444.75,12055,63710
811130,445,445.5,441,443.25,10900,63135
811201,442.5,448.5,439.75,444.75,14815,64260
811202,444,445.75,442.25,442.5,10795,63595
811203,441,443.75,439,443.5,22345,63345
811204,445.5,445.5,440.5,440.75,12890,63895
811207,436,436.5,424,424.25,18685,64045
811208,422,424.5,411.5,413.25,17110,66255
811209,415.5,419,413.5,413.75,15930,67515
811210,415,416.5,405,414.5,17335,66885
811211,414.5,418.75,414,416.75,12895,67955
811214,410,417,406.75,408.25,17515,67840
811215,409.5,410.5,399,402.5,19860,67820
811216,399,409,387,404.75,21265,65240
811217,406,412,404.5,406.75,9340,64755
811218,405.5,405.5,396,401,14235,67285
811221,399,399,392.5,392.75,11730,65855
811222,390.5,396.5,388.5,393.75,15025,65785
811223,388,393,388,389.25,17935,69710
811224,392,395.5,390,393,9135,70985
811228,393.75,407.5,393.75,407.25,11650,71400
811229,402,404,398,403.25,17235,74890
811230,401,405.5,399,405.25,11845,76665
811231,406.75,411,406,408,8225,76505
820104,408,410,404.5,406.25,11705,75585
820105,404,405.5,401,404.75,9370,76540
820106,405,413,405,412.75,17610,79510
820107,411.5,414.5,409.5,412.25,11880,82225
820108,413,413.25,408,412.25,14825,84445
820111,413,413.5,404.5,404.75,15850,86990
820112,402.5,403.75,396.75,402.25,18825,89625
820113,402.5,404,397.5,400.25,11195,90505
820114,402,402.5,399,401.25,10305,91470
820115,402.5,407.5,401,407.25,16015,91500
820118,405.5,408,403,404.75,8730,94035
820119,401.5,402.5,396,398,14650,93655
820120,400.25,401,395,400.75,12715,93775
820121,401.5,404,397.5,397.75,16480,92570
820122,397.5,399.5,394.25,395.25,14380,92575
820125,393,393,390.5,391,10335,93435
820126,390,394,389.5,393.75,18165,93665
820127,394.5,401.5,394.5,401.25,20585,91795
820128,400.5,404.5,397,397.5,13295,91370
820129,398,402.75,397.5,399,13820,91815
820201,398.5,409,396.5,405.5,19195,91520
820202,405.5,407.5,403.25,405.75,10480,93285
820203,404,405,402,402.75,12990,92535
820204,402,404.5,397,398.5,21135,94870
820205,398,398.5,394.5,396.5,16055,94305
820208,394,396,390,391.75,13810,91625
820209,391,394,390,391,13870,92960
820210,393.5,394.75,391.5,393.75,11445,94085
820211,396.5,397.5,391.5,392,15405,96275
820212,391,393.5,387,388,19710,99580
820216,386.5,387.5,382,386.5,24285,102885
820217,388,390,387,389.5,22790,106140
820218,389,389.5,385,385.5,15995,104785
820219,384,386,381,381.5,12845,105740
820222,385,385,376.5,378.25,23615,108650
820223,376,376.5,373,374.25,23050,107600
820224,377,377.5,373.5,374,19195,106540
820225,377,377,372.5,374.5,27465,108170
820226,374,377.5,373,376.75,18285,108230
820301,376.5,379.5,376.5,379,21615,107715
820302,379.5,384,376.5,382.75,21150,104905
820303,382,383.75,379,379.25,21545,109300
820304,377,379,375.25,378.25,21380,108750
820305,378.5,379,372.5,372.75,25300,111490
820308,371.5,371.5,367,368.5,28285,112450
820309,368.5,370,367,368.5,23115,112010
820310,369.5,372.25,368.25,368.5,29735,110590
820311,367,367.5,364,364,32600,108015
820312,362.5,363.75,358.75,359,44705,106720
820315,358,365.5,357,365,32675,105015
820316,366,368,362.5,363.75,36785,103195
820317,367,376,365.5,368.25,44285,98920
820318,368,371.5,367,370,32925,96750
820319,369,372.5,367.5,372.25,26400,93050
820322,374.25,380.25,371.75,379.5,45300,89805
820323,380,381.5,376.25,379,51215,93045
820324,377.5,378.5,373.25,375.75,44110,98000
820325,373,375.5,371.5,372.5,31140,96510
820326,369,371.25,367.5,368.25,31645,100915
820329,367.5,374.5,365.5,373.25,36025,101250
820330,373,378,372.5,374.75,48410,101785
820331,374,376.5,373.25,376,22125,103230
820401,376,377.5,371.5,371.75,38230,105430
820402,372.25,376.5,370.5,375,37345,105170
820405,378,380.5,377.5,380.25,38860,104515
820406,379.5,382,377.5,378.75,38055,106420
820407,374.5,376.75,373.5,373.75,33875,106860
820408,374.25,381,374,375,36750,109675
820412,372,375,368,374.75,50855,112370
820413,377.5,384,377.25,379.5,63970,113000
820414,381.5,384,380.5,383.75,49375,117255
820415,382.5,387,382,386.75,68350,116595
820416,386,390,385.25,387.25,59840,123390
820419,386.5,387.5,382.5,386.75,49910,125845
820420,390,394,390,392,64735,122770
820421,392.5,392.5,388.5,388.75,39930,125365
820422,388,388,383.75,384,42380,127650
820423,386,389.5,386,388.25,37040,133350
820426,387,390.25,385,387,40855,132880
820427,385.5,385.75,382,382.5,46100,132140
820428,383,383.75,379,380.5,62920,133060
820429,378,382,376,380.75,56675,133250
820430,381.5,386,373,374.75,101720,135555
820503,375,376,371,372.75,60730,132695
820504,372,377.5,371,375.25,53540,130175
820505,374.5,376,368.75,369,59940,136080
820506,368,368,363.5,363.75,91820,133355
820507,364,364,358,358.5,79950,136705
820510,357,364,356.5,361.75,70235,136045
820511,363,364.75,357.5,361.5,67545,144575
820512,359.5,362.5,358,358.5,53245,143250
820513,357.5,360.75,356.5,358,50415,141850
820514,359,362.5,358.25,361.25,51515,137635
820517,361,364,360,362,39130,137530
820518,362.5,367,361.75,364.25,46440,137315
820519,365.75,366.75,364.25,366,32560,135875
820520,366.75,366.75,363.5,365.75,29875,138435
820521,365,366.25,360,360.25,45645,141835
820524,360,360,356.5,359.75,57650,138705
820525,359.5,359.75,355,355.25,62025,147430
820526,355.5,359.5,354.5,358.5,59545,142450
820527,358.5,359,354.25,354.5,33460,141210
820528,354.5,355.25,351,351.5,33615,139265
820601,349.5,349.5,346,347.75,43885,134365
820602,348,349.75,347,347.25,37315,133420
820603,349,351,346.25,346.25,41490,131660
820604,346,346,341.5,342,35140,131365
820607,342,349,341,348.25,47450,127930
820608,346.5,348,344.25,344.25,41165,124855
820609,343.5,347,342.25,343.5,43760,121140
820610,342.5,344.75,342.5,343.5,24605,116770
820611,346,353,346,350.25,59285,108280
820614,348,349,345,346.75,43855,107385
820615,347,347.5,344.25,346.75,33940,107620
820616,346,347.5,341,341.75,53810,97800
820617,338,339,335.25,337.75,50830,94065
820618,338.5,339,334.5,335,22005,92760
820621,336.5,343,332,338.75,47140,91085
820622,339,342.75,338.5,341.5,28880,85245
820623,341.5,344,338,340,29775,77825
820624,342,346,342,342,28190,74975
820625,344,349,341.75,345.25,24610,68920
820628,345.5,346.25,341.5,341.5,40165,53965
820629,341,344.5,340.25,341.25,49255,44855
820630,339,344,338.5,340,41335,28635
820701,341,351,341,349.25,34535,23390
820702,349.5,352,348.75,350,15890,17595
820706,350.5,350.5,339.5,339.5,9640,9280
820707,337.5,339,329.5,329.75,10155,6805
820708,331.5,334.75,331.5,331.75,3800,3640
820709,337,337,329.5,330.25,3220,3320
820712,332,335,329,329.5,3445,2825
820713,330,334.5,329.5,332.25,1850,2415
820714,333.5,338.25,333.25,337,1600,2045
820715,339,340,336.75,338.25,480,1565
820716,339,342.5,337.5,342,1470,985
820719,342.5,345.25,338,338.75,585,645
820720,338.75,340.5,337.5,339.75,815,840
820721,342.5,344.25,342.5,344.25,900,705
