820323,428,429.5,428,428,35,35
820324,427.5,427.5,423.5,424,110,105
820325,423.75,423.75,421.5,421.5,15,110
820326,420,421.5,419,419,10,115
820329,424,424,424,424,0,115
820330,425.5,427.5,424.75,425.5,120,205
820331,424,426.5,424,426.5,55,185
820401,427,427,425,425,10,190
820402,425,429,425,428.5,530,665
820405,431.25,432.5,431.25,432.5,10,675
820406,431.25,431.25,431.25,431.25,0,675
820407,426.5,426.5,426.5,426.5,0,675
820408,429,432,429,429,20,680
820412,424,427,423,427,565,1170
820413,433.75,433.75,428.5,431.5,35,1200
820414,433.5,434.5,432.5,434,25,1210
820415,435,437,435,437,110,1305
820416,439,439,435.5,438,10,1310
820419,437,437,437,437,0,1310
820420,441.5,444.25,439.5,444,105,1315
820421,442,443,440.5,441,195,1350
820422,438.25,439,437,438.5,100,1315
820423,440,443.5,440,443.5,1055,2315
820426,441,443.25,441,442,25,2315
820427,439,439,436.5,436.5,75,2390
820428,436.5,437,433.5,434.75,80,2450
820429,432,435.75,431.5,435.75,145,2530
820430,436.5,441.75,431,431,75,2535
820503,432,432,430,431.25,15,2535
820504,429.5,434.5,429.5,432.5,170,2680
820505,431,432.5,428,428,80,2735
820506,426,426,421,421,125,2750
820507,420.25,420.75,418,419.25,105,2785
820510,416,421.5,416,421.5,60,2775
820511,422.5,424,421.75,422.75,50,2790
820512,419,419,419,419,5,2785
820513,419,420,417.75,417.75,50,2810
820514,419,419,419,419,0,2810
820517,419,419.5,416.5,418,60,2845
820518,420,422.5,420,422.25,70,2880
820519,423.25,424,422.5,424,30,2900
820520,424,424,424,424,5,2905
820521,418.5,418.5,418.5,418.5,5,2910
820524,416,417.25,414.5,417.25,100,2960
820525,414,415,413,413.5,60,2965
820526,414,415,412.5,415,95,3000
820527,414.5,414.5,409.5,409.5,95,3065
820528,409.5,409.5,406.25,406.25,240,3045
820601,401,402,401,401.75,30,3060
820602,401.75,404.25,401.75,403,215,3085
820603,405,405.5,403.5,403.5,245,3115
820604,400.5,402,399,399,25,3125
820607,400.75,406.5,399.25,406.5,215,3300
820608,405.5,405.5,403.5,403.75,80,3225
820609,401.75,405,401.5,403.25,95,3195
820610,402.75,404,402.75,404,70,3215
820611,411,411,407,410.5,270,3110
820614,408,408.75,404.5,405.5,735,3505
820615,406.25,406.25,403.5,405,30,3500
820616,403,403,395,397,215,3630
820617,393,393,388.5,392.25,530,4020
820618,393.25,393.5,390.5,390.5,215,4140
820621,393.5,399.5,389,396,495,4475
820622,398,398.5,396,397,95,4490
820623,396.75,396.75,393,393,710,4545
820624,396.5,397.5,394,394.75,650,5065
820625,396.5,400,396.5,397.5,90,5120
820628,398,398.5,394,395,110,5090
820629,398.5,400,395.5,396.25,185,5155
820630,397.5,399,392.5,395,435,5205
820701,396,400.5,395.75,400,655,5670
820702,399,400,396.5,397.25,715,5770
820706,396,397,388.5,388.5,440,5780
820707,385,388,381,381,550,5785
820708,384,387.5,383.5,386,225,5755
820709,389.25,389.5,384.75,385,125,5725
820712,385.5,389.75,385,385.25,815,5250
820713,385,390.75,385,389.25,120,5260
820714,389.5,395,389.5,395,525,5305
820715,396,398,395.5,397.75,2235,4990
820716,397.75,401.75,396.5,401.25,560,5065
820719,403,403.5,396,396.5,650,4935
820720,395.25,399,395.25,399,470,5095
820721,401.5,402.5,399,399,225,5110
820722,397,398.5,393,396.25,785,5270
820723,397.5,398,391.5,395,790,5725
820726,392,398.75,392,398.75,845,5525
820727,398,401.75,398,399,1125,5815
820728,399.25,399.25,393,393,2045,6195
820729,391,396,389,394,2275,6430
820730,396,396,392,392,610,6330
820802,394.5,396,393.5,395.5,870,6140
820803,395,397,394.75,395.5,280,6095
820804,394.75,399,394,397,385,6115
820805,395,395.75,392.25,395,255,6135
820806,393,393.5,392,392,110,6205
820809,390,390,386,386,965,6505
820810,387.5,388.25,381.5,385.5,1680,6220
820811,384.5,387,384,386.5,440,6350
820812,377,386.5,374,386.25,1890,6555
820813,387,389.5,385.75,388.5,1545,6575
820816,392,392,381,382.5,485,6605
820817,381.5,386.5,380,386.5,585,6725
820818,394,394.5,388.25,390,3420,7295
820819,387.5,392,387.25,388.5,965,7100
820820,390.75,390.75,383.5,384.75,885,7050
820823,385,389.75,385,387.5,480,7120
820824,389.5,390,387,388.25,440,7150
820825,388.25,395.5,387.5,394.5,435,7270
820826,397.25,397.25,390.25,392,500,7230
820827,389.5,390.25,387.5,389,855,7440
820830,389,389,383.25,386.25,1255,7600
820831,386,386.25,382.25,383.25,1600,7525
820901,383,387.25,383,386,1305,7515
820902,388,389.25,386.25,387.75,680,7770
820903,390,390.5,382,382.75,1905,7790
820907,379.5,380.5,375.25,376.5,3120,8710
820908,375,379.25,374.75,376.75,810,8950
820909,377,379.75,377,378.75,565,9015
820910,377.5,378.5,373.5,373.75,2320,8995
820913,375.25,378.5,375.25,377.25,1025,8930
820914,378,380.75,376.5,378,1260,9690
820915,377.75,378.5,373,374,1990,9530
820916,375,375,368,371,2260,9760
820917,369,369.25,363,363,2660,10265
820920,359,364.5,356.25,361,2675,10505
820921,362,364.25,359,362.5,695,10310
820922,362.75,362.75,359.25,360,800,10300
820923,358,365.5,356.5,364.5,1860,10430
820924,363,369,362.5,369,2425,10950
820927,368,370,364,364.5,1655,10835
820928,365,366,357,358,2430,11290
820929,355,355.75,346.5,350.75,3235,10685
820930,351.5,354,349.25,349.5,1450,10630
821001,349,349,345.25,347,3455,11415
821004,344,348.5,343.75,346.25,1680,11520
821005,347.5,349.25,346.5,348.5,845,11370
821006,350,352,348,348.5,2505,11610
821007,351.5,354.25,350.75,353.25,2585,12405
821008,353,353,346.75,347.25,2020,12855
821011,349,352.25,346.5,350.25,1325,13085
821012,349,349.75,347.5,347.75,1255,12905
821013,344.5,347,340.5,346,3580,12805
821014,345.5,346,336,336,3290,13040
821015,337,341,335,336,4695,13025
821018,336.5,338.5,331.5,331.75,3960,12410
821019,335,335.25,330,330.5,2640,12325
821020,330.5,334.5,330,334.5,1630,12390
821021,335,336,327.25,329.25,4740,11890
821022,328,331.5,327.25,331.25,2530,12215
821025,328.5,331.25,328.5,330,1470,12080
821026,331,333.5,328.75,333.25,2335,12070
821027,333.5,334.5,330.75,333.5,1620,11390
821028,334.25,336,334,334.25,3255,11925
821029,333,339.25,333,337.75,2680,12945
821101,338.5,343.5,338.5,343.5,3340,13070
821103,345,348,343.5,344.5,6345,14785
821104,343,347.5,342,347.25,3970,15785
821105,344.5,354,344.5,353.75,6180,16785
821108,350,357,350,352.75,4580,17540
821109,352.25,354,348.25,351,1870,17550
821110,352.75,353.25,350,351.5,1460,17670
821111,349,354,349,349.5,3490,18480
821112,349.5,354,349.5,352.75,1885,18825
821115,350.5,354.5,350.5,354.5,2700,19355
821116,354,357.5,353.25,355,3010,19215
821117,356.5,357.5,350.5,351.25,2395,19475
821118,350,351.5,349,350.5,4945,20710
821119,353.25,355,351.25,354.75,3590,21515
821122,356.5,361.75,356,361.25,6655,22280
821123,361,365.25,358.25,365,7045,22965
821124,365.5,368.25,365.25,367,5515,22790
821126,367.5,367.5,360.25,360.5,5630,23040
821129,360.5,361,354.5,355.25,8665,23820
821130,355.5,356.5,351.5,353.75,11110,25190
821201,353,355,352.25,353.75,4240,25640
821202,353,355,346.5,346.75,12380,27285
821203,345.5,348.25,344,345.5,5670,27135
821206,345.75,348.75,345,348.5,5480,27925
821207,350.5,352,348,350.75,7840,27860
821208,348.5,351,347,349,4650,27855
821209,348,350.5,344.75,348.75,4755,27825
821210,347.5,348,341.5,341.75,7845,27645
821213,341,344.5,341,343.5,9025,26675
821214,345,345.5,338,338.75,8920,27365
821215,339,339.25,333.25,335.75,5655,28395
821216,335.5,337.75,335,335.25,3885,28805
821217,336,339,335,338.5,4785,29175
821220,337.5,343,337.5,341.5,3765,30010
821221,343,343.75,342,343,4030,30815
821222,342,342,338.75,339.75,3050,30900
821223,340.5,344,340.5,343,5190,30730
821227,343,345,341,343.75,2755,31125
821228,343.75,344.25,340.5,343.25,3215,31305
821229,343.75,343.75,341,341.5,2110,31455
821230,340.5,341.5,337.5,338.5,3680,31675
830103,337.5,337.75,332,332.25,12015,32495
830104,332,333.5,330.5,332.75,12975,32555
830105,333,337,332.25,336.75,9195,33760
830106,336,339.5,335.5,337.5,10335,34195
830107,338.5,339.75,338,338.75,12670,37430
830110,339,344,339,342.25,12465,38210
830111,343,343.5,339.5,342.75,8780,38795
830112,342.5,349.75,339,349.25,19190,37820
830113,349,353,348,352.75,16165,39665
830114,350,354.75,348.5,354.25,18160,40850
830117,356,356.75,348.5,350,13460,40790
830118,348.5,352,347.5,351.5,11295,43260
830119,348.5,350.25,344.25,344.75,26790,41695
830120,343,346.5,342,342.5,12115,40820
830121,338,343.5,338,342.25,16390,42135
830124,339,344,336.5,343.75,14955,42650
830125,345,345.5,339.5,341.5,18945,45875
830126,340.5,346,339.75,344.25,16140,46360
830127,345,345.75,343,344.5,8955,45045
830128,343.5,344.5,341,344.25,8170,45275
830131,343.5,352,343.5,351.5,15020,45385
830201,352,354.75,349.5,353.25,17370,45920
830202,352,353,349.25,352.5,18205,45785
830203,352,357,350.75,354,21775,46495
830204,354,354.5,351.75,352.5,6940,46795
830207,351.5,352.75,349.25,349.5,11355,47235
830208,349.25,350,347.25,348.25,11345,46170
830209,347.5,349.5,345.25,348,15145,46635
830210,350,356,350,353,16975,47495
830211,354,354.75,351.5,353,11870,48685
830214,353,361.5,352.5,361,30520,54795
830215,360.5,363.5,358.25,358.25,36565,59270
830216,358.5,359.5,356,356.5,18210,60345
830217,355.5,358.75,354.25,357.5,23230,64815
830218,360,360,355.5,355.75,20355,68800
830222,354,354,344,344.75,54020,69245
830223,344,347.75,342,343.75,40860,69130
830224,344,347.25,340,340.75,40070,74340
830225,340,342.5,335.5,336.25,60550,72905
830228,329,331,318.5,321.5,90765,76040
830301,324,327.5,324,325.25,41340,78025
830302,327.5,329,324.5,325.75,39480,79815
830303,326.5,328.25,325.25,327.25,23470,80645
830304,325,330,322.25,329.25,42925,81320
830307,328,329,326.25,327.5,20175,81420
830308,325,326.25,323.25,323.5,24995,83055
830309,324.5,328.5,323.75,328.25,26505,84960
830310,331,331.75,328.25,329,32425,82065
830311,326,328.75,325,326.75,22110,80275
830314,327.5,331.5,327.5,330.25,21615,80400
830315,331,334.25,329.5,330.75,28565,81785
830316,329.5,337,329,335.5,47795,76065
830317,336.5,343,336.5,342.75,44300,70970
830318,342,350,340.5,349.5,38440,66225
830321,350.5,355,348.5,354.5,43440,65515
830322,356,358,352.75,354.5,43825,63590
830323,369,370.5,363,366.5,46645,64220
830324,365.5,368.25,360,367,49925,70310
830325,365,366,360,360.25,23515,71985
830328,358.5,361.25,357,357.75,24695,72030
830329,359.5,361.5,356,359,24865,73050
830330,359.25,359.5,353.5,357.75,18915,69990
830331,358,364.5,357,360.25,26120,72730
830404,361.5,364.75,361.5,362.25,14160,72845
830405,362.5,364,359,362.25,18125,73260
830406,361.5,363,357.25,359,22550,71435
830407,358.25,364.5,357.75,364,16875,70345
830408,365,365.5,362,363.75,18240,67790
830411,366,366.25,353.25,353.75,26400,64500
830412,355,355.5,350.5,351,26440,59710
830413,349.5,352.25,346.25,349.75,26755,58150
830414,350.5,352.25,348.5,350.25,21110,53595
830415,350,353.5,348,349,12950,51100
830418,348.5,350,344,345.25,16320,48320
830419,343,347.5,340,341,26195,43610
830420,340.5,341.5,338.25,340.5,11250,42195
830421,340,346,340,342.75,6795,40390
830422,347,352.25,347,349,18145,39125
830425,349.5,350,347,347.25,6670,37190
830426,346.5,349.5,344.25,349.5,7545,34990
830427,351.5,353.5,348.5,350.75,14145,31770
830428,349.5,350,347.25,349,18935,28575
830429,349.5,351.5,349.25,351.25,13925,21270
830502,352.5,354.5,352.5,354,6855,17875
830503,354,358,352.75,356,8705,15130
830504,355.5,358.5,355,358.5,7690,11630
830505,360.5,360.5,352,354,5475,11395
830506,354.5,356,354,354.5,1445,11095
830509,353.75,356,353.5,354.5,2545,10310
830510,353.5,354.25,350.5,353.5,2025,8165
830511,348.25,349.75,343.25,344,3375,5740
830512,343.5,346.25,341.75,343.5,990,5400
830513,346,347,345.5,347,2880,2535
830516,346,346,344,344.25,945,2110
830517,345.75,348,345.75,347,1255,2280
830518,348,348.5,346.5,348.25,1395,1725
830519,349,349,346.5,346.75,1305,1575
