830323,420,423,417,417,115,65
830324,416,416,416,416,0,65
830325,412.5,412.5,412.5,412.5,0,65
830328,412.5,413.5,412,413,15,80
830329,413,413,413,413,0,80
830330,407.5,407.5,407.5,407.5,0,80
830331,407,407.5,407,407.5,25,75
830404,410,411,408.5,408.5,60,130
830405,406.75,410,406.5,408.5,70,150
830406,410.5,411.5,407.5,407.5,160,215
830407,412,412,412,412,5,220
830408,415,415,414.5,414.5,15,230
830411,407,407,407,407,10,240
830412,408,408,404.5,404.5,25,265
830413,404,405.5,403,405,15,270
830414,404.5,406,403.5,406,110,300
830415,403,403,402.5,402.75,360,450
830418,404.25,404.25,401,401.5,290,265
830419,403,403.5,398,398,255,465
830420,399,399,396,396.75,45,500
830421,402,402,398,398,30,510
830422,403.75,405.75,403.25,403.5,170,555
830425,402,402,402,402,0,555
830426,401.5,403.75,401.5,403.5,120,595
830427,402.5,406,402.5,402.5,75,640
830428,401.25,401.5,401.25,401.5,25,620
830429,401,401,399,399,255,710
830502,398.5,398.5,398.5,398.5,0,710
830503,397,402,397,400.5,110,775
830504,403,403,403,403,0,775
830505,401.5,401.5,401.5,401.5,0,775
830506,402,402,400.5,400.5,50,765
830509,402.5,402.5,402.5,402.5,0,765
830510,402,402,399,402,65,725
830511,397.75,398,393.5,393.5,55,750
830512,393.5,394,392,392.5,35,760
830513,395,395,393.5,393.5,165,865
830516,394,395.5,393,395.5,60,920
830517,395.5,395.5,395.5,395.5,5,925
830518,397.5,397.5,396,396.25,215,1045
830519,394.75,394.75,392,392,145,1005
830520,391.5,391.5,388,389.5,150,1030
830523,389.75,390.5,385.5,385.5,340,1060
830524,388.5,389.25,386.5,389.25,165,1205
830525,390.5,392,389.5,390,115,1280
830526,385,386.5,385,386,75,1280
830527,386,386,383,383.25,60,1270
830531,381.75,383.5,380.25,380.25,255,1315
830601,380.25,384.25,380.25,383.5,315,1225
830602,384,387.75,384,387.75,670,1800
830603,388,388,385.25,385.25,325,1965
830606,385,386.5,384.75,386.25,140,2010
830607,386.5,387,385,385,175,2145
830608,383.25,384,380.25,384,530,2420
830609,384,384,377,379,2350,3960
830610,377.75,379.5,377.75,378.5,710,3890
830613,378.5,379.75,377.25,379.75,540,4275
830614,378.75,381.5,378.5,378.75,1580,5300
830615,378.5,379.5,377,377,1550,6035
830616,379,384,379,383.5,550,6450
830617,384,384.75,382.25,382.75,570,6475
830620,382,384.25,382,383,165,6470
830621,383.75,385.5,383,385.5,915,6765
830622,387,387.5,384.25,385.5,1385,6655
830623,386,386,382.5,383,830,6745
830624,382.5,384.75,382,382.5,425,6820
830627,381.75,381.75,376.75,377.75,885,7080
830628,376,380.75,375.75,380,310,7040
830629,380.5,381.75,376,377.25,1885,8010
830630,386,386,379.5,379.5,480,8035
830701,380,382.25,374,375.25,950,8280
830705,373,375.25,372.5,372.5,990,8410
830706,375,379.5,375,379.5,410,8345
830707,377.5,379.5,376.75,377,265,8350
830708,375,375.75,373.25,373.25,410,8455
830711,377,381,375.5,375.5,275,8475
830712,377,377,373.75,374,745,8540
830713,374.25,377.75,374,375.25,520,8750
830714,375.75,379,375,375,640,9145
830715,376,377.75,375.5,377.75,685,9365
830718,381,382,380,381,1135,9590
830719,381.5,382.5,378.5,379.25,1040,9870
830720,384,397,383.25,395.25,1240,9895
830721,401.25,401.25,388,393.25,1535,10035
830722,397.5,397.5,391.75,391.75,660,10415
830725,385,390.5,384.5,390,680,10540
830726,394.75,395,389.5,393.25,1120,10705
830727,391.5,392.5,391.25,391.5,285,10750
830728,397,399.25,396,398.75,740,10870
830729,397,398.5,394.75,398,2525,11670
830801,397.5,405,397,404,2520,12095
830802,403.75,404.5,398.75,399,2090,12615
830803,400,403.5,397,402.25,4915,14605
830804,402,403.5,399.25,400.25,1215,14660
830805,398.75,406,398.5,401.75,1055,14765
830808,404,405,399,400.25,860,14925
830809,401.5,403.25,400.5,401.5,1225,14965
830810,403,413.75,402.5,410.5,3160,15485
830811,409.5,411.75,408.25,408.75,880,15690
830812,408,411.25,404.75,408,4660,15465
830815,411.5,421,410.5,421,1260,15740
830816,426.5,436.5,407,419.5,2250,15615
830817,418.5,423,416.25,420,1665,15505
830818,419.5,421.5,410.5,415.5,3050,15635
830819,413,418,413,414.75,2005,16220
830822,427.5,434.75,427.5,434.75,2785,16890
830823,440.5,441,427,428.5,3825,17100
830824,425,433.5,425,428,2860,17545
830825,437.5,438,426.5,427.25,1765,18075
830826,423,429.5,422,429.5,2660,18485
830829,428.5,435,425.5,431.5,4345,19090
830830,429,430.5,420.5,424.75,2750,18265
830831,426,431.5,423,431.25,2860,18485
830901,431.5,432,421,426.25,2680,18645
830902,428.5,429,423.5,425.5,1505,18660
830906,427,427,421.5,425,1590,18430
830907,426,427,422.75,423.75,2395,19095
830908,422.5,425,421,425,2665,19215
830909,427,430,427,428.25,1520,19180
830912,427,427,422,423.5,1810,18995
830913,426,427.5,413,413,3110,19015
830914,413,414.5,408,408,3925,19415
830915,406,410.5,401,402,2795,18650
830916,403.5,406.5,401,404.5,2100,18720
830919,405.5,410.5,405,409.5,1410,19480
830920,410,410,404.75,406.75,1190,19625
830921,417.5,418.5,412.5,412.5,2740,20225
830922,408,408,402.5,402.75,1535,20055
830923,403,403.5,393.75,396.25,1665,19945
830926,392.5,396.5,390.25,396,3280,20415
830927,397,398.75,395,398.25,1815,20365
830928,398.75,398.75,392,392,1285,20730
830929,391,391,386,390,1900,20625
830930,392.5,392.5,387,390.5,1385,20345
831003,388,390.5,386.5,390.5,1045,20175
831004,390,390.25,387.5,387.75,1045,20230
831005,386.5,389,386,389,1030,19920
831006,390,392.5,388.75,391.25,1730,20505
831007,391,391.5,385.75,387,1325,20610
831010,385,385.5,381,383.75,1860,20745
831011,384,384.5,382,382.5,1655,20585
831012,382.25,382.25,379.25,379.5,2410,20730
831013,384,386,381.5,383.75,3350,21720
831014,383.5,384.5,382.5,383.5,3615,21845
831017,382,384,380.25,383.5,2070,21980
831018,383,387,382.75,386.5,3705,21865
831019,385.75,386.25,383,383.5,1710,21935
831020,382.75,383,375.5,376,7330,21850
831021,378,379.75,374.75,378.75,2705,22585
831024,378.75,378.75,375.75,376,2155,22640
831025,381,381,378,378,4005,23580
831026,378,379,367,371.5,4725,23340
831027,369,372.25,364.75,369.75,5255,23330
831028,369.75,372,369.5,371.5,4255,22855
831031,370.5,372.5,367.5,369.5,4230,23615
831101,368.5,369.5,364.5,367,4630,23280
831102,368.5,369.75,367.5,368.75,4070,23310
831103,366.5,369.5,364.75,369,2680,23550
831104,368.5,372.5,368.25,372.25,3465,24905
831107,371.5,375,371.5,374.75,5180,24965
831108,374.5,375.5,373,375.25,3915,24620
831109,375,376,373.75,373.75,2435,25075
831110,372.75,373.25,370.5,372.25,3160,25655
831111,371.25,371.25,365.75,366.25,5815,25525
831114,365.25,365.5,360.5,363,3385,25730
831115,363.25,364,361.75,363,2980,26000
831116,362.25,362.5,351.75,357.25,9750,27300
831117,357.25,359,353,357,4650,26350
831118,357,357,355,355,2780,26060
831121,354.5,354.5,351,351.25,6320,25920
831122,353.5,354,347.5,349.5,6475,26275
831123,350,354,348.5,354,4595,27445
831125,355.75,358,355.75,356.5,3285,27850
831128,359,359,353,353.75,5550,28350
831129,354.25,355.5,352.25,354.75,6620,30055
831130,356.75,357,354.25,355,7670,30920
831201,356.5,358,355.5,358,7625,32655
831202,356.5,358.5,356,358,3955,33070
831205,355.5,355.5,352,354.25,3320,33785
831206,356,356,350,350.25,5320,33320
831207,349.75,351.5,349.5,351.5,2490,33300
831208,353,356,352,352.25,7145,34600
831209,352,353,349.5,352,4140,34140
831212,352.5,352.75,351,351.25,3675,34580
831213,350.75,350.75,347,348,5775,34155
831214,347,350.75,347,349.75,5920,34585
831215,350.5,351.25,349.5,349.75,2955,34805
831216,349.75,353.75,349,353.5,4660,36050
831219,354.75,357.5,353.5,357,5965,36475
831220,358.75,359,355.75,358.5,6125,35980
831221,358.5,359,356,356.5,3885,36280
831222,356.5,357.25,355,355.5,8455,40975
831223,359,359,356.75,358,6670,43470
831227,360,364,358.75,362.75,6185,44100
831228,364,365.5,362.25,365,6850,45165
831229,364.5,365.25,360.5,360.5,6115,46255
831230,360,361,359.5,360.5,2230,46740
840103,357,357.5,350.5,351,11520,46670
840104,349,352.75,348.5,351.75,6545,45790
840105,352.5,355,351.5,354.75,8325,46240
840106,354.5,354.5,352.25,353.5,5980,46755
840109,352,355,350.75,353,10350,46475
840110,354.5,356,354.5,355.75,4500,47010
840111,355,356.25,354.5,356,4680,47700
840112,356.25,358.25,356,357.75,5365,48805
840113,359,359,356.5,357,3675,48825
840116,349.5,352.5,349,352.5,8980,47610
840117,352,353.5,350.5,352.5,9435,47935
840118,353,353.25,347.75,348,17730,49065
840119,349,350,343.5,344.75,19525,48165
840120,343.75,344.5,340,340.25,13310,48155
840123,340,345.75,340,345.5,6665,48465
840124,351.5,352,347.5,347.75,18920,51645
840125,346,346,340.5,341.5,18255,51890
840126,340.25,340.25,331,333.75,19295,51865
840127,336,337.25,330.5,331.25,9685,52600
840130,332.5,334.75,329.75,334.75,7880,51595
840131,335.25,335.5,333.75,334,7090,49495
840201,334,337.75,333.75,337.75,7960,49335
840202,339.5,339.75,337,337.75,5330,48365
840203,336.5,338.75,336,338.25,6995,46110
840206,335.5,336.75,333,334.75,11295,41785
840207,334.25,335.5,333.25,333.75,7100,40295
840208,333,336.5,332.5,334.5,7585,42135
840209,336,336,330,332.75,10570,42460
840210,332.5,332.75,327.5,328.75,8550,44230
840213,327,328,326.5,326.75,11085,43320
840214,327,327.75,324.5,327.5,11680,46125
840215,328,330.5,328,330.25,10370,47755
840216,329,331.75,329,331.75,10315,49705
840217,331.5,334.75,331,331.75,17460,52745
840221,330.5,331,327.75,328.25,10960,54150
840222,329.5,333,329.5,330.75,16960,58420
840223,329.75,330.5,327.5,329.5,17040,61915
840224,330,330.75,329,330.25,7960,63445
840227,329.75,331.25,328,330.75,9835,66130
840228,331.5,331.5,326.75,327,24110,70660
840229,326,332,325,331.25,31725,75310
840301,330.5,336.5,330,336.25,29415,76650
840302,338.5,342.5,338,342.25,29785,76600
840305,347,349.5,341.25,349.25,38140,78420
840306,347,354.5,347,353.25,33320,74140
840307,347.5,352,346.5,352,25705,76075
840308,349,349.75,346,349.5,20205,75780
840309,349.25,355,349.25,354.5,26845,76250
840312,352,354,349,349.25,20485,73695
840313,349.5,350.5,347,348,17615,74720
840314,347,351,346.75,350.25,24910,75040
840315,351,358,350.5,356.75,32925,79490
840316,357.5,357.5,351.5,353,22165,76480
840319,352,352,349,350.5,13095,73440
840320,349.5,352,344.5,349.75,36080,70425
840321,349.75,355,348.75,352.75,18590,71155
840322,351.5,362.75,351,361.25,44155,69100
840323,362.5,362.5,358.5,361,19515,68705
840326,363.5,367,362.5,366,29605,66160
840327,366,366.5,360,360.5,35090,60675
840328,359.5,361,356.75,359,21260,60790
840329,360,364,358.5,362.75,15920,58895
840330,362,375,362,374,34855,62255
840402,371.5,376,370,370.25,20550,60825
840403,371,375,369.25,374.75,14065,58270
840404,376.5,380,376.5,377.25,19825,58715
840405,374,374,367,368.5,26735,54995
840406,368,368.5,363,366.5,19735,55515
840409,369.5,371.5,368,370,11840,54820
840410,368.5,368.75,364.5,367.25,18815,51010
840411,367,368.75,363.5,364,13845,49865
840412,362.5,370,361.5,368.75,21155,48480
840413,367.5,373.5,367.5,372.75,19880,45665
840416,371.75,373.75,366,368,16140,43815
840417,368.5,368.75,365,365.25,9755,43420
840418,364,370,363.5,368,10885,42640
840419,368,372,367.25,371,8495,41380
840423,373,373.5,369.75,371.75,14300,38900
840424,368.75,369.5,363.5,364.25,12790,34990
840425,363.5,365,357.5,357.75,16845,32280
840426,357.5,358,354,356.5,17310,26050
840427,356,360.75,356,357.5,13325,22945
840430,356.5,359.75,349.5,350.75,6825,19215
840501,350,354.5,348.5,353.25,7225,17850
840502,356,359.5,355.5,359.25,3440,16530
840503,357.75,359.5,355.75,356,3535,15570
840504,356,360.75,356,359.5,3600,15390
840507,358.5,362,356.5,361.5,3480,13240
840508,363.5,369.5,363,368,6825,10480
840509,367.75,370,366.5,368.5,3415,9075
840510,369.5,370,365.5,366.5,2820,8350
840511,369.25,369.25,359.75,360.5,1930,7455
840514,359,359,351.5,356,2170,7405
840515,355,360,354,360,1815,6915
840516,358,364,357.5,364,2935,4915
840517,364.75,376.5,364.75,371,3275,2730
840518,371.5,383,371,383,1815,1495
840521,387,397,385,396.5,1145,580
