841224,351,351,349,349,5,5
841226,349.75,349.75,349.75,349.75,0,5
841227,349.75,349.75,349.75,349.75,105,100
841228,348.5,350,348.5,350,10,100
841231,350.5,350.5,350.5,350.5,0,100
850102,351,351,351,351,105,150
850103,349.5,349.5,348.5,348.5,15,160
850104,348.5,348.5,346,346,85,220
850107,345.5,346.75,344,346,80,295
850108,342,342,342,342,0,295
850109,343,343.5,343,343,10,300
850110,343,343.5,343,343.5,100,370
850111,345.5,345.5,345.5,345.5,0,370
850114,347,347,346.75,346.75,50,370
850115,349,349,349,349,0,370
850116,349,349,349,349,0,370
850117,349.5,349.5,349.5,349.5,0,370
850118,349,349,348.75,348.75,25,370
850121,348.75,348.75,348.75,348.75,0,370
850122,349,349,349,349,0,370
850123,349.5,349.5,349.5,349.5,0,370
850124,348,348,348,348,0,370
850125,346.5,348,346.5,348,50,420
850128,347,347,347,347,0,420
850129,348,348,348,348,0,420
850130,348.5,348.5,348.5,348.5,0,420
850131,348.5,348.5,348.5,348.5,0,420
850201,348.75,348.75,348.75,348.75,0,420
850204,352,352,352,352,0,420
850205,352,352.5,352,352.25,595,840
850206,352,352.25,351.75,352,720,1400
850207,352,352,351.5,352,185,1515
850208,351.5,352,351.25,352,135,1640
850211,352,353.5,352,353.5,10,1635
850212,352.5,352.5,352.5,352.5,0,1635
850213,350,351.5,350,350.5,15,1630
850214,347.75,348.5,347,347.5,50,1675
850215,347,348,347,347.25,450,1900
850219,343.5,344,343.5,344,15,1885
850220,343,344,343,344,30,1900
850221,344,344.25,344,344,140,1885
850222,344,345.5,344,345.25,565,2345
850225,340.5,341.25,340.5,341.25,15,2335
850226,342.25,342.25,342.25,342.25,0,2335
850227,343,343.25,340.5,340.5,15,2335
850228,341,342.5,341,342.5,30,2345
850301,343,343,341.5,343,55,2330
850304,342.25,342.25,342.25,342.25,0,2330
850305,341,342.5,341,342.5,100,2330
850306,344,345,344,344.75,230,2530
850307,345,345,345,345,0,2530
850308,344.5,344.5,344.5,344.5,10,2530
850311,344,345,344,345,50,2585
850312,342,342,342,342,0,2585
850313,342,343.5,342,343.5,5,2580
850314,344.75,345.75,344.5,345.75,45,2605
850315,346.25,348.5,346.25,348.25,45,2650
850318,347.5,348.5,347,348.5,240,2550
850319,348.5,350,348.5,350,250,2690
850320,348,348,348,348,0,2690
850321,348,348.75,348,348.25,205,2740
850322,348,351,348,351,50,2775
850325,352.5,352.75,351.75,352,100,2875
850326,352,352,349.5,351,20,2875
850327,352,352,350,350.5,420,3100
850328,349,350.5,349,349.75,240,3230
850329,350.5,353,350,352,90,3260
850401,350,351,350,351,85,3320
850402,351,351.75,351,351.5,5,3325
850403,352,353,350.5,351.25,610,3895
850404,351,352.25,351,352.25,140,4000
850408,351.75,354.75,351.75,352.5,365,4030
850409,351.75,353.5,351,353.25,55,4085
850410,353,353.5,352.5,353,865,3520
850411,354.5,354.75,353.5,354.25,205,3640
850412,353.5,353.5,353,353,10,3640
850415,350.5,350.5,349,349,30,3665
850416,349.75,351,349,349.5,115,3710
850417,348.5,348.5,346.5,347.5,825,4220
850418,347.5,349,347,347,40,4240
850419,346.75,347.75,346,346.75,260,4320
850422,348,349.5,348,349.5,30,4305
850423,348.75,349,347.25,347.25,65,4355
850424,346,349,346,347.5,450,4255
850425,344.5,346.5,343.25,343.25,1035,4340
850426,343,343,338.5,338.5,585,4540
850429,340.75,341,340,341,225,4495
850430,340.75,342.25,340.75,341.75,95,4560
850501,340.25,340.25,340.25,340.25,0,4560
850502,339.75,341,336,336,920,4535
850503,338,338,336.25,336.75,175,4535
850506,337,338.5,337,338,55,4560
850507,339.5,340,336.5,340,75,4595
850508,338.75,340.5,338.5,339,70,4600
850509,340.25,340.75,338,339,60,4610
850510,338,340,337.25,339.5,340,4840
850513,338,340,338,340,50,4835
850514,338,338,337.25,337.25,125,4960
850515,336.75,337.5,336,336.75,125,4965
850516,335.75,336,334,334.5,215,4990
850517,334,335,332.75,333.5,170,5120
850520,333.5,334.5,331,334.5,60,5100
850521,332.5,333.25,332,333,775,5460
850522,335,337,334,336,2070,6670
850523,336.25,336.5,335.25,336,715,6795
850524,335.5,335.5,334,335,1040,7215
850528,333,333.5,329.75,330,675,7560
850529,330,330.75,327.25,327.75,1580,8240
850530,328.25,329.5,327.75,328.25,1020,8535
850531,329,329.25,327.5,329,1520,8790
850603,329.5,330,328.75,330,1320,8555
850604,329.75,331.5,329.25,331.5,2635,8935
850605,332.5,333.75,332.25,333,1245,8910
850606,333,333.75,331.25,332,1115,9255
850607,332,333,331,331.25,470,9365
850610,330.5,332,330,331.5,395,9575
850611,332.25,334.5,331.75,333,1220,10210
850612,333,337.75,333,337,1245,10410
850613,336.25,338.5,335.25,336.25,1210,10655
850614,336.75,337.25,335.25,335.75,600,10740
850617,335,335.75,334.25,334.75,795,10910
850618,335.5,335.75,333.75,334.5,500,10910
850619,334,334.5,332.75,332.75,850,11025
850620,332.25,335.75,332.25,335.5,1045,11020
850621,335.25,335.25,331,331,520,10970
850624,330,331,329.75,330.5,585,11095
850625,330.5,332,330,330.5,1025,10990
850626,330,331,328.5,328.75,685,11150
850627,327.75,330.25,327.75,328.75,1345,11290
850628,328,329,326,326.25,545,11265
850701,326,327.5,324.5,325.75,1395,11655
850702,325.5,326,324,324,530,11335
850703,324.75,325,322,322,1040,11695
850705,323,327.5,323,326,1420,12235
850708,326,326.25,324.25,324.25,1050,12435
850709,324,326,323.25,324,2470,12800
850710,324.5,325.5,323,323.5,1520,13430
850711,323.75,324.25,321.75,322,1795,13870
850712,324,324,322,322.25,2190,14200
850715,321.5,322.25,317.25,318,2790,15370
850716,318.25,319,313.5,313.5,2125,15685
850717,314.5,316,312.75,314.75,1540,16040
850718,314,316.5,313.25,314,4545,17050
850719,313.5,314.25,312.75,313,2365,16060
850722,313.5,315.25,313,313.5,2400,15950
850723,314.25,314.75,308.5,308.5,4185,17330
850724,307,308.25,301,301.5,2520,16615
850725,301.5,307,301.5,306.75,5080,17535
850726,307,307,302.5,303.75,4255,17430
850729,304,308,302.75,303.25,2930,17740
850730,304,305,301,301.75,2840,18180
850731,303.75,304,296.25,302,4615,18815
850801,301,303.75,299.25,301.5,8400,19760
850802,301.5,302.25,297,298.25,8130,19575
850805,297.5,298.25,293.5,297.75,3680,21130
850806,296.5,299,295.5,298.75,6350,22030
850807,299.5,303.5,299.25,302,7570,23255
850808,301.5,302,296.25,298.25,6435,22850
850809,297,302.5,295.75,301.75,7605,23820
850812,301,305.75,300.5,304.75,3990,24525
850813,306.75,308.75,305.25,308.5,6940,25460
850814,307.5,311.75,307.25,311,5165,26490
850815,312.5,315.75,310.75,315.75,4990,27745
850816,314,314,310.5,311.5,2905,27985
850819,309.5,309.75,307.5,307.75,5295,28430
850820,306.5,306.5,300,300.75,5755,27975
850821,302,305.5,301,304,9365,27715
850822,304,304.5,301,304.5,8585,28910
850823,304,304.5,300.5,300.5,2955,28215
850826,300,300.5,295.75,295.75,7655,28935
850827,295,296,292.75,293,7780,30140
850828,293.25,294,289.75,289.75,9735,31160
850829,288.5,291.25,287,290.25,10820,32280
850830,291,296,289.75,294.5,6205,32390
850903,294,298,292.5,293.25,8215,31750
850904,294,296,289.25,295.75,9165,30425
850905,295.5,301.5,294.25,299.5,11590,27280
850906,297,299.5,296.5,299,4885,26765
850909,296,299.5,292,292.25,6760,26115
850910,292.5,295.5,290.75,294,5110,27145
850911,295,298,293.5,295.75,3620,27260
850912,295.75,301,295.75,301,8870,26180
850913,300,300.75,298.25,298.5,5160,26525
850916,298,301.25,296.75,301.25,4210,25920
850917,300.75,305,300.25,302.75,5540,25330
850918,302.75,303,299.25,299.75,7220,25950
850919,299.5,299.75,295.5,295.75,6090,25005
850920,296.25,296.5,290.75,291.75,11665,25810
850923,295,297.75,293.75,296.5,5710,24405
850924,295,304.5,294,304.25,9995,23435
850925,302.5,308.75,302.5,306.25,13040,24925
850926,305.5,306.25,302,305.5,12645,26810
850927,303,308,302.5,307.75,6535,28565
850930,306,308.5,303.25,304.25,9860,30680
851001,305,308,303.75,307.25,4975,31220
851002,308.5,309,304,304,5715,31425
851003,304,304.5,301.75,302,3560,31070
851004,303,303.5,299.5,301,6135,31510
851007,299.5,301.25,297.75,300.5,5870,31620
851008,303,309.25,302.75,308.5,9070,33160
851009,307.5,311,305.75,310.5,16610,36720
851010,312.5,313,308.75,310,9425,37795
851011,309.25,312.25,307.25,310.25,13400,36405
851014,310,311,307.5,310.75,7070,37275
851015,310,313,309.25,310.25,6780,38575
851016,309.25,314,309,312.5,17805,39260
851017,313,321.75,313,320.75,23400,41815
851018,320.5,321.5,318.5,320,10520,40270
851021,320.25,321,317.5,320.75,5555,42110
851022,321,325,320.25,323.75,10310,42575
851023,322.5,325,322,322.5,8285,42285
851024,321.75,324.75,321.25,323.75,8235,44520
851025,323,326.5,322.5,326.25,7960,42805
851028,326,329.25,323.5,324,14305,41235
851029,323.5,325.25,322.5,324.25,8540,40310
851030,324,324.25,321,322.75,8265,41010
851031,326,330,325,328,15415,38210
851101,327.25,329,325.75,328.75,7360,38320
851104,327.75,331,327.5,329.5,5330,38275
851105,328.5,329.5,326.5,329.25,8280,37970
851106,328.5,330.25,327.25,329.5,10060,39905
851107,329,330.5,328,329.75,10665,41135
851108,329,332.75,329,331.25,8185,41325
851111,332,334.5,330.75,334.25,4095,41730
851112,334,335.5,333,335.25,10055,43385
851113,337,341,337,340,29780,45295
851114,339,339.75,337.25,338,8975,45510
851115,337,340,334.5,339.5,16790,49180
851118,338.5,339.75,336,337,11975,49025
851119,339.5,343,337.5,340,22855,50175
851120,341,341.75,338,339.75,18145,51005
851121,337.5,337.5,334.5,336.25,17905,53905
851122,336,336.25,330.5,331.75,24610,55920
851125,331,331.5,324.5,327.75,27470,57860
851126,328.5,329,325.25,327.25,17420,59870
851127,327.5,328.5,326.5,328.25,26050,67890
851129,328.5,335,328.5,334.75,20835,69060
851202,335.25,337.75,332,337.5,18810,69830
851203,337,342.5,336.5,341.75,37570,73930
851204,343.5,345,338.5,344.75,31740,73645
851205,343,346,341,342,26045,75470
851206,343,348,343,343.75,33865,78205
851209,345,346.25,340.5,341.25,25270,79170
851210,342,343,338.75,342,17775,78580
851211,343,346,341.75,345.75,19620,80985
851212,347,348,341.5,345.25,24840,81345
851213,344.5,346.75,341.5,344.25,21300,81080
851216,343,348,342.75,346.25,18915,80485
851217,346.75,347,342.5,344.5,17825,80235
851218,343.5,344.5,336.5,338.25,43025,82695
851219,337.5,343,337.5,342.75,24730,84990
851220,342,342,338.5,341.5,20970,84230
851223,341,341.5,337.5,337.75,11880,83735
851224,337,339,335.5,338.75,14335,86215
851226,342,345,340.25,344.5,31040,87350
851227,344,346.5,342.5,346.25,20005,85635
851230,346.25,347,343,345.25,11080,84600
851231,345.25,346,343,343.25,9350,83450
860102,341,342.5,338.75,339.5,19600,81635
860103,336.5,337.5,330,330.25,58215,80370
860106,331,333.5,328,331.75,32625,78645
860107,334,335.5,333,334.25,23020,81300
860108,334,334.75,331.75,333,14360,81045
860109,332.5,336,331,335.25,19530,79150
860110,335,337,334.5,336.75,17070,77240
860113,336,336.25,322,325,42480,82425
860114,325,327,318,324.5,41440,86040
860115,326.5,328.25,322,323.5,26380,87070
860116,325.25,329,323.25,327.25,27235,86355
860117,326.75,328.75,324,327.25,19415,85795
860120,326,326.5,323.25,325,10725,85395
860121,324.5,324.5,317,317.75,29310,80460
860122,318,322.5,315.75,322,32380,79260
860123,323.5,326,322.5,325.75,22120,81170
860124,327,327,317.5,317.75,26950,78840
860127,315,323.75,315,317.34,21180,76205
860128,322.25,326,322.25,325.25,21565,74835
860129,326.5,327,320.5,324.25,18710,75800
860130,327,329,325,328.75,29950,74010
860131,328,328.75,324.5,327.25,14855,72580
860203,326,326,321,322.25,14855,71910
860204,320.25,324.5,320,324.25,13025,71630
860205,324.5,328,322.75,326.5,17250,71085
860206,326,327.75,321.5,322.75,15500,69520
860207,321.5,325.75,320.75,324.75,13065,69460
860210,324.75,326.5,322.5,326.25,8705,68380
860211,326.5,334.5,324.25,333.75,51030,62160
860212,334.5,336,331.75,332,24440,54165
860213,334,335.5,331.75,335.5,16350,52775
860214,335,335.5,329.5,330.5,20875,50075
860218,330,336.25,329.75,336,19515,47955
860219,336.5,337.5,325.5,326,32585,40315
860220,328,333,328,331.75,10265,37945
860221,332.5,335,329.5,333.75,11070,35200
860224,333.5,335,330,334.75,5930,33845
860225,336.5,337,332,333.25,9655,32620
860226,333.5,335,332,334.75,12230,31130
860227,334.5,339,334.5,337.5,8815,29840
860228,338,339.5,335.5,337,4840,28415
860303,337,340,335.75,339.75,3900,26605
860304,341,345,339.5,341.25,8490,22385
860305,340.5,342.5,340,341,2785,21120
860306,342,346.5,342,344.5,4715,19375
860307,346,350.75,344.5,347.75,6505,16900
860310,349.5,351,347.5,351,2430,15535
860311,351,352,346.5,347,3170,13730
860312,347.5,350.5,345,348,2465,12605
860313,348,348,342.5,347.75,1880,11755
860314,348.75,352,346.75,350.25,3205,10180
860317,351.5,353,348.75,349,2415,8560
860318,349.25,359.25,349.25,358,5925,4610
860319,359,371,357,370,5650,235
