890522,380,385,380,383.5,40,40
890523,383,383.5,380.5,380.5,265,240
890524,377.5,380,375,378,225,415
890525,378,379.5,372,372,195,585
890526,372,372,369,369.5,260,695
890530,365,371.5,365,370.5,660,1110
890531,372,373,369.5,370.5,440,1285
890601,367,370,365,369.5,365,1500
890602,369,370,368,369.5,735,1845
890605,366,376,366,376,670,2230
890606,370,374,370,371,720,2905
890607,370,371,368,369.5,375,3150
890608,368,370,367.5,368.5,705,3565
890609,368.5,371,368.5,371,760,4030
890612,371,372,369,369.25,450,4295
890613,370,370,370,370,410,4510
890614,370,372.5,370,371,995,4995
890615,371,371.5,368.5,368.75,365,5195
890616,370,372.5,368.5,372,605,5535
890619,374.5,376,372,373,710,5655
890620,371,373.5,371,373,175,5665
890621,372,375.5,371,375,725,5640
890622,375,375,371,373,275,5690
890623,372.5,373,370.5,373,240,5585
890626,372,372,367,369.5,475,5400
890627,370.5,370.5,369,370,530,5360
890628,373,375,373,374.5,410,5495
890629,373,374.25,372,372,100,5525
890630,373,373,371,371,130,5560
890703,370,370,368.5,370,120,5560
890705,371,376,371,375,345,5755
890706,374,375,371,373,220,5805
890707,372,373,368,368,350,5945
890710,368,368,362,364,285,5885
890711,364,365,360,362,290,5885
890712,360,361,356,356,580,5775
890713,356,358,354,356.25,350,5865
890714,356,360,356,358,425,5570
890717,356,356,350.5,350.5,320,5530
890718,353,355,351,354.5,525,5685
890719,355,357.5,355,356.5,565,5770
890720,356,360,355.5,359.5,445,5805
890721,359,359.5,357.5,359,425,5675
890724,358,358,352,352,195,5720
890725,352,355.5,352,354.5,755,5750
890726,354.5,359.5,354.5,359.5,380,5945
890727,358,363,357,363,1410,7025
890728,363,364,361,364,1665,8225
890731,362,363,359,362,930,8800
890801,361.5,369,361.5,368.75,3180,10295
890802,367,369.5,365.5,369,3115,12180
890803,366.5,366.5,362,363.5,1300,12520
890804,364,364,361.75,362.75,625,12630
890807,363,365.75,360,365.5,1185,13315
890808,366,366,361,362,975,13390
890809,363,367,363,367,1035,13975
890810,366.5,366.5,364,365,770,14265
890811,370,370,365,365.5,2615,15480
890814,364,368,359,366.5,2355,16585
890815,367,370,366.5,369.75,2245,17710
890816,370,373,367.5,372.75,2095,18565
890817,370,371.5,369,370,1180,18900
890818,371,371,365.5,368.5,780,19065
890821,367,369,365,368.25,1715,19265
890822,368,369,365.5,368.75,2210,19940
890823,368,369,367,367.5,1725,19885
890824,367.5,368,365.5,367.75,1305,20365
890825,367.75,367.75,361,361.5,4810,21135
890828,360.5,363.5,360,362.5,2870,21245
890829,362.5,364.5,361,364,1630,21050
890830,362,363,361,361.5,2180,21410
890831,361.5,362.5,353,361,4715,23385
890901,360.5,363,359,362.5,3805,23885
890905,362,363,358,362.5,3325,24965
890906,363,363.5,360.5,360.5,3865,25165
890907,360,361.75,360,360.75,2255,25970
890908,360.5,360.5,359,360,2740,27025
890911,359.5,361,359.5,360.25,1170,27755
890912,360.25,360.25,358.25,359.75,3025,28980
890913,358,358.5,346,347,13410,27260
890914,347,349.5,345.5,346.25,7045,30040
890915,347,348.25,344,346,5725,29020
890918,346.5,346.5,343.25,343.75,6115,28515
890919,343.5,344.5,342.25,342.75,4520,28215
890920,343.5,346.5,343.25,343.5,3740,28910
890921,343.5,346.5,343,346.5,3515,28575
890922,346.5,347.5,344,344.25,4135,29030
890925,344.5,346.5,343,346,1940,29030
890926,347,349.75,347,349.5,3275,29295
890927,349.5,350,345,345.75,4125,29450
890928,345.75,348.5,344,346.5,3440,29280
890929,349,350.5,345.5,348.75,5270,28990
891002,350,355,350,353.5,8545,29505
891003,351.5,357,351.5,356.75,6015,30635
891004,356,357.5,354,357.25,6350,32145
891005,356.5,356.5,354,354.75,3680,32870
891006,355,358,353.5,357.75,7715,35355
891009,357,357,353.5,354.75,3820,36730
891010,354.5,355.75,353.25,355,3590,36905
891011,355.5,356,353,354.75,4150,36280
891012,354.5,357.5,354.25,357,4180,37000
891013,357.5,359,351,354.25,9965,37505
891016,354,357,351,357,4440,37915
891017,356.75,357.5,355,356.25,3825,39025
891018,356,358,355.25,357.75,3205,39720
891019,358.5,360,357,359,4070,40820
891020,358.5,358.75,356.25,358.75,3135,41445
891023,358.5,358.5,354,356.25,4605,42945
891024,355,356,353.5,354.25,3375,43865
891025,353.5,354.75,349.25,350.25,23815,43360
891026,350.75,350.75,348.25,348.5,11725,45990
891027,348.25,350.5,348,349,4535,45590
891030,349.5,350.75,347,348.5,5140,46380
891031,348.5,350,348.5,349.5,4725,46330
891101,350,352,349,351.5,6215,46480
891102,353,354.5,351.5,353,7655,46010
891103,353,355,353,354.75,2645,46155
891106,354.5,355.5,353.5,355.25,3515,46490
891107,355,357.25,354,357.25,4195,47110
891108,357,358,356,358,6470,49315
891109,357,358.25,356.5,357.25,5395,50485
891110,357.25,362.5,357,361.25,18635,50280
891113,361.5,363,356,356.25,11500,49320
891114,355.5,356.5,354.25,355.25,6390,49635
891115,355,358.5,355,358.25,5860,50620
891116,358.25,362,357.5,361.25,13240,51175
891117,361,362.5,360,362.25,8140,51735
891120,363,364.5,361.5,364.25,14120,54625
891121,364,365,362,363.5,10740,55825
891122,363,363,360.75,361.25,5475,56390
891124,361,361.75,358,360,5415,56090
891127,360.5,361,359,360.5,7635,55445
891128,362,363,360,362,9025,56425
891129,362,363,360.5,363,9370,57425
891130,363,364,360.5,361,9040,58360
891201,361,364,359.5,359.75,11985,60635
891204,358.5,359,352.5,353,26720,68560
891205,353.5,355,352,354,15270,67365
891206,355.5,358.5,355.25,357.25,15405,66340
891207,356.5,357,354.25,355.25,7665,65925
891208,355.25,357.5,355,356.75,6830,68160
891211,357,361,357,358.5,12485,71080
891212,358,360.5,358,359.5,5440,71070
891213,359,361,358.25,360.75,7840,70900
891214,360.75,363.25,360.25,362.75,15105,73240
891215,362.5,364,360.5,361,16500,75960
891218,360.5,361,358.5,360,5540,75675
891219,359.5,361.5,358.5,361.25,6945,74110
891220,361.5,362.25,359.5,360,5355,76005
891221,359,361,358.5,360.25,2770,76285
891222,360.25,361.5,359.25,359.75,2105,76440
891226,360,360,357.5,358,2515,77265
891227,358,358.5,357,357.5,6275,76680
891228,357,361,356.25,358.25,8325,76700
891229,358.5,359.75,358,358.5,3435,77790
900102,358,360.5,357.5,359.75,5575,77790
900103,359,360.75,358.25,360.75,5695,77810
900104,360.5,361.5,359.25,360.5,7430,79800
900105,360,361.5,359.25,361.25,6695,80220
900108,363,363.5,361.25,361.5,9695,79485
900109,360.5,360.5,359,359.5,9500,79925
900110,359,359,356.75,358.75,13970,79815
900111,359,359.5,355.75,357,15020,81440
900112,361,362,357.25,357.75,36845,79060
900115,357.5,358,353.5,355.25,28535,77275
900116,354.5,356,352.75,353,15320,77890
900117,352.75,355,352.5,355,6395,78580
900118,355.5,355.5,351,352.75,14595,77655
900119,351.5,353.5,350.75,352.25,16830,79165
900122,352,355.5,351,355,15690,78035
900123,354.5,355.5,352,353.25,8225,77620
900124,352.5,354.5,351.75,353.5,7920,76940
900125,352.5,352.75,350,350.5,15040,76335
900126,350.5,350.75,348,348.75,16505,76495
900129,349.5,350.25,345.75,350,26235,83265
900130,350.5,350.5,347,347.5,10415,83895
900131,348,349.5,347,347.5,6610,83715
900201,347.5,350,347,348.5,8675,84615
900202,347.75,349.75,347.25,349.5,8150,86110
900205,350,350.5,347.5,348.75,14800,88850
900206,348,348.5,346,346.5,12715,90075
900207,346.5,348.5,346.25,348,9980,91195
900208,348,348.5,347,348.25,9430,91120
900209,349,350.5,347.25,347.75,18340,94895
900212,349,349,347.25,348.75,11685,96050
900213,348,349.25,347,347.5,10390,97125
900214,347,347.5,345,346.25,20695,102355
900215,346,346.75,345.5,345.75,12605,103285
900216,345.5,345.5,343.5,344.5,15705,106485
900220,343,343.25,342,342.25,22355,112280
900221,342.25,345,342,344.5,17245,112740
900222,344.75,346.5,343.5,345.25,23185,115210
900223,345.25,347,344,346.75,21320,113620
900226,347,347.25,345.25,345.75,16980,112535
900227,345.5,346.75,344,346.5,29975,113820
900228,345.5,347,344.75,345,16370,113880
900301,344.75,345,339.75,340.25,37185,121340
900302,339.75,341.25,338,339.5,30205,126220
900305,338,338,336,336.75,27315,125545
900306,336.5,339.5,336,338,22180,124445
900307,337,340.5,336.5,339,27140,124200
900308,338.5,342.25,337.75,342,26410,122355
900309,341.5,341.5,338.25,340.5,20530,125350
900312,339,340,336.5,339.5,26665,129305
900313,338.75,339.75,336.75,337.25,23415,132720
900314,336.25,340,336,339.5,26300,131365
900315,340,341.5,339.5,340.5,25005,132030
900316,341,341.5,339,339.75,12645,131530
900319,340,343.5,339.5,343,28550,126560
900320,343.5,344,341.25,343,30925,123550
900321,343.5,345,342.5,343.5,25800,121345
900322,343.25,343.5,341.5,342.75,14915,122500
900323,342.25,342.25,340,341,17205,122870
900326,340,342.75,339.5,341.25,14550,121950
900327,341,341.75,339.5,340,14060,121885
900328,339,339.25,337,337.25,19485,122215
900329,336.5,339,336,338.25,16320,122455
900330,338.75,339,336,337.75,18705,122830
900402,338,339.25,337.75,338.5,32650,115880
900403,338,341.75,337.5,341.5,38275,114760
900404,343.5,347,343,344.75,66035,121785
900405,345,345.5,342.25,344.25,31515,122335
900406,345,345.75,340.25,340.75,36740,123945
900409,340.5,344.5,338.5,338.75,43160,124840
900410,338.5,340.5,337,338.5,42010,118755
900411,339.5,340.25,337.5,339.5,24140,120415
900412,338.5,341,337.75,339.25,18030,120050
900416,339,343.25,338.25,343,24710,119695
900417,345,345,341.75,342.75,32120,119505
900418,342.5,343,341,341.25,19630,120065
900419,340.75,343,339.75,342.5,24165,121135
900420,343.5,344,341,341.25,23200,121090
900423,341,341.25,338,338.25,25370,123245
900424,336.5,337,332.75,333.25,70470,130695
900425,332,334.5,332,333.5,41670,136555
900426,334.25,336,332.5,335.5,33620,137615
900427,334.5,343,333.75,341,51625,134845
900430,340,346.5,340,345.75,68965,130825
900501,346.5,354,341,341.75,131055,135380
900502,344,348,344,347.5,46205,137065
900503,347.5,350,346,346.75,44225,139595
900504,347.5,350,345,349.75,41770,145545
900507,351,355,349,352.75,57475,145500
900508,354.5,355.5,346,348.25,64550,149030
900509,347,351.5,346,349.5,44065,147455
900510,351.5,351.5,348.25,349.25,43620,152800
900511,347,348.5,341.75,344,80220,161570
900514,344.25,346.25,342,344.5,34365,158535
900515,344.75,346.5,341.25,343.75,47010,150880
900516,343.5,347.5,343.5,344,46850,149105
900517,344.5,346,343.25,344,25830,148970
900518,344.25,344.75,339,339.5,59935,146165
900521,339,340,336,337,49045,139700
900522,337,339.5,334.25,334.75,43170,137640
900523,334.5,336.5,332.25,333.75,40435,137560
900524,334.5,335.5,330,330.5,54620,140055
900525,330.5,332.5,328.5,330,54395,145605
900529,331,335.5,330.25,335,57010,131975
900530,334,335,330.5,332.25,32350,134035
900531,332.5,334.75,330.5,333.75,36070,129990
900601,333.5,333.75,328.5,329.25,33110,131300
900604,328,331.5,326,331,37050,130170
900605,331,333,329.75,332.5,21735,128175
900606,332.5,335,330.5,331.5,40600,130125
900607,332,336,332,334.75,40785,126965
900608,335.5,337.5,330.5,330.75,44600,129930
900611,329.5,334.5,329,332.75,31170,130495
900612,333.5,335.75,333.5,335.25,24940,124870
900613,335,337,333.5,334.25,27945,126080
900614,334,335,331.5,332.75,38250,119080
900615,332.25,332.5,327.5,328,27885,116590
900618,326.5,331.5,326.5,330,30295,115170
900619,330,332.75,329.25,332.25,30470,111405
900620,333.25,338.5,333.25,334.5,45680,106345
900621,333.5,338.5,333.5,338.25,24950,99010
900622,339.25,340,333.5,333.75,37710,103680
900625,333,335.5,332,333.5,23450,96205
900626,332.75,335,332.75,334,19585,85360
900627,334,335.5,333,333.25,29655,80450
900628,332,333.75,329.5,330.25,44490,61560
900629,329,329.5,325.5,325.75,21210,56990
900702,326.25,331,326.25,326.5,20280,48755
900703,326,327.5,323,323.5,17480,42425
900705,320.5,322,318,318.25,18570,35380
900706,317.5,318.75,309,309.25,9835,32100
900709,309,311.5,306.5,306.5,8370,28135
900710,307.25,309,305.5,305.5,10705,21930
900711,307,307.5,304.25,305.5,9130,17125
900712,305,308.5,304.25,306,4000,13830
900713,307,309.75,307,307,3745,11325
900716,306,306.5,302.25,302.5,1570,9650
900717,303,306,301.5,301.75,1935,8825
900718,302.5,304.5,300.75,301,3275,7100
900719,301.5,301.75,297,297.25,1065,4735
900720,297.5,298.5,296.5,296.75,2455,3260
