900524,330,337,330,337,25,25
900525,340,340,340,340,0,25
900529,353,353,353,353,0,25
900530,351,351,349,349,20,35
900531,348,348,344,345,235,255
900601,345,345.25,343,344,10,265
900604,344,349,344,349,40,305
900605,350,350,348,348,30,335
900606,348,348.5,348,348.5,5,335
900607,349.75,349.75,348.5,349.75,5,340
900608,351,351,350.5,350.5,5,345
900611,349,352.5,349,352.5,5,345
900612,352,352,352,352,50,395
900613,352,352,350,350,110,480
900614,350,350,347,348,50,485
900615,346,346,346,346,10,485
900618,345,345,343.5,343.5,80,560
900619,343,344,343,343,15,575
900620,345,346,345,346,35,610
900621,349,349,348,348,50,610
900622,348,348,348,348,0,610
900625,345,345,345,345,0,610
900626,347,347,347,347,0,610
900627,349.75,349.75,347,347.5,20,615
900628,344.5,344.5,344.5,344.5,0,615
900629,344.5,349,344,348,585,885
900702,347,353,347,349,165,995
900703,355,355,351,354,445,1255
900705,351,353,348.5,352.5,1200,1920
900706,350,352.5,347,347,315,2205
900709,346,346,342.5,343,365,2290
900710,343,343,339.25,339.5,625,2525
900711,338.5,339,336,336.5,650,2685
900712,335.5,337.5,334,337.5,655,3260
900713,337,337.5,330,333.5,45,3270
900716,333.5,333.5,329,329,440,3470
900717,331,331.5,328,328,205,3540
900718,326,330.5,326,326.5,175,3700
900719,327.5,328.5,324.5,325,710,3935
900720,326,327,324.5,324.5,355,4240
900723,322,323.5,318.5,322,255,4245
900724,322,324,319.5,323,275,4220
900725,324,324,320.5,320.5,80,4215
900726,321.5,322,321,321.5,10,4215
900727,325,325,319.25,319.25,50,4230
900730,319,319,315,316.5,230,4335
900731,317,318.5,313,313,1015,4440
900801,315.5,317,309,309,1300,5005
900802,311.5,311.5,308,309,845,5260
900803,310,310.5,307,307.5,185,5290
900806,308.5,308.5,305,307.5,410,5490
900807,309,309.5,307.5,307.5,780,6010
900808,308,311.5,308,310,455,6155
900809,313,316,313,315.5,60,6185
900810,316,319,312.5,312.5,800,6680
900813,309,310,305,305,965,6995
900814,306,308.75,306,308,215,7015
900815,308,312.5,308,312.5,455,7250
900816,313,315.5,312.5,314,200,7150
900817,312.5,315,311.5,313,255,7375
900820,314,314,312,312,25,7365
900821,311.5,311.75,309.5,310.75,1315,7380
900822,311.5,314,310.5,314,750,7720
900823,315,318.5,314,318.5,990,8025
900824,318.5,318.5,316.5,317.5,390,8170
900827,316.5,317,314,315,810,8640
900828,314,316.5,313,316.5,720,9045
900829,315.5,316,311,311,515,9175
900830,310,310,305.5,308,1185,9175
900831,306.5,308.5,301,301.5,1690,9945
900904,300.25,301.75,298,299.75,3690,11875
900905,300,304.5,300,304.5,1170,11805
900906,306.5,307,304.5,307,360,11800
900907,306,306,302,303.5,275,11880
900910,300,308.5,300,308,945,11825
900911,307.5,309,306,309,675,12195
900912,306.5,310,306.5,309.5,2120,13170
900913,300,307,300,306.25,2270,13860
900914,306.5,306.5,301,301.75,1795,14115
900917,301.5,305.25,299.75,303.5,1610,14360
900918,303.5,304,301.5,303,455,14430
900919,301.5,303,298,298.25,1525,14830
900920,297.5,300.5,296.5,296.5,975,15020
900921,297,299.75,297,298.5,225,14865
900924,298.5,303,298,303,895,14695
900925,303,304,300.75,301.25,1880,14495
900926,301.5,304.5,301,303,365,14325
900927,304.5,304.5,302.5,304,890,14570
900928,304.5,304.5,300,302.75,920,14805
901001,300,300.5,294,294,1660,15410
901002,294,299,294,298.5,1385,15605
901003,300.5,303.25,300.5,300.5,790,15855
901004,300.5,301,298.5,300.5,1400,15905
901005,299.75,301,298.25,299,1460,16285
901008,299,302.5,296.5,301.5,2990,17210
901009,301.5,303.5,299.25,303.5,6700,18595
901010,303,303,298,300,3800,19885
901011,299.25,299.25,295,297,3615,21375
901012,298,298.25,290,291,4090,22960
901015,290,291.5,287.5,288.75,1970,23010
901016,288.75,290,285.5,286.25,3935,24500
901017,287,290.5,286,288,2435,25250
901018,289,291.25,287.75,289.5,1850,26380
901019,289,292,288.5,290.25,4745,28260
901022,289.75,291.5,288.75,289.5,2270,28295
901023,289.25,289.75,287.5,289.25,685,28545
901024,289.5,291,288.75,290.5,2800,28665
901025,289.5,289.5,287.25,287.75,1550,29195
901026,287,289,285.5,288.5,2620,30250
901029,286.5,288.25,286,287,1210,30900
901030,288.25,290.5,287.5,289.25,860,30870
901031,289.75,290,287.75,288.5,1550,31395
901101,287.75,290.75,287.5,289.25,2300,31655
901102,289.5,294,288.5,293,2835,32530
901105,292.5,295,290,291.75,1310,32145
901106,293.5,294.75,292.75,293.75,1565,33120
901107,293.5,293.5,292.5,293.25,3115,34825
901108,293.5,296.5,293,296.25,3590,36050
901109,295,297.25,293,293.75,2975,36980
901112,292.5,294.5,290,293.75,6215,39540
901113,292.25,292.25,290.5,290.75,1065,39855
901114,290,290,283,283.25,5175,39625
901115,283.5,283.75,278.5,279,3495,40285
901116,278,282,277.5,282,3610,41555
901119,283.5,284,282,283.5,3845,42735
901120,281,281.5,275,276,6605,42725
901121,277,281.25,275.5,280.5,5930,45065
901123,282,282,277.5,281.5,1945,44410
901126,281,281.5,275,275.75,7410,45900
901127,276,277.5,272.5,273,6175,46140
901128,276,277,275,276.75,3450,45775
901129,276.5,276.5,271.75,274.5,6020,46420
901130,276,277,273,276.75,3980,48595
901203,277,278,276,277.5,3090,47810
901204,277.5,277.5,273,274.25,4855,47570
901205,274.5,275.25,273,273.75,4235,46935
901206,273.5,276.5,272.5,275.25,3120,46550
901207,275,278.5,274.5,278.5,3290,46820
901210,279,280,277,278.75,6805,46110
901211,279.75,280,277.25,277.5,6810,47315
901212,277.5,279.25,275.5,276.5,17830,50645
901213,273,275.5,273,274.75,11620,51020
901214,275.5,276,274,275.25,4830,52035
901217,275.5,276.75,275,276,3255,51645
901218,275.75,276.75,273.5,274,4555,53280
901219,273.75,274,271.75,273.75,4050,54110
901220,272.25,273,270,271.25,5435,55135
901221,271.5,272.75,270.75,272.75,4830,56450
901224,272.5,278,271.75,274.5,3415,56735
901226,276.5,277,276,277,2825,56480
901227,277.5,277.5,273,274.25,4090,56870
901228,273.5,273.5,270.25,272,8510,56195
901231,272.75,273,269.5,271.25,5860,57995
910102,270.5,273.75,267.5,273.25,9395,59345
910103,272.5,273.25,270.25,270.5,5115,60620
910104,269.75,272,269,271.25,6495,60635
910107,271,273,269.5,271.25,9515,62685
910108,271.75,272,266.5,268,12805,62330
910109,270.5,271,265.5,270.5,11075,65445
910110,271,272,270,271,4065,65420
910111,271,271,268.5,269.5,5105,66835
910114,266.5,267.25,264,264.5,13420,67210
910115,264.5,265.5,262,264,9660,68680
910116,265,268.25,264.5,268,11170,69115
910117,265,271.75,263,271.5,28200,68345
910118,272.5,273.5,269.25,271.25,18830,72285
910121,269.75,271,268,268,4950,71875
910122,270,271.75,269,269.75,7330,70605
910123,269.25,270.5,268,269.25,3035,70510
910124,268.25,270.25,268,269.75,5645,70505
910125,269.25,274,268.75,273.75,9130,69905
910128,272.5,278.75,272.5,276,17185,73395
910129,275.5,278,275.25,277.25,8885,74315
910130,277,278.25,276,277.75,11525,76260
910131,278.25,280.5,275,280,12375,79025
910201,281,281,277.75,280,12750,77740
910204,280,280,277.25,277.75,4640,78495
910205,277.5,277.5,274.25,274.5,6995,78185
910206,274,274,270.25,270.75,14165,79785
910207,270,272,268.25,270.5,15625,81760
910208,270.5,273.75,270.5,272.75,6420,81635
910211,273.5,274.5,269.75,271.5,18815,83505
910212,271.5,274.25,270.75,272.75,13055,84235
910213,274,275.5,272.75,275.25,11195,85055
910214,275.5,277.75,275,276.75,13305,87680
910215,276.75,278,274.75,277,16740,89265
910219,277.5,277.5,274.75,275,10825,89830
910220,274.25,274.25,272.25,273,9845,91110
910221,272.75,274.25,272.25,273.25,8125,92905
910222,273.25,274.25,272.25,273,11630,95545
910225,273,275.25,272.25,274.25,16110,99065
910226,275,277.5,275,276.25,22490,103145
910227,276.25,276.5,273.75,274.25,21475,105370
910228,274.25,281,274,280,41690,113905
910301,281,289.5,280.25,289,66780,128525
910304,289.5,297.25,289.5,290.5,59435,125285
910305,290,295,289.5,294.75,32475,125880
910306,296,298,294,294.25,47545,126345
910307,292.5,293,290.5,292.25,22050,126765
910308,292,294.75,292,292.75,17930,129815
910311,292,292,289,289.75,23840,131455
910312,289.75,297.75,289.75,296,50470,134845
910313,297.5,298,295.25,297.25,22155,136615
910314,294,294.5,292.25,292.75,24025,136525
910315,291,291,284,284.25,63055,127980
910318,283,287.5,282,286.5,42185,124935
910319,286.5,288.75,284,288.75,22965,121650
910320,288,290.25,286.25,287,20365,122475
910321,287.5,288.5,285.75,287,19935,124745
910322,288.5,292.5,288.5,292,34780,131120
910325,293.5,295,291.5,293.5,25050,130900
910326,292.5,293.25,289,289.25,23170,130355
910327,289.5,294.5,289,293.75,26225,134170
910328,295,296,294,296,21865,134000
910401,298.5,303,298,302.25,45290,145030
910402,303,303,298.5,300.25,27685,145385
910403,300,303.5,298.5,299,40890,142550
910404,297.5,298.25,293,295.25,44290,140215
910405,294.5,297.25,293.25,296,24695,137105
910408,295,297.5,293.25,295.25,24860,138750
910409,293.5,294,289,291.5,58775,137120
910410,293,294.5,292.5,293.5,24485,137095
910411,295,298,294.75,297.75,33960,139125
910412,299,300.5,297.5,298,31210,137820
910415,298,299.75,293,293.25,32535,138430
910416,294,295,291.5,292.5,35000,137360
910417,293.5,295.25,291,291.25,27595,138850
910418,288,290.75,288,288.25,42030,135485
910419,288.5,290.25,286.5,289.75,36025,134415
910422,290.5,291.75,286.5,289,44110,134325
910423,288,292.5,288,292.25,33985,135125
910424,294,294.25,289.75,290.25,42040,138295
910425,290,290.5,287,287.5,31475,136990
910426,286.5,287.25,285,285.75,43780,134515
910429,285,285,279,280.25,70915,141605
910430,280,284.75,279.5,283.25,49485,138870
910501,282.5,284,281.5,283.25,29665,139870
910502,282,284.75,282,283.75,27055,143825
910503,285,287,284,287,33830,142675
910506,287.5,289,287.25,287.75,31900,147205
910507,288,290,287.5,288.25,57485,148955
910508,287,288.25,286,288,34525,149780
910509,288,291.75,287.5,291.5,37040,145170
910510,294.5,296,291.75,295.75,58310,151080
910513,296,296.25,292.25,295.25,40000,150460
910514,296,296,292,293.25,30560,149215
910515,292.5,294.75,290.25,290.75,29115,148930
910516,291.25,292.25,289,289.25,33360,151040
910517,288.75,290.5,288.25,288.5,24010,147560
910520,289,293,288.75,292.75,22750,148090
910521,292.75,295,292.25,295,25625,149315
910522,296.25,299,296.25,298.5,43845,154005
910523,298,298.25,295.5,296.75,30225,155590
910524,297,297,293,293.5,26820,150980
910528,292,292.25,286,291.25,68905,146915
910529,292,292.5,288,288.25,23735,145205
910530,287,288,284.25,285,53655,144280
910531,285,288,284.5,287,22530,139680
910603,288.5,294.5,288.5,292.75,48005,139970
910604,293,294.5,290.5,292,44185,140295
910605,291,294,290,292.5,33095,139120
910606,291.75,292.5,290.5,291,20885,138250
910607,290,296.25,290,296,47710,137110
910610,297.5,300,292.5,293,54135,135075
910611,294.5,299.5,294.5,298.5,44785,134810
910612,303.5,305,299,301.5,56985,133410
910613,301.5,302,296.75,298,46885,134640
910614,297,297,292.5,293,42445,125950
910617,292,293,287.5,289.5,42835,120750
910618,290.75,293.5,288.75,291.25,32365,114965
910619,290.5,291.75,289,289.25,30835,113385
910620,287.5,288.5,280,280.5,63200,100160
910621,278.5,279.5,271,271.75,65755,84270
910624,272,275.75,270.5,271,33005,66525
910625,271.5,274.5,268.5,274,37195,56590
910626,274,277.25,272.5,273,36045,51475
910627,271.5,271.5,264.5,265,45080,38220
910628,261.5,264.75,255.5,264.25,40810,21210
910701,266,268.5,264.25,267,17745,14580
910702,268.5,270,261,264,11245,12150
910703,266.5,266.5,262.5,264.75,6715,9975
910705,263.5,264,261,261.25,2490,6425
910708,260.5,261,250,251,2520,4945
910709,254,256,252,255.25,5325,5525
910710,255.5,262.5,254.25,262.5,10860,4090
910711,261.75,262,259,261,1970,1465
910712,265,269,265,269,1800,1290
910715,273,273,266,266,150,1225
910716,269,270,268,270,495,1145
910717,270,274,267.5,271.5,135,955
910718,267.5,268.5,266.75,268.5,180,370
910719,266.5,269,266.5,269,305,420
910722,272.25,275,271.25,273.5,310,340
