960105,375,375,375,375,5,0
960108,375,375,375,375,0,5
960109,384,384,384,384,5,5
960110,384,384,384,384,5,10
960111,377,377,377,377,0,5
960112,377,377,377,377,0,5
960115,385,385,385,385,5,10
960116,380,380,380,380,0,10
960117,380,380,380,380,0,10
960118,380,380,380,380,0,10
960119,380,380,380,380,0,10
960122,380,380,380,380,0,10
960123,380,380,380,380,0,10
960124,380,380,380,380,0,10
960125,380,380,380,380,0,10
960126,380,380,380,380,0,10
960129,390,390,389,389,5,15
960130,389,389,389,389,0,15
960131,385,385,385,385,0,15
960201,385,385,385,385,0,15
960202,382.5,382.5,382.5,382.5,0,15
960205,380,380,380,380,0,15
960206,380,380,380,380,0,15
960207,380,380,380,380,0,15
960208,380,380,380,380,0,15
960209,380,380,380,380,5,15
960212,390,390,390,390,10,20
960213,389,389,389,389,0,20
960214,389,392,389,390.5,15,25
960215,390.5,390.5,390.5,390.5,0,25
960216,390.5,390.5,390.5,390.5,0,25
960220,390,390,390,390,0,25
960221,390,390,390,390,0,25
960222,390,390,390,390,0,25
960223,399,399,395,395,40,50
960226,395,395,395,395,5,50
960227,400,400,400,400,5,55
960228,400,400,400,400,0,55
960229,395,395,395,395,0,55
960301,395,395,395,395,0,55
960304,395,395,395,395,0,55
960305,395,395,395,395,0,55
960306,397.5,397.75,396,396,5,55
960307,395,397.75,395,397.75,5,60
960308,396,396,396,396,0,60
960311,396,396,396,396,0,60
960312,395,395,395,395,5,55
960313,395,395,395,395,0,55
960314,395,395,395,395,0,55
960315,395,395,395,395,0,55
960318,395,395,395,395,0,55
960319,395,395,395,395,0,55
960320,395,395,395,395,0,55
960321,395,395,395,395,0,55
960322,395,395,395,395,0,55
960325,398,398,398,398,10,65
960326,393,398,393,398,15,70
960327,398,398,398,398,0,70
960328,400,400,400,400,5,65
960329,400,400,400,400,0,65
960401,400,400,400,400,0,65
960402,400,400,400,400,0,65
960403,400,403,399,399,110,120
960404,410,410,410,410,5,125
960408,409,409,409,409,30,125
960409,410,410,405,405,20,120
960410,405,416,405,416,5,115
960411,425,425,420,420,5,120
960412,425,425,425,425,0,120
960415,425,425,425,425,10,120
960416,420,420,415,415,25,135
960417,415,415,415,415,0,135
960418,420,420,420,420,15,140
960419,420,420,420,420,0,140
960422,420,420,420,420,20,160
960423,421.5,421.5,421.5,421.5,5,160
960424,421.5,421.5,421.5,421.5,0,160
960425,425,425,425,425,0,160
960426,425,425,425,425,0,160
960429,420,420,420,420,0,160
960430,400,400,400,400,0,160
960501,420,420,420,420,0,160
960502,420,420,420,420,0,160
960503,415,415,415,415,0,160
960506,409.75,409.75,405,405,5,160
960507,405,405,405,405,0,160
960508,405,405,405,405,0,160
960509,405,405,405,405,0,160
960510,402.5,402.5,402.5,402.5,0,160
960513,402.5,402.5,402.5,402.5,0,160
960514,398,398,398,398,5,160
960515,398,398,398,398,0,160
960516,398,398,398,398,0,160
960517,401,401,401,401,0,160
960520,401,401,401,401,0,160
960521,402,402,402,402,10,165
960522,402,402,402,402,0,165
960523,402,402,402,402,0,165
960524,402,402,402,402,0,165
960528,402,402,402,402,0,165
960529,402,402,402,402,0,165
960530,402,402,402,402,0,165
960531,402,402,402,402,0,165
960603,402,402,402,402,0,165
960604,402,402,402,402,0,165
960605,400,400,400,400,0,165
960606,400,400,400,400,0,165
960607,400,400,400,400,0,165
960610,400,400,400,400,0,165
960611,400,400,400,400,0,165
960612,399.5,399.5,399.5,399.5,0,165
960613,399.5,399.5,399.5,399.5,0,165
960614,399.5,399.5,399.5,399.5,0,165
960617,399.5,399.5,399.5,399.5,0,165
960618,399.5,399.5,399.5,399.5,0,165
960619,399.5,399.5,399.5,399.5,0,165
960620,399.5,399.5,399.5,399.5,0,165
960621,399.5,399.5,399.5,399.5,0,165
960624,399.5,399.5,399.5,399.5,0,165
960625,399.5,399.5,399.5,399.5,5,165
960626,399.5,399.5,399.5,399.5,0,165
960627,390,390,390,390,55,165
960628,395,395,395,395,0,165
960701,395,395,395,395,0,165
960702,395,395,395,395,0,165
960703,395,395,395,395,0,165
960705,390,390,390,390,10,155
960708,390,390,390,390,0,155
960709,390,390,390,390,0,155
960710,390,390,390,390,0,155
960711,390,390,390,390,5,155
960712,393,393,393,393,0,155
960715,393,393,393,393,0,155
960716,393,393,393,393,0,155
960717,382,390,382,390,15,165
960718,380,388,380,388,5,170
960719,388,388,388,388,0,170
960722,385,385,385,385,0,170
960723,375,375,375,375,5,170
960724,375,375,375,375,0,170
960725,375,375,375,375,0,170
960726,375,375,375,375,0,170
960729,375,375,375,375,0,170
960730,375,375,375,375,0,170
960731,375,375,375,375,0,170
960801,365,375,365,375,15,175
960802,375,375,375,375,0,175
960805,375,375,375,375,0,165
960806,375,375,375,375,0,165
960807,375,375,375,375,0,165
960808,385,385,385,385,0,165
960809,385,385,385,385,0,165
960812,395,395,395,395,0,165
960813,390,390,390,390,10,165
960814,385,385,385,385,0,165
960815,385,385,385,385,0,165
960816,385,385,385,385,0,165
960819,390,390,390,390,0,165
960820,390,390,390,390,0,165
960821,390,390,390,390,0,165
960822,391.5,391.5,391.5,391.5,0,165
960823,393.5,393.5,393.5,393.5,0,165
960826,399.5,399.5,399.5,399.5,0,165
960827,398.5,398.5,398.5,398.5,0,165
960828,397,397,397,397,0,165
960829,399,399,399,399,0,165
960830,390,394,390,394,60,225
960903,396,398,396,398,10,220
960904,395,395,395,395,0,220
960905,394,394,394,394,0,220
960906,390,399,390,392,10,220
960909,391,391,391,391,0,220
960910,396,396,396,396,0,220
960911,385,385,385,385,0,220
960912,381,381,381,381,0,220
960913,374,374,374,374,10,220
960916,372,372,372,372,0,230
960917,376,376,376,376,0,230
960918,374,374,374,374,0,230
960919,374,374,374,374,5,235
960920,378,378,378,378,0,235
960923,381,381,381,381,0,235
960924,381,381,381,381,0,235
960925,377,377,377,377,0,235
960926,377,377,377,377,0,235
960927,375,377,375,377,0,235
960930,376.5,376.5,376.5,376.5,0,235
961001,365,375,365,375,10,245
961002,371,371,371,371,0,245
961003,360,370,360,370,20,265
961004,365,368,365,368,10,265
961007,367,367,367,367,0,265
961008,370,372,370,372,5,265
961009,377,377,377,377,0,265
961010,375,375,375,375,0,265
961011,374,374,374,374,0,265
961014,368,371.75,368,371.75,5,270
961015,370,370,370,370,10,265
961016,362,362,362,362,5,265
961017,348,348,348,348,5,265
961018,354,354,354,354,0,265
961021,354,354,354,354,0,265
961022,354,354,354,354,0,270
961023,354,354,354,354,0,265
961024,346,346,346,346,0,265
961025,350,350,350,350,0,265
961028,350,350,350,350,0,265
961029,348,348,348,348,0,265
961030,348,348,348,348,0,265
961031,348,348,348,348,0,265
961101,343.5,343.5,342,343.25,10,270
961104,345,345,345,345,0,265
961105,341,341,340,340,100,265
961106,342,342.5,342,342.5,150,385
961107,346,346,336,336,15,390
961108,340,340,340,340,0,390
961111,345,345,345,345,0,390
961112,345,345,345,345,0,390
961113,345,345,345,345,0,390
961114,345,345,345,345,0,390
961115,345,345,345,345,10,400
961118,345,345,345,345,15,400
961119,345,345,345,345,0,400
961120,345,345,345,345,0,400
961121,345,345,345,345,0,400
961122,345,345,345,345,0,400
961125,345,345,345,345,0,400
961126,345,345,345,345,20,420
961127,345,345,345,345,0,420
961129,345,345,345,345,0,420
961202,345,345,345,345,0,420
961203,345.5,345.5,345.5,345.5,0,420
961204,345,345,345,345,5,425
961205,345,345,344,344,110,530
961206,350,350,350,350,70,595
961209,344.25,344.25,344.25,344.25,0,530
961210,344,344,344,344,0,525
961211,345,345,345,345,0,530
961212,345,345,345,345,0,530
961213,345,345,345,345,0,530
961216,348,348,348,348,0,530
961217,348,348,348,348,0,530
961218,352,353,352,352.5,20,540
961219,354,360,350,352,165,530
961220,348,348,348,348,0,530
961223,346,346,346,346,0,530
961224,343,343,343,343,0,530
961226,346,346,346,346,20,530
961227,344.5,344.5,344.5,344.5,0,530
961230,344.5,344.5,343,343,140,580
961231,343,343,343,343,0,580
970102,345,345,345,345,0,580
970103,346,346,346,346,20,595
970106,347,350,346,348,45,605
970107,348,348,348,348,0,605
970108,350,350,350,350,0,605
970109,343,347.5,343,346,50,615
970110,346,346,346,346,0,615
970113,350,350,350,350,5,620
970114,350,350.5,350,350.5,5,620
970115,350.5,350.5,350.5,350.5,0,620
970116,350.5,350.5,350.5,350.5,0,620
970117,349,349,349,349,10,625
970120,347,347,347,347,0,625
970121,345,347,345,347,20,640
970122,342,342,342,342,0,640
970123,342,342,342,342,10,640
970124,342,342,342,342,0,640
970127,343,343,342,342,90,690
970128,344,344,344,344,0,690
970129,344,344,344,344,5,690
970130,343,343,343,343,0,690
970131,341,341,341,341,220,745
970203,340.5,340.5,340.5,340.5,35,775
970204,341,341,341,341,0,770
970205,341,341,341,341,5,775
970206,340,340,337,337,150,840
970207,336,336,334.5,334.5,55,870
970210,337,337,337,337,5,900
970211,337,337,337,337,0,900
970212,333,336,333,335,25,895
970213,334,337,334,337,5,895
970214,339,339,337,337,35,900
970218,339,339,339,339,5,905
970219,337,337,337,337,0,905
970220,343,343,343,343,5,905
970221,343,343,343,343,0,905
970224,346,346,346,346,0,905
970225,346,346,346,346,0,905
970226,346,346,346,346,0,905
970227,351.25,351.25,351.25,351.25,0,905
970228,351,351,350,350,10,900
970303,353,353,353,353,0,900
970304,353,353,353,353,0,900
970305,353,353,353,353,0,900
970306,353,353,353,353,0,900
970307,350,350,350,350,0,900
970310,350,350,350,350,0,900
970311,355,355,355,355,0,900
970312,355,355,355,355,0,900
970313,350,352,350,352,5,900
970314,359,359,359,359,0,900
970317,357,357,357,357,0,900
970318,358,358,358,358,0,900
970319,357,357,357,357,0,900
970320,359,359,359,359,0,900
970321,358,358,358,358,5,905
970324,359,359,359,359,0,905
970325,362,362,362,362,5,905
970326,372,372,372,372,5,910
970327,372,372,372,372,0,910
970331,372,372,372,372,0,910
970401,380,380,378,378,10,910
970402,380,380,374,374,15,915
970403,373,373,371,371,25,940
970404,362,362,360,360,20,945
970407,370,370,370,370,15,945
970408,370,374,370,374,5,945
970409,374,374,374,374,0,945
970410,374,374,374,374,5,945
970411,379,380,378,380,15,940
970414,400,400,387,390.5,195,1025
970415,388,388,386,386.5,25,1040
970416,382,384,382,383,25,1040
970417,390,396.5,390,396,175,985
970418,388,398,388,398,260,1010
970421,398,400,398,399.5,110,1025
970422,398,399,396,397,175,1065
970423,394,394,393,393,45,1070
970424,391,392,391,392,5,1070
970425,393.5,394,392,394,35,1060
970428,390,390,388,390,95,1070
970429,388,390,388,388,75,1085
970430,390.5,390.5,390.5,390.5,0,1085
970501,388,389,388,389,75,1125
970502,387.5,387.5,386,386,35,1140
970505,385,386,384.5,385,105,1160
970506,381,384,381,383,40,1145
970507,383,384,383,384,20,1130
970508,386,386,385,386,30,1155
970509,386,386,386,386,0,1155
970512,388,388,382,382,45,1195
970513,380,381,380,381,335,1350
970514,381,381,380,381,165,1420
970515,380,385,380,383,30,1450
970516,383,383,380,380,175,1540
970519,380,382,380,382,5,1545
970520,380,380,378,378,340,1745
970521,377,377,376.5,376.5,90,1785
970522,378.5,378.5,375.5,376,115,1800
970523,375,375.5,375,375,135,1885
970527,375,376,372,372,950,2435
970528,372,373,368,368,305,2535
970529,372,372,368,368,40,2490
970530,370,370,367.5,368,75,2595
970602,369,370,365,365,570,2850
970603,365,366.5,365,366.25,200,3150
970604,366,366.5,362,362,475,3280
970605,362,362.5,362,362,125,3320
970606,363,366,363,366,140,3345
970609,365.5,372,365.5,372,185,3465
970610,370,374.5,370,370,215,3555
970611,368.5,369,368.5,369,10,3555
970612,367,367,362,362,225,3715
970613,361,361,357,357.25,890,4410
970616,353,353,351,351,130,4505
970617,351,351,349.5,350.5,620,4690
970618,350,350,348,348,2180,5885
970619,348,349.5,347.5,349.5,405,6115
970620,349,351,348,348,1360,6940
970623,348,349,346.5,347.75,2160,8835
970624,348,351.5,348,351,2225,10585
970625,350,354.5,350,352,1525,11865
970626,352.5,353.5,352,353,100,11825
970627,349,350,349,350,450,12025
970630,348.5,350,348,348.5,800,12535
970701,348.5,350,348.5,350,930,13015
970702,350,354,350,353,1105,13685
970703,351,353,348.5,349,675,14110
970707,348.5,349,345,345,1210,14565
970708,345,350,345,346.75,1110,14555
970709,348.5,355,348,354,590,14830
970710,352.5,353,350,351,360,14890
970711,351,356,350,354.75,1275,15540
970714,358,362,358,360.5,740,15875
970715,362,367,359,359,1015,16365
970716,361,361,356,356,900,16930
970717,355,359.5,355,359,1625,17690
970718,360,363.5,360,362.5,1690,19200
970721,360,367,358,366.5,635,19670
970722,370,374.5,368,373.75,1120,20120
970723,373.5,380.5,373,380,2150,21485
970724,379,379,375.5,377.5,750,21750
970725,376,378.5,375.5,375.5,650,22070
970728,375,377.5,375,375,405,22120
970729,376,377,372,376,1235,22440
970730,376,378,371.5,375.5,685,22425
970731,373,378,373,378,965,22725
970801,378,380,375,380,480,22935
970804,382,383,374.5,375.5,1075,23500
970805,373,376,368.5,375.5,2380,23680
970806,374.5,381,374.5,378,1465,23750
970807,378,381,375.5,379.75,2465,23935
970808,379,382.75,379,382.75,595,24040
970811,380.5,385,379.5,381.5,1745,24710
970812,382.5,389,381,381.75,3155,25930
970813,380.5,385,378.5,385,4835,29080
970814,383.5,384.5,379,380.5,4880,31285
970815,379,384.5,378,383.5,5395,33145
970818,381.5,388,381.5,386,4340,35345
970819,386,388.25,386,387.5,2630,36270
970820,388,390,387,388.5,3915,37380
970821,389.5,392.5,389.5,392.5,2190,38180
970822,390,393.5,390,392,2045,37805
970825,390.5,390.5,387,387.75,1175,37725
970826,387.5,388.5,387,387.5,690,37730
970827,387,396,387,395.5,4090,39575
970828,394,398.5,392,397,3785,40095
970829,394,400,394,399,3370,40880
970902,398,398,393,397.25,1000,40795
970903,394,397,393,396.5,1905,41345
970904,394.5,398,391.5,393,1925,42380
970905,391.5,394,390.25,391.5,2185,43090
970908,390,390,385,386.25,3120,44390
970909,386,389.5,384,388.5,3255,45730
970910,389,389.5,387,387.75,3050,46175
970911,385,387.5,384,386.5,3160,47810
970912,385.5,385.5,383,385,2525,48570
970915,384,386,382.5,385.75,7810,49770
970916,387,391,386.5,388.5,2370,47855
970917,387,391.5,385.5,391,3150,48595
970918,391.5,393.5,388,388.5,3325,48755
970919,385.5,389.5,385,388,2775,49915
970922,384.5,386.5,383,386.25,2580,50315
970923,386.5,389,385,388.5,4280,51215
970924,388.5,388.5,383.5,386,4280,51810
970925,386,386.5,383.5,384.75,3405,52450
970926,383,383,379,379.25,6960,55115
970929,377,381,376.5,380.25,5495,55615
970930,380,381,375,377,6705,55310
971001,375,377.5,374,374.5,3590,55180
971002,374.5,379,373.5,377.25,6225,56220
971003,378,381,376.75,380.75,4530,57495
971006,380.5,380.5,376.5,378.75,1810,57490
971007,378,389.5,377,389,7415,58930
971008,387,390,384.75,386.25,6730,59460
971009,386.75,392,385.5,390.5,5020,59465
971010,393,393,386,387.25,8465,61190
971013,388,391.5,387.5,390.5,2580,61745
971014,389,389,386.5,387.75,1860,61915
971015,387.5,390,386,389.75,4510,62890
971016,390,390,386,387.25,3145,63645
971017,387.5,387.5,385,386,3440,64835
971020,385,391,385,390.5,2650,65275
971021,390.5,396,389.5,396,5760,65965
971022,397.5,397.5,393,396,5200,67990
971023,393,394,389.75,390.25,4890,69290
971024,392,393,388,391.25,2955,70330
971027,391,391,383.5,385.25,6520,71875
971028,383,385,380.5,384.75,2755,71615
971029,384.75,386.75,382.5,382.75,2790,71860
971030,381,385,379.75,384.25,5730,72455
971031,384,386,383.25,384.5,5130,74705
971103,384,388,383.5,387.75,4285,76165
971104,387,388,384.25,384.75,3745,76915
971105,384,385,381,382.25,4880,78770
971106,381,384,378,383.75,5965,80525
971107,382,385,381.5,384.5,4215,83020
971110,383,383,375,377,9400,83770
971111,376,379.5,376,377.5,3845,83745
971112,377,377,372.25,373.75,7005,83665
971113,373,374,370,370.75,8275,83585
971114,369,371.25,367.75,369,7540,83735
971117,369,374.5,368.5,374.25,5820,84075
971118,373.5,376,373.5,374.25,4465,84160
971119,373,373.5,367.5,368.25,5750,85120
971120,368.25,369.25,366,366.25,8005,83905
971121,366.5,369.5,365.5,369.25,4165,83490
971124,371,371,367,369,5005,83830
971125,368,369,364.5,365.25,10450,83810
971126,367.5,371,365.5,369.25,7750,83265
971128,369,371,367,370.25,2975,83715
971201,371,375.75,370.5,372.75,7560,84825
971202,373,373,368,369,8895,86175
971203,368,371,367,368.25,10840,89450
971204,368.5,369,367,368.75,6310,90505
971205,369.5,372,367,371.5,8000,92695
971208,372.5,374.5,371.5,374.25,5270,91855
971209,374,375.75,371,371,7715,93310
971210,372,372,369,369.75,2550,93090
971211,369.5,369.5,362.5,363.25,7920,94450
971212,363,363.5,357.25,357.5,14625,95270
971215,357,357.5,353,355.5,11425,95385
971216,357,358,355.75,356.75,9125,94285
971217,357,359.5,356.5,358.75,3350,94245
971218,357,357.5,347.5,347.75,13905,95840
971219,347,348.75,343.5,347.25,13040,97440
971222,346.5,351.5,345.5,347,8580,98375
971223,347,349.5,346,349.25,6830,100060
971224,349.5,353,348.5,351,3905,100890
971226,352,352.75,350,350.5,895,101015
971229,352.5,353,347,348,7430,100530
971230,346,346.5,341.5,341.75,8530,101165
971231,341.5,342.25,339.5,339.75,6485,101940
980102,341,343.5,339,343.25,10260,100960
980105,345,347.5,342,344.75,9215,101175
980106,344.5,344.75,338,339.5,10060,103045
980107,339,343,337,342.75,9675,104035
980108,339.5,340.5,335,335.5,13345,104130
980109,335,337.5,334.25,336.25,3080,20811
980112,336,338.5,334,336.25,1777,21013
980113,350,356.25,345.5,349.75,5495,21488
980114,351,354,345,346.75,4452,21734
980115,344,352,342,351,3014,21808
980116,350,354.5,349.5,351.5,2629,21271
980120,352.5,352.5,347.5,349.5,2493,21325
980121,350,350.5,346.5,347.25,2686,21673
980122,346.5,349.75,345.75,349.25,2127,21645
980123,351.5,354.5,350.5,351.75,3089,21732
980126,353,360,351,358.75,3841,21868
980127,359.5,365,357,357.75,7276,23659
980128,358.5,360.5,356.75,358,2530,23303
980129,357.5,359,355,355.75,2423,23126
980130,355.25,357,353,354.25,2175,23276
980202,353.5,360,352,359.5,2605,23347
980203,359.5,364,357.5,361,3417,23947
980204,360.5,363,358.5,359.25,4817,24550
980205,358,360,356,356.25,3897,25003
980206,354.25,355.5,352,352.25,2827,24891
980209,352,356,352,355.25,1983,25407
980210,355.5,357,354,356.25,1264,25686
980211,355,355.25,349,351.75,3508,26267
980212,353,353.5,349,352.75,2572,26342
980213,352,352,348,348.25,3625,26355
980217,345,345,340,341,7008,27771
980218,341,342.5,339.5,340.25,3373,28345
980219,339,344,336,341.5,7780,28924
980220,342,343.5,339.5,341.5,4109,29808
980223,345,345.5,342.25,344.5,4698,30895
980224,345,345.5,337,339,12461,33004
980225,340,340.25,337.5,338.75,6169,33266
980226,342,344,340.5,342.5,9924,33106
980227,342.5,350,341,348,11061,33914
980302,351,355,347.5,350.75,7051,33037
980303,351,352.5,348.5,349.5,4609,33323
980304,349,350,346.5,346.75,3663,33749
980305,347,348,343,343.25,6788,34156
980306,344.5,347.25,343.25,344.25,4072,34464
980309,349.5,350,346.5,347.5,3418,34971
980310,347.5,351.5,347,351,4448,35021
980311,353,359,353,357.25,14492,36165
980312,357,358,354,355.75,7308,36618
980313,353,356,350.5,350.75,7228,36748
980316,350.5,351.25,346,347,6447,36372
980317,348.5,353,347.5,349.25,7192,37942
980318,351,353,344,344.5,5409,38358
980319,343,343,340,340.5,8083,38293
980320,339.5,339.5,337,337.5,7467,38704
980323,337.5,342,334.5,341.75,9544,39347
980324,341,341.5,338,341.25,4749,38846
980325,341,341.5,338,338.5,4048,39260
980326,339,339,329,329.5,13905,41466
980327,330,332.75,329.5,331.5,5958,41333
980330,332.5,335.25,332.5,334.75,7794,43175
980331,335,335.5,328.5,329.5,16945,46782
980401,327.5,327.5,323,324.5,13698,48542
980402,325,327.5,322.5,326.25,10517,49951
980403,326,326.25,320,320.5,11530,50206
980406,320.5,321,313,315.5,18009,50519
980407,316,317.5,312,313,10868,51501
980408,312.75,314.5,311.25,312.75,10588,51800
980409,312,312.5,309,309.75,16498,54080
980413,311,313.25,307.5,311.25,13272,55247
980414,313.5,314.5,310.5,313.5,13495,55116
980415,315,317,314.5,316,12495,56424
980416,315,316.5,309,315.75,15066,57954
980417,315.5,318,313,314,8532,58846
980420,312,312,309,309.75,8835,60064
980421,309,314.5,308.5,311.5,17235,62781
980422,310,310.5,305.5,305.75,19007,64225
980423,306.5,306.75,302.75,304.25,15584,66006
980424,306.25,310.5,304.5,305.5,16278,66914
980427,302.5,306.5,301.5,306.25,11819,66846
980428,308,311,305,309.75,14900,66999
980429,311,311.5,304.5,304.75,18612,70062
980430,305.5,306,301,301.25,16485,72404
980501,300.5,303.5,299.5,301,17640,73486
980504,306,306.5,300.5,303.5,14487,74211
980505,305,309.5,304.5,309,20123,71990
980506,312.5,317.5,311,316,29306,68667
980507,316.5,321,312.5,316,27696,67065
980508,313.5,314.5,311.5,312.25,10606,66088
980511,304.5,306,303,304.75,15692,66594
980512,304,306,302,304.5,11934,67774
980513,306.5,308.75,305.5,306.75,9630,68173
980514,305,307.25,303.5,304.75,9647,68572
980515,304,304,302,302.5,7156,69045
980518,303.5,306.5,302,302.5,8697,69017
980519,301,301.5,298.5,298.75,14278,69420
980520,298.5,304,297.5,302.75,11826,69632
980521,303.5,305.5,298,298.5,13105,68183
980522,298.5,299,296.5,298.5,6780,69344
980526,291,294.5,291,292.25,15332,67069
980527,292.5,293.25,282.75,287.5,30091,62245
980528,289,290,284.25,284.5,13634,60972
980529,284.5,287.5,283.5,284.25,12144,60185
980601,282.25,284,281.25,284,13433,60364
980602,285.5,288,284.5,287.25,9410,59260
980603,288,290,281,281.25,14717,60693
980604,281.5,283,279.5,282.25,11518,59266
980605,281.5,282.5,279.5,280.25,9027,58603
980608,279.5,280,275,275.5,11412,56814
980609,275,279,274.5,278,13509,55024
980610,277.5,280.5,277.25,278.25,9170,53239
980611,277.5,279.5,276.25,277.75,11184,50471
980612,276.25,281,275.75,279.25,9064,49140
980615,277.5,277.75,273.5,274.5,12500,46640
980616,275,280,275,277,12326,43670
980617,278.5,289,278.5,283.75,22829,41343
980618,283,286,281.5,283.75,10133,38305
980619,288,298,288,289,20851,34303
980622,284.5,287.5,284,286.5,10020,31003
980623,287.5,294.25,287.5,291.25,13741,28611
980624,290,295,288,294.25,12865,23297
980625,291,294.5,288,289,9731,19858
980626,286.5,288.5,281,282,13547,15355
980629,271,274,267,268.25,16015,9565
980630,272,277,271.5,276.25,9049,6338
980701,275,275,271,273.5,3914,5002
980702,272.5,273,268,268.25,3521,3333
980706,268,273,266,272.75,1700,2738
980707,276,278,275.5,276.75,1363,1794
980708,281,282.5,273,273,360,1600
980709,272,274,270,271.5,297,1063
980710,267,268,265,265.75,735,607
980713,267,267.5,266,266,68,579
980714,265,265,262.25,262.25,172,438
980715,263,263,260.5,260.5,143,380
980716,261.5,264.5,261,262,86,345
980717,265.5,266.5,265.5,266,24,328
980720,266.5,269,265,268,145,250
980721,268,268,264,264.5,182,131
980722,259,260,258.25,258.25,165,66
