980120,371,372,371,372,44,44
980121,369,369,368,368,182,186
980122,368,370,368,370,7,189
980123,373,373,373,373,0,189
980126,381,381,381,381,0,189
980127,382.5,382.5,382,382,15,204
980128,380,382,380,381,20,224
980129,379,379,379,379,0,224
980130,379.5,379.5,378,378,1,224
980202,376,380,376,380,37,241
980203,384.5,384.5,383.5,383.5,2,241
980204,383.5,383.5,380,381,18,249
980205,380,380,380,380,15,253
980206,376,378,376,377,322,318
980209,379,379,379,379,0,318
980210,378,380.5,378,380.5,1,319
980211,375,375,375,375,1,319
980212,375,375,375,375,1,319
980213,373,373,373,373,0,319
980217,366,366,366,366,0,319
980218,364,364.5,364,364.5,38,354
980219,364,364,361,364,84,407
980220,362,364,362,364,1,406
980223,368,368,368,368,0,406
980224,365,365,362,363,34,430
980225,362.5,362.5,362.5,362.5,27,457
980226,367,368,367,368,11,467
980227,367.5,373.5,367.5,373.5,3,467
980302,375,376,374.75,374.75,3,467
980303,374.25,374.25,374.25,374.25,0,467
980304,370,372,370,372,4,471
980305,370,370,369,370,10,472
980306,370,370,370,370,0,472
980309,373,373,371.5,371.5,13,483
980310,373.5,373.5,373.5,373.5,2,485
980311,378,384,378,380,6,486
980312,380,380,379.5,380,49,518
980313,380,381,377.5,377.5,175,690
980316,376,376,374,374,10,696
980317,376,376,376,376,0,696
980318,377,377.5,371,371,12,692
980319,367.5,367.5,367.5,367.5,3,694
980320,364.5,365,364,365,24,696
980323,362,368,362,368,235,855
980324,368.5,368.75,367,368.75,438,846
980325,368.5,368.5,367,367,114,909
980326,367,367,360,360,165,1037
980327,360,361,359.75,360.5,195,1152
980330,363.5,363.5,363.5,363.5,20,1152
980331,362,362,358,358.5,24,1160
980401,355,355,354,355,82,1226
980402,353,357,353,357,127,1294
980403,353.5,353.5,353,353,304,1460
980406,351,352,345,349,192,1522
980407,349.5,350,345,346,481,1803
980408,346.5,347.5,345.75,346,145,1894
980409,346,346,343.5,343.5,124,1958
980413,342,343.5,342,343.5,64,2002
980414,346.5,348,345,348,44,2018
980415,348,351,348,350,345,2236
980416,349,350,345,350,245,2337
980417,350,350,346.5,347,102,2377
980420,345,345,343.5,344,253,2398
980421,343,347.5,343,347.5,236,2525
980422,342.5,342.5,340.5,341,124,2625
980423,339,339.75,337,339,155,2676
980424,344.5,344.5,340.5,341,231,3079
980427,337,340.5,336.5,339.75,99,3110
980428,343,343.5,340,343.5,144,3160
980429,345,345,339.5,339.75,146,3256
980430,338.5,339.5,336.5,337,298,3459
980501,337,337,335,335.25,152,3470
980504,340,340,335.25,337.75,172,3529
980505,339,342.5,339,342,70,3539
980506,344,350,344,349.5,453,3854
980507,349.5,353.5,346.5,349.25,183,3863
980508,346,347,345.5,346.25,167,3915
980511,339,340,337.5,339.5,315,4045
980512,340,340.5,337,339.75,711,4468
980513,343,344.5,342,343,98,4507
980514,340,343,340,342,357,4675
980515,340,341.5,339.75,341.5,808,4976
980518,342,344,340.5,341,417,5107
980519,340.5,341,337.5,337.75,217,5216
980520,337,341,336,340.75,187,5297
980521,341.5,342.75,336.5,337.5,191,5344
980522,336,338,336,338,365,5176
980526,333,334,330.5,332,327,5254
980527,331.5,331.5,322.75,328,530,5420
980528,329,329,323.5,323.75,458,5565
980529,323.5,325.5,322.75,323.5,901,6140
980601,320.5,323,320.5,323,539,6179
980602,324.5,327,324,327,1081,6637
980603,327.5,328,320.5,320.5,174,6746
980604,320.5,324,319.75,323.5,1178,7327
980605,323,323,321,321.75,322,7490
980608,320,320,315.5,317.5,162,7589
980609,316.5,320,315.5,319.5,870,8038
980610,318,320.5,317.5,319,957,8576
980611,318.5,319.75,317,317,1223,8958
980612,316,319,315.5,318.5,1307,9108
980615,315,316.5,313.5,314.75,1227,9798
980616,315,317.5,314,315.75,300,9856
980617,317,325,317,322.25,984,10230
980618,322,324.5,319.75,321.75,806,10433
980619,328,332,322,323.5,2395,11522
980622,320.5,323.25,320,323,1257,11382
980623,323.5,331,323.5,328,1399,11577
980624,326,334,325,332.5,2512,12774
980625,329,332.25,327,327.5,592,12963
980626,324.5,326.5,321.5,322.25,1359,13405
980629,312,312,308,309.75,1585,13761
980630,312,317,311,316.5,1840,13938
980701,315.5,316,311,312.5,672,14090
980702,311,311.25,307.5,307.75,1161,14237
980706,306,312,305,311.5,1302,14673
980707,312.5,315,312.5,314.25,1636,15112
980708,320,320.5,311.5,312,1187,15245
980709,309.5,310,306.5,307.25,843,15330
980710,301,303.25,300.5,302.5,1230,15751
980713,303,304.5,302.25,304,878,16134
980714,301,301,299,300.25,638,16429
980715,299,300,297.25,298.75,792,16523
980716,300,302.5,298,299.25,1051,16744
980717,302,303.5,300.5,303,2120,17000
980720,304,305.5,302,304.25,952,17061
980721,304,304.5,299,300.75,1011,17338
980722,297,297,295,296.25,2380,17616
980723,295.5,296.5,294.5,294.75,1257,17762
980724,293.5,296.75,293,294.75,1457,17996
980727,291.5,292,290,290.75,704,17933
980728,291,291.5,285.5,285.75,2349,18571
980729,286,286.5,281,282.5,2690,18949
980730,282.5,285,281.75,284.25,1259,18806
980731,284,286.5,283.5,283.75,1171,18820
980803,281.5,282.5,280,281.75,883,18892
980804,280.5,284,278.5,278.75,1708,19024
980805,279.5,280.25,278,278.75,1847,19353
980806,278.5,283.5,278.5,283,1930,19169
980807,284.5,285.75,283,284.25,1856,19157
980810,284,288.5,283.75,288.25,1504,19338
980811,287,288,284.25,286.25,1338,19520
980812,286.25,291.25,284,291,3619,19643
980813,293,293,285.5,286,1684,19380
980814,287,291,286,290.75,1164,19175
980817,294.5,295.5,293,294.25,2692,19555
980818,293,293,288.75,290.5,1774,19530
980819,289.5,292.5,289,289.5,1201,19863
980820,289.5,289.5,286.25,287.5,3336,20884
980821,286,286,284,285,1095,20873
980824,283.5,285.5,281,285.25,2311,21460
980825,284.5,284.5,279,280,3135,21553
980826,278.5,280.25,277.5,278.25,1871,21608
980827,276.5,277.5,273.5,276.75,3838,22625
980828,276.5,277,274,274.5,2918,22844
980831,275,277,269,269.5,3198,23150
980901,268,271.5,266.5,269.25,3611,24038
980902,270.5,274.5,270,272.25,2462,24056
980903,272,276,270.25,275.75,1946,24068
980904,277,282,276.5,277.5,5492,24324
980908,281,281.5,279.5,281,3138,23896
980909,281,281,275,275.75,2195,24060
980910,275.5,279,273.5,278.25,2354,24581
980911,273,274.75,272,274,2420,25157
980914,273.5,279,272.75,278.5,1248,25234
980915,279.75,284.5,278.25,283.25,2747,25459
980916,284,286.5,278.5,278.75,4772,26484
980917,276.5,283,276,281.25,3041,27130
980918,281.5,285.75,280,281.25,2551,27185
980921,278.5,287,278.5,286.25,2252,27873
980922,287.5,289.75,286.5,289.25,4426,28110
980923,289,292,287,289.25,2593,28058
980924,289,294.75,288,293.75,5134,28115
980925,293.5,295.5,290.5,291.25,4638,28546
980928,289,293,289,291.75,1258,28467
980929,291.25,293,291,291.75,1727,28134
980930,289.75,289.75,285,285.25,3181,28431
981001,283.5,284.5,282.5,283.75,2543,28105
981002,285,292,284.5,291.75,5228,28494
981005,294,304,294,301.25,7199,29416
981006,299.5,302,297,298.75,4694,30675
981007,307,311,304,309.25,8889,31847
981008,307.5,314,306.5,313.25,4967,32966
981009,317,319,311,311.75,6050,34276
981012,307,307.5,304.5,305,3244,33286
981013,304.5,313,303.25,310.75,4879,34166
981014,309,311.5,306.5,309,2783,33880
981015,307,308,303.75,306.75,3673,34352
981016,308,311.5,304,310.75,3298,34244
981019,309.5,312.5,307.5,309,3852,34081
981020,308,308,300,301.75,5437,34179
981021,299,303.5,298,302.75,6177,34221
981022,302,310,301.5,309.75,3734,34497
981023,311,312,307.75,310,3090,34726
981026,309,316,308,314.75,4141,34437
981027,315.5,315.5,310.5,310.75,4784,34997
981028,309.5,313.5,308.5,310.5,4689,35297
981029,311,314.25,305,306,4557,35950
981030,307.5,310.75,307,309.5,6468,38117
981102,309,309,300,303.25,9485,40117
981103,302,307,299.25,303.25,5982,41423
981104,299.5,302.5,298.25,299.5,3900,41791
981105,299,304,299,303.5,3725,42319
981106,302.5,307.5,302,306.75,4662,43171
981109,306.75,310,306,309.5,4537,44285
981110,310.5,311,306.5,309.5,6730,46073
981111,308.5,311,306.5,309.75,7519,48915
981112,309.5,312,306.5,308.75,7174,49855
981113,306,307,303.5,303.75,6334,51145
981116,303,305.75,302,303,5841,53151
981117,303.5,305.25,303,304.5,4966,54715
981118,306.5,310,305.5,309.75,9509,55778
981119,309,309.5,306,307.75,6476,56976
981120,306.5,307,300.5,301.5,16720,61494
981123,298,299,292.5,293,21239,63011
981124,293,294,290.5,293,23080,66044
981125,294,295.5,293.5,295,16073,69325
981127,296,297.5,294,294.25,20863,73508
981130,297.5,298.5,292.25,294.25,18398,75055
981201,292,292.5,289,289.5,16720,74354
981202,290,291.75,289.5,289.75,13682,74534
981203,288,289,284.5,285,19548,74793
981204,285,288.75,284.5,286.25,11769,73960
981207,287.5,288,282.5,284.25,17428,74041
981208,283,284,280.25,283.75,12952,73886
981209,283.5,286,275,275.25,30836,75319
981210,275,277.5,272.5,275.75,18009,74614
981211,275.75,277,271.5,272.75,11251,74165
981214,272.5,278,271.25,276,16474,73751
981215,277.5,280.5,274,274.25,11594,73983
981216,276,279,275,278,13541,75164
981217,278.5,281.5,275.5,276.25,17016,74801
981218,274.5,278.5,273,277,11435,74391
981221,279,279.5,273.5,278.5,9065,74107
981222,280.5,281,276,276.75,8304,73808
981223,278.25,280,276,277.75,6330,73185
981224,278.75,283,278.25,282.75,9141,72052
981228,283.5,283.75,280.75,282.5,7310,71765
981229,283,283.5,281.5,281.75,4756,71520
981230,281,281,275,276,12882,71366
981231,275.5,277.5,275,276.25,4287,71642
990104,275.5,279.75,275,279,7985,71421
990105,280.5,281,277.5,280.25,9640,71112
990106,283.5,288,282,287.5,25568,68600
990107,287,289.5,286,287.5,15553,68174
990108,287,294,286.5,291.25,22704,66428
990111,290.5,291,285.5,285.75,13492,65623
990112,285.5,285.5,280,281.5,21697,63558
990113,278,278,271,274.25,27079,64565
990114,274.75,277.5,274,276.5,8737,63367
990115,276.5,278.5,276,277,6909,63118
990119,272,272,266.5,268.5,28577,65870
990120,268,271.5,267.5,270.5,9920,65422
990121,270.5,270.75,263,268,23451,69546
990122,269,272,268,271.25,9642,67571
990125,268,270,267,269.5,7873,66519
990126,271,275,270.5,271,13271,65446
990127,270,273,267.5,272.5,14161,67395
990128,272,276.5,271,273.25,15507,66867
990129,272.5,276,271.5,275.5,14360,64514
990201,273,273.5,268,269.75,16693,66557
990202,271,272.5,269,270.25,10665,65856
990203,274,274.5,265,265.75,20055,67560
990204,266.5,268,266,267.75,7845,65410
990205,268,270,268,269.5,8655,63670
990208,270,270,266,266.5,8991,63348
990209,265,265.25,263.25,264.5,12013,60666
990210,261,267.5,261,267.25,15957,59011
990211,271,271.25,262.25,262.75,16041,56224
990212,262,262.5,257,257.5,13135,54877
990216,258.5,259.5,251.5,252.25,14451,52017
990217,251,255,247,254.75,20284,50200
990218,255,258.5,252,258,17142,45304
990219,258,258,254,254.75,17011,38292
990222,254,254,248.5,251.75,14830,32623
990223,253.5,254.75,251.25,251.75,17426,25007
990224,249,250,243.5,244.25,14364,20589
990225,242,247,238,238.75,17446,15354
990226,239.5,241.5,236.5,237.25,14765,10608
990301,240.5,245.5,240.5,244.5,12299,7410
990302,245.25,253.5,245,253.25,7930,5294
990303,252,255.5,249,250.25,7136,4219
990304,252,257,250,252.5,4681,3317
990305,250,258,249.75,258,3565,3108
990308,260.5,264,260,260.5,4353,2870
990309,259.5,262.5,255.5,255.5,2911,2437
990310,257,265,257,265,2356,1976
990311,266.5,269,264.5,268.25,1811,1453
990312,267,269,264.5,264.5,1489,1054
990315,262,265,260,264.75,393,546
990316,265,269,263,269,118,291
990317,271.5,273.5,270,271.5,128,203
990318,268,268.5,266.5,266.5,58,125
990319,266,268,266,268,23,86
990322,268,272,267,272,150,74
